#time	counts
0	4.57771E-05
0.0122216	0
0.0244432	0
0.0366648	0
0.0488864	0
0.061108	0
0.0733296	0
0.0855512	0
0.0977728	0
0.1099944	0
0.122216	0
0.1344376	0
0.1466592	0
0.1588808	0
0.1711024	0
0.183324	0
0.1955456	0
0.2077672	0
0.2199888	0
0.2322104	0
0.244432	0
0.2566536	0
0.2688752	0
0.2810968	0
0.2933184	0
0.30554	0
0.3177616	0
0.3299832	0
0.3422048	0
0.3544264	0
0.366648	0
0.3788696	0
0.3910912	0
0.4033128	0
0.4155344	0
0.427756	0
0.4399776	0
0.4521992	0
0.4644208	0
0.4766424	0
0.488864	0
0.5010856	1.5259E-05
0.5133072	0
0.5255288	0
0.5377504	6.10361E-05
0.549972	0
0.5621936	0
0.5744152	0
0.5866368	0
0.5988584	0
0.61108	1.5259E-05
0.6233016	0
0.6355232	0
0.6477448	0
0.6599664	0
0.672188	1.5259E-05
0.6844096	1.5259E-05
0.6966312	0
0.7088528	0
0.7210744	0
0.733296	0
0.7455176	0
0.7577392	1.5259E-05
0.7699608	0
0.7821824	0
0.794404	1.5259E-05
0.8066256	1.5259E-05
0.8188472	0
0.8310688	1.5259E-05
0.8432904	1.5259E-05
0.855512	0
0.8677336	0
0.8799552	1.5259E-05
0.8921768	0
0.9043984	1.5259E-05
0.91662	1.5259E-05
0.9288416	1.5259E-05
0.9410632	0
0.9532848	1.5259E-05
0.9655064	1.5259E-05
0.977728	0
0.9899496	0
1.0021712	0
1.0143928	0
1.0266144	1.5259E-05
1.038836	1.5259E-05
1.0510576	0
1.0632792	1.5259E-05
1.0755008	0
1.0877224	0
1.099944	0
1.1121656	0
1.1243872	1.5259E-05
1.1366088	0
1.1488304	0
1.161052	0
1.1732736	0
1.1854952	0
1.1977168	0
1.2099384	3.0518E-05
1.22216	0
1.2343816	1.5259E-05
1.2466032	0
1.2588248	0
1.2710464	3.0518E-05
1.283268	1.5259E-05
1.2954896	1.5259E-05
1.3077112	1.5259E-05
1.3199328	3.0518E-05
1.3321544	0
1.344376	0
1.3565976	0
1.3688192	1.5259E-05
1.3810408	0
1.3932624	0
1.405484	1.5259E-05
1.4177056	0
1.4299272	0
1.4421488	1.5259E-05
1.4543704	1.5259E-05
1.466592	1.5259E-05
1.4788136	1.5259E-05
1.4910352	1.5259E-05
1.5032568	0
1.5154784	1.5259E-05
1.5277	0
1.5399216	3.0518E-05
1.5521432	0
1.5643648	0
1.5765864	1.5259E-05
1.588808	1.5259E-05
1.6010296	3.0518E-05
1.6132512	1.5259E-05
1.6254728	0
1.6376944	0
1.649916	4.57771E-05
1.6621376	1.5259E-05
1.6743592	1.5259E-05
1.6865808	6.10361E-05
1.6988024	3.0518E-05
1.711024	1.5259E-05
1.7232456	0
1.7354672	0
1.7476888	3.0518E-05
1.7599104	1.5259E-05
1.772132	1.5259E-05
1.7843536	0
1.7965752	0
1.8087968	1.5259E-05
1.8210184	1.5259E-05
1.83324	0
1.8454616	1.5259E-05
1.8576832	0
1.8699048	1.5259E-05
1.8821264	1.5259E-05
1.894348	0
1.9065696	1.5259E-05
1.9187912	1.5259E-05
1.9310128	0
1.9432344	1.5259E-05
1.955456	0
1.9676776	1.5259E-05
1.9798992	0
1.9921208	0
2.0043424	3.0518E-05
2.016564	1.5259E-05
2.0287856	0
2.0410072	1.5259E-05
2.0532288	0
2.0654504	0
2.077672	0
2.0898936	1.5259E-05
2.1021152	0
2.1143368	0
2.1265584	1.5259E-05
2.13878	1.5259E-05
2.1510016	0
2.1632232	1.5259E-05
2.1754448	1.5259E-05
2.1876664	1.5259E-05
2.199888	0
2.2121096	3.0518E-05
2.2243312	0
2.2365528	4.57771E-05
2.2487744	3.0518E-05
2.260996	1.5259E-05
2.2732176	0
2.2854392	1.5259E-05
2.2976608	0
2.3098824	1.5259E-05
2.322104	1.5259E-05
2.3343256	0
2.3465472	0
2.3587688	0
2.3709904	0
2.383212	3.0518E-05
2.3954336	1.5259E-05
2.4076552	0
2.4198768	1.5259E-05
2.4320984	0
2.44432	0
2.4565416	1.5259E-05
2.4687632	0
2.4809848	0
2.4932064	0
2.505428	3.0518E-05
2.5176496	0
2.5298712	4.57771E-05
2.5420928	4.57771E-05
2.5543144	0
2.566536	1.5259E-05
2.5787576	1.5259E-05
2.5909792	1.5259E-05
2.6032008	1.5259E-05
2.6154224	1.5259E-05
2.627644	1.5259E-05
2.6398656	0
2.6520872	1.5259E-05
2.6643088	3.0518E-05
2.6765304	3.0518E-05
2.688752	0
2.7009736	3.0518E-05
2.7131952	3.0518E-05
2.7254168	0
2.7376384	0
2.74986	0
2.7620816	3.0518E-05
2.7743032	0
2.7865248	0
2.7987464	1.5259E-05
2.810968	1.5259E-05
2.8231896	0
2.8354112	0
2.8476328	3.0518E-05
2.8598544	3.0518E-05
2.872076	0
2.8842976	0
2.8965192	3.0518E-05
2.9087408	0
2.9209624	3.0518E-05
2.933184	1.5259E-05
2.9454056	1.5259E-05
2.9576272	1.5259E-05
2.9698488	0
2.9820704	0
2.994292	0
3.0065136	1.5259E-05
3.0187352	1.5259E-05
3.0309568	0
3.0431784	4.57771E-05
3.0554	0
3.0676216	0
3.0798432	0
3.0920648	0
3.1042864	1.5259E-05
3.116508	1.5259E-05
3.1287296	1.5259E-05
3.1409512	1.5259E-05
3.1531728	0
3.1653944	1.5259E-05
3.177616	0
3.1898376	0
3.2020592	1.5259E-05
3.2142808	4.57771E-05
3.2265024	1.5259E-05
3.238724	1.5259E-05
3.2509456	1.5259E-05
3.2631672	1.5259E-05
3.2753888	1.5259E-05
3.2876104	1.5259E-05
3.299832	1.5259E-05
3.3120536	0
3.3242752	1.5259E-05
3.3364968	1.5259E-05
3.3487184	0
3.36094	1.5259E-05
3.3731616	1.5259E-05
3.3853832	1.5259E-05
3.3976048	0
3.4098264	0
3.422048	1.5259E-05
3.4342696	1.5259E-05
3.4464912	1.5259E-05
3.4587128	1.5259E-05
3.4709344	0
3.483156	1.5259E-05
3.4953776	3.0518E-05
3.5075992	1.5259E-05
3.5198208	0
3.5320424	1.5259E-05
3.544264	1.5259E-05
3.5564856	1.5259E-05
3.5687072	0
3.5809288	3.0518E-05
3.5931504	3.0518E-05
3.605372	1.5259E-05
3.6175936	1.5259E-05
3.6298152	1.5259E-05
3.6420368	1.5259E-05
3.6542584	1.5259E-05
3.66648	3.0518E-05
3.6787016	1.5259E-05
3.6909232	0
3.7031448	1.5259E-05
3.7153664	0
3.727588	1.5259E-05
3.7398096	1.5259E-05
3.7520312	1.5259E-05
3.7642528	0
3.7764744	1.5259E-05
3.788696	0
3.8009176	1.5259E-05
3.8131392	0
3.8253608	1.5259E-05
3.8375824	0
3.849804	1.5259E-05
3.8620256	1.5259E-05
3.8742472	1.5259E-05
3.8864688	1.5259E-05
3.8986904	0
3.910912	1.5259E-05
3.9231336	1.5259E-05
3.9353552	1.5259E-05
3.9475768	1.5259E-05
3.9597984	1.5259E-05
3.97202	0
3.9842416	0
3.9964632	0
4.0086848	0
4.0209064	0
4.033128	0
4.0453496	4.57771E-05
4.0575712	1.5259E-05
4.0697928	0
4.0820144	1.5259E-05
4.094236	0
4.1064576	1.5259E-05
4.1186792	0
4.1309008	0
4.1431224	0
4.155344	4.57771E-05
4.1675656	1.5259E-05
4.1797872	0
4.1920088	6.10361E-05
4.2042304	0
4.216452	0
4.2286736	1.5259E-05
4.2408952	1.5259E-05
4.2531168	1.5259E-05
4.2653384	3.0518E-05
4.27756	3.0518E-05
4.2897816	1.5259E-05
4.3020032	0
4.3142248	3.0518E-05
4.3264464	0
4.338668	1.5259E-05
4.3508896	0
4.3631112	1.5259E-05
4.3753328	1.5259E-05
4.3875544	0
4.399776	3.0518E-05
4.4119976	0
4.4242192	0
4.4364408	1.5259E-05
4.4486624	3.0518E-05
4.460884	0
4.4731056	0
4.4853272	3.0518E-05
4.4975488	1.5259E-05
4.5097704	1.5259E-05
4.521992	0
4.5342136	0
4.5464352	1.5259E-05
4.5586568	0
4.5708784	0
4.5831	0
4.5953216	1.5259E-05
4.6075432	0
4.6197648	1.5259E-05
4.6319864	0
4.644208	0
4.6564296	3.0518E-05
4.6686512	0
4.6808728	0
4.6930944	3.0518E-05
4.705316	4.57771E-05
4.7175376	0
4.7297592	0
4.7419808	0
4.7542024	0
4.766424	4.57771E-05
4.7786456	1.5259E-05
4.7908672	3.0518E-05
4.8030888	0
4.8153104	1.5259E-05
4.827532	3.0518E-05
4.8397536	1.5259E-05
4.8519752	1.5259E-05
4.8641968	0
4.8764184	1.5259E-05
4.88864	0
4.9008616	0
4.9130832	0
4.9253048	0
4.9375264	0
4.949748	0
4.9619696	3.0518E-05
4.9741912	0
4.9864128	3.0518E-05
4.9986344	0
5.010856	4.57771E-05
5.0230776	0
5.0352992	1.5259E-05
5.0475208	1.5259E-05
5.0597424	1.5259E-05
5.071964	0
5.0841856	0
5.0964072	0
5.1086288	0
5.1208504	1.5259E-05
5.133072	1.5259E-05
5.1452936	0
5.1575152	0
5.1697368	1.5259E-05
5.1819584	1.5259E-05
5.19418	0
5.2064016	0
5.2186232	1.5259E-05
5.2308448	3.0518E-05
5.2430664	0
5.255288	0
5.2675096	0
5.2797312	0
5.2919528	1.5259E-05
5.3041744	3.0518E-05
5.316396	0
5.3286176	0
5.3408392	0
5.3530608	1.5259E-05
5.3652824	3.0518E-05
5.377504	0
5.3897256	1.5259E-05
5.4019472	1.5259E-05
5.4141688	3.0518E-05
5.4263904	0
5.438612	3.0518E-05
5.4508336	0
5.4630552	1.5259E-05
5.4752768	1.5259E-05
5.4874984	1.5259E-05
5.49972	1.5259E-05
5.5119416	1.5259E-05
5.5241632	0
5.5363848	0
5.5486064	0
5.560828	3.0518E-05
5.5730496	1.5259E-05
5.5852712	0
5.5974928	1.5259E-05
5.6097144	0
5.621936	3.0518E-05
5.6341576	1.5259E-05
5.6463792	3.0518E-05
5.6586008	1.5259E-05
5.6708224	0
5.683044	4.57771E-05
5.6952656	4.57771E-05
5.7074872	3.0518E-05
5.7197088	0
5.7319304	1.5259E-05
5.744152	3.0518E-05
5.7563736	0
5.7685952	1.5259E-05
5.7808168	0
5.7930384	3.0518E-05
5.80526	0
5.8174816	0
5.8297032	1.5259E-05
5.8419248	1.5259E-05
5.8541464	0
5.866368	0
5.8785896	1.5259E-05
5.8908112	1.5259E-05
5.9030328	0
5.9152544	1.5259E-05
5.927476	0
5.9396976	3.0518E-05
5.9519192	0
5.9641408	0
5.9763624	1.5259E-05
5.988584	1.5259E-05
6.0008056	0
6.0130272	1.5259E-05
6.0252488	1.5259E-05
6.0374704	0
6.049692	3.0518E-05
6.0619136	0
6.0741352	0
6.0863568	1.5259E-05
6.0985784	1.5259E-05
6.1108	0
6.1230216	3.0518E-05
6.1352432	1.5259E-05
6.1474648	1.5259E-05
6.1596864	0
6.171908	0
6.1841296	0
6.1963512	1.5259E-05
6.2085728	0
6.2207944	0
6.233016	1.5259E-05
6.2452376	0
6.2574592	1.5259E-05
6.2696808	3.0518E-05
6.2819024	0
6.294124	0
6.3063456	1.5259E-05
6.3185672	1.5259E-05
6.3307888	0
6.3430104	3.0518E-05
6.355232	0
6.3674536	0
6.3796752	0
6.3918968	0
6.4041184	0
6.41634	0
6.4285616	0
6.4407832	1.5259E-05
6.4530048	1.5259E-05
6.4652264	3.0518E-05
6.477448	1.5259E-05
6.4896696	0
6.5018912	1.5259E-05
6.5141128	3.0518E-05
6.5263344	0
6.538556	0
6.5507776	0
6.5629992	3.0518E-05
6.5752208	1.5259E-05
6.5874424	0
6.599664	3.0518E-05
6.6118856	0
6.6241072	3.0518E-05
6.6363288	0
6.6485504	0
6.660772	4.57771E-05
6.6729936	3.0518E-05
6.6852152	0
6.6974368	3.0518E-05
6.7096584	0
6.72188	1.5259E-05
6.7341016	0
6.7463232	1.5259E-05
6.7585448	0
6.7707664	0
6.782988	3.0518E-05
6.7952096	0
6.8074312	1.5259E-05
6.8196528	0
6.8318744	0
6.844096	0
6.8563176	0
6.8685392	0
6.8807608	0
6.8929824	0
6.905204	0
6.9174256	0
6.9296472	1.5259E-05
6.9418688	0
6.9540904	1.5259E-05
6.966312	3.0518E-05
6.9785336	1.5259E-05
6.9907552	1.5259E-05
7.0029768	0
7.0151984	0
7.02742	0
7.0396416	4.57771E-05
7.0518632	0
7.0640848	1.5259E-05
7.0763064	1.5259E-05
7.088528	0
7.1007496	1.5259E-05
7.1129712	1.5259E-05
7.1251928	0
7.1374144	0
7.149636	0
7.1618576	1.5259E-05
7.1740792	0
7.1863008	1.5259E-05
7.1985224	0
7.210744	3.0518E-05
7.2229656	0
7.2351872	3.0518E-05
7.2474088	0
7.2596304	0
7.271852	0
7.2840736	3.0518E-05
7.2962952	0
7.3085168	3.0518E-05
7.3207384	1.5259E-05
7.33296	1.5259E-05
7.3451816	0
7.3574032	1.5259E-05
7.3696248	0
7.3818464	4.57771E-05
7.394068	0
7.4062896	0
7.4185112	0
7.4307328	0
7.4429544	1.5259E-05
7.455176	1.5259E-05
7.4673976	1.5259E-05
7.4796192	0
7.4918408	0
7.5040624	0
7.516284	1.5259E-05
7.5285056	1.5259E-05
7.5407272	1.5259E-05
7.5529488	0
7.5651704	0
7.577392	0
7.5896136	1.5259E-05
7.6018352	0
7.6140568	1.5259E-05
7.6262784	1.5259E-05
7.6385	1.5259E-05
7.6507216	1.5259E-05
7.6629432	0
7.6751648	0
7.6873864	1.5259E-05
7.699608	1.5259E-05
7.7118296	0
7.7240512	0
7.7362728	0
7.7484944	0
7.760716	0
7.7729376	0
7.7851592	0
7.7973808	3.0518E-05
7.8096024	0
7.821824	1.5259E-05
7.8340456	1.5259E-05
7.8462672	0
7.8584888	0
7.8707104	1.5259E-05
7.882932	1.5259E-05
7.8951536	1.5259E-05
7.9073752	1.5259E-05
7.9195968	0
7.9318184	0
7.94404	1.5259E-05
7.9562616	4.57771E-05
7.9684832	1.5259E-05
7.9807048	1.5259E-05
7.9929264	1.5259E-05
8.005148	3.0518E-05
8.0173696	0
8.0295912	0
8.0418128	4.57771E-05
8.0540344	0
8.066256	0
8.0784776	0
8.0906992	0
8.1029208	0
8.1151424	1.5259E-05
8.127364	1.5259E-05
8.1395856	1.5259E-05
8.1518072	0
8.1640288	0
8.1762504	0
8.188472	0
8.2006936	0
8.2129152	0
8.2251368	0
8.2373584	0
8.24958	0
8.2618016	4.57771E-05
8.2740232	0
8.2862448	0
8.2984664	0
8.310688	0
8.3229096	0
8.3351312	0
8.3473528	0
8.3595744	1.5259E-05
8.371796	1.5259E-05
8.3840176	1.5259E-05
8.3962392	0
8.4084608	0
8.4206824	0
8.432904	0
8.4451256	1.5259E-05
8.4573472	3.0518E-05
8.4695688	1.5259E-05
8.4817904	1.5259E-05
8.494012	3.0518E-05
8.5062336	0
8.5184552	1.5259E-05
8.5306768	0
8.5428984	0
8.55512	0
8.5673416	3.0518E-05
8.5795632	0
8.5917848	0
8.6040064	0
8.616228	1.5259E-05
8.6284496	0
8.6406712	1.5259E-05
8.6528928	0
8.6651144	0
8.677336	0
8.6895576	1.5259E-05
8.7017792	3.0518E-05
8.7140008	1.5259E-05
8.7262224	1.5259E-05
8.738444	1.5259E-05
8.7506656	1.5259E-05
8.7628872	0
8.7751088	4.57771E-05
8.7873304	1.5259E-05
8.799552	0
8.8117736	1.5259E-05
8.8239952	0
8.8362168	0
8.8484384	0
8.86066	0
8.8728816	1.5259E-05
8.8851032	1.5259E-05
8.8973248	0
8.9095464	1.5259E-05
8.921768	1.5259E-05
8.9339896	1.5259E-05
8.9462112	1.5259E-05
8.9584328	1.5259E-05
8.9706544	1.5259E-05
8.982876	0
8.9950976	0
9.0073192	1.5259E-05
9.0195408	0
9.0317624	1.5259E-05
9.043984	0
9.0562056	1.5259E-05
9.0684272	0.000137331
9.0806488	0.000610361
9.0928704	0.003418021
9.105092	0.014236667
9.1173136	0.039978637
9.1295352	0.09765774
9.1417568	0.201052873
9.1539784	0.337499046
9.1662	0.471061265
9.1784216	0.572808423
9.1906432	0.595437552
9.2028648	0.526115816
9.2150864	0.411261158
9.227308	0.289921416
9.2395296	0.199572747
9.2517512	0.145372702
9.2639728	0.117494469
9.2761944	0.104020752
9.288416	0.097566186
9.3006376	0.093522545
9.3128592	0.082398718
9.3250808	0.072251469
9.3373024	0.059510185
9.349524	0.048233768
9.3617456	0.037521935
9.3739672	0.0330663
9.3861888	0.028534371
9.3984104	0.026855879
9.410632	0.023315785
9.4228536	0.022507057
9.4350752	0.021942473
9.4472968	0.020935378
9.4595184	0.019226368
9.47174	0.018524453
9.4839616	0.01747158
9.4961832	0.018005646
9.5084048	0.01779202
9.5206264	0.018142977
9.532848	0.01747158
9.5450696	0.017715724
9.5572912	0.017746242
9.5695128	0.017822538
9.5817344	0.017349508
9.593956	0.017196918
9.6061776	0.016205081
9.6183992	0.017334249
9.6306208	0.015320058
9.6428424	0.014343481
9.655064	0.012649729
9.6672856	0.010986496
9.6795072	0.009460594
9.6917288	0.007721065
9.7039504	0.006912337
9.716172	0.006301976
9.7283936	0.005065995
9.7406152	0.004501411
9.7528368	0.004425116
9.7650584	0.003631647
9.77728	0.003677424
9.7895016	0.003067063
9.8017232	0.002975509
9.8139448	0.002700847
9.8261664	0.002121004
9.838388	0.002700847
9.8506096	0.00218204
9.8628312	0.001785306
9.8750528	0.001922637
9.8872744	0.001586938
9.899496	0.001663233
9.9117176	0.001495384
9.9239392	0.001266499
9.9361608	0.001464866
9.9483824	0.001235981
9.960604	0.001129168
9.9728256	0.001007095
9.9850472	0.001159686
9.9972688	0.000823987
10.0094904	0.000976577
10.021712	0.000640879
10.0339336	0.000701915
10.0461552	0.000793469
10.0583768	0.000701915
10.0705984	0.000595102
10.08282	0.000427253
10.0950416	0.000503548
10.1072632	0.000396735
10.1194848	0.000427253
10.1317064	0.000457771
10.143928	0.000274662
10.1561496	0.000289921
10.1683712	0.00030518
10.1805928	0.000183108
10.1928144	0.000274662
10.205036	0.000320439
10.2172576	0.000167849
10.2294792	0.000137331
10.2417008	0.000137331
10.2539224	0.00015259
10.266144	0.000183108
10.2783656	0.000183108
10.2905872	0.000122072
10.3028088	0.000106813
10.3150304	7.62951E-05
10.327252	9.15541E-05
10.3394736	0.000122072
10.3516952	4.57771E-05
10.3639168	0.000122072
10.3761384	0.000122072
10.38836	0.000122072
10.4005816	4.57771E-05
10.4128032	7.62951E-05
10.4250248	4.57771E-05
10.4372464	6.10361E-05
10.449468	3.0518E-05
10.4616896	7.62951E-05
10.4739112	1.5259E-05
10.4861328	1.5259E-05
10.4983544	3.0518E-05
10.510576	3.0518E-05
10.5227976	3.0518E-05
10.5350192	3.0518E-05
10.5472408	4.57771E-05
10.5594624	1.5259E-05
10.571684	3.0518E-05
10.5839056	1.5259E-05
10.5961272	1.5259E-05
10.6083488	1.5259E-05
10.6205704	1.5259E-05
10.632792	1.5259E-05
10.6450136	1.5259E-05
10.6572352	1.5259E-05
10.6694568	1.5259E-05
10.6816784	0
10.6939	3.0518E-05
10.7061216	3.0518E-05
10.7183432	1.5259E-05
10.7305648	6.10361E-05
10.7427864	1.5259E-05
10.755008	1.5259E-05
10.7672296	1.5259E-05
10.7794512	1.5259E-05
10.7916728	1.5259E-05
10.8038944	1.5259E-05
10.816116	4.57771E-05
10.8283376	1.5259E-05
10.8405592	0
10.8527808	3.0518E-05
10.8650024	0
10.877224	4.57771E-05
10.8894456	0
10.9016672	1.5259E-05
10.9138888	1.5259E-05
10.9261104	0
10.938332	0
10.9505536	0
10.9627752	1.5259E-05
10.9749968	0
10.9872184	0
10.99944	0
11.0116616	1.5259E-05
11.0238832	1.5259E-05
11.0361048	3.0518E-05
11.0483264	0
11.060548	0
11.0727696	3.0518E-05
11.0849912	0
11.0972128	0
11.1094344	0
11.121656	3.0518E-05
11.1338776	3.0518E-05
11.1460992	0
11.1583208	1.5259E-05
11.1705424	0
11.182764	1.5259E-05
11.1949856	0
11.2072072	0
11.2194288	3.0518E-05
11.2316504	3.0518E-05
11.243872	0
11.2560936	1.5259E-05
11.2683152	0
11.2805368	0
11.2927584	0
11.30498	1.5259E-05
11.3172016	0
11.3294232	0
11.3416448	0
11.3538664	0
11.366088	1.5259E-05
11.3783096	0
11.3905312	0
11.4027528	0
11.4149744	4.57771E-05
11.427196	0
11.4394176	0
11.4516392	1.5259E-05
11.4638608	3.0518E-05
11.4760824	3.0518E-05
11.488304	0
11.5005256	1.5259E-05
11.5127472	3.0518E-05
11.5249688	0
11.5371904	0
11.549412	1.5259E-05
11.5616336	1.5259E-05
11.5738552	1.5259E-05
11.5860768	1.5259E-05
11.5982984	3.0518E-05
11.61052	0
11.6227416	0
11.6349632	3.0518E-05
11.6471848	1.5259E-05
11.6594064	6.10361E-05
11.671628	3.0518E-05
11.6838496	3.0518E-05
11.6960712	3.0518E-05
11.7082928	0
11.7205144	3.0518E-05
11.732736	3.0518E-05
11.7449576	3.0518E-05
11.7571792	0
11.7694008	3.0518E-05
11.7816224	3.0518E-05
11.793844	0
11.8060656	3.0518E-05
11.8182872	4.57771E-05
11.8305088	0
11.8427304	0
11.854952	0
11.8671736	0
11.8793952	0
11.8916168	0
11.9038384	1.5259E-05
11.91606	0
11.9282816	0
11.9405032	0
11.9527248	3.0518E-05
11.9649464	1.5259E-05
11.977168	1.5259E-05
11.9893896	0
12.0016112	1.5259E-05
12.0138328	0
12.0260544	4.57771E-05
12.038276	0
12.0504976	1.5259E-05
12.0627192	1.5259E-05
12.0749408	1.5259E-05
12.0871624	1.5259E-05
12.099384	0
12.1116056	1.5259E-05
12.1238272	0
12.1360488	0
12.1482704	0
12.160492	0
12.1727136	1.5259E-05
12.1849352	1.5259E-05
12.1971568	0
12.2093784	0
12.2216	0
12.2338216	0
12.2460432	1.5259E-05
12.2582648	0
12.2704864	3.0518E-05
12.282708	3.0518E-05
12.2949296	3.0518E-05
12.3071512	3.0518E-05
12.3193728	0
12.3315944	1.5259E-05
12.343816	3.0518E-05
12.3560376	0
12.3682592	1.5259E-05
12.3804808	0.000137331
12.3927024	0.000183108
12.404924	0.000213626
12.4171456	6.10361E-05
12.4293672	0.000167849
12.4415888	0.000198367
12.4538104	0.000213626
12.466032	0.000106813
12.4782536	0.000122072
12.4904752	9.15541E-05
12.5026968	4.57771E-05
12.5149184	3.0518E-05
12.52714	0
12.5393616	4.57771E-05
12.5515832	1.5259E-05
12.5638048	0
12.5760264	0
12.588248	1.5259E-05
12.6004696	0
12.6126912	3.0518E-05
12.6249128	3.0518E-05
12.6371344	0
12.649356	1.5259E-05
12.6615776	0
12.6737992	3.0518E-05
12.6860208	3.0518E-05
12.6982424	0
12.710464	0
12.7226856	7.62951E-05
12.7349072	3.0518E-05
12.7471288	4.57771E-05
12.7593504	0
12.771572	6.10361E-05
12.7837936	3.0518E-05
12.7960152	1.5259E-05
12.8082368	0
12.8204584	1.5259E-05
12.83268	3.0518E-05
12.8449016	1.5259E-05
12.8571232	0
12.8693448	1.5259E-05
12.8815664	1.5259E-05
12.893788	1.5259E-05
12.9060096	3.0518E-05
12.9182312	0
12.9304528	0
12.9426744	4.57771E-05
12.954896	1.5259E-05
12.9671176	0
12.9793392	1.5259E-05
12.9915608	4.57771E-05
13.0037824	3.0518E-05
13.016004	0
13.0282256	0
13.0404472	1.5259E-05
13.0526688	1.5259E-05
13.0648904	0
13.077112	1.5259E-05
13.0893336	0
13.1015552	0
13.1137768	3.0518E-05
13.1259984	1.5259E-05
13.13822	1.5259E-05
13.1504416	0
13.1626632	0
13.1748848	1.5259E-05
13.1871064	3.0518E-05
13.199328	0
13.2115496	0
13.2237712	1.5259E-05
13.2359928	0
13.2482144	3.0518E-05
13.260436	3.0518E-05
13.2726576	4.57771E-05
13.2848792	0
13.2971008	6.10361E-05
13.3093224	6.10361E-05
13.321544	1.5259E-05
13.3337656	7.62951E-05
13.3459872	0.000106813
13.3582088	3.0518E-05
13.3704304	4.57771E-05
13.382652	0
13.3948736	6.10361E-05
13.4070952	3.0518E-05
13.4193168	1.5259E-05
13.4315384	1.5259E-05
13.44376	1.5259E-05
13.4559816	0
13.4682032	1.5259E-05
13.4804248	0
13.4926464	1.5259E-05
13.504868	1.5259E-05
13.5170896	0
13.5293112	0
13.5415328	0
13.5537544	3.0518E-05
13.565976	1.5259E-05
13.5781976	1.5259E-05
13.5904192	0
13.6026408	0
13.6148624	3.0518E-05
13.627084	1.5259E-05
13.6393056	1.5259E-05
13.6515272	1.5259E-05
13.6637488	0
13.6759704	0
13.688192	0
13.7004136	0
13.7126352	0
13.7248568	1.5259E-05
13.7370784	1.5259E-05
13.7493	3.0518E-05
13.7615216	3.0518E-05
13.7737432	0
13.7859648	3.0518E-05
13.7981864	3.0518E-05
13.810408	0
13.8226296	0
13.8348512	0
13.8470728	0
13.8592944	0
13.871516	0
13.8837376	1.5259E-05
13.8959592	0
13.9081808	3.0518E-05
13.9204024	0
13.932624	0
13.9448456	1.5259E-05
13.9570672	3.0518E-05
13.9692888	1.5259E-05
13.9815104	1.5259E-05
13.993732	4.57771E-05
14.0059536	0
14.0181752	0
14.0303968	1.5259E-05
14.0426184	1.5259E-05
14.05484	0
14.0670616	0
14.0792832	4.57771E-05
14.0915048	0
14.1037264	0
14.115948	0
14.1281696	0
14.1403912	3.0518E-05
14.1526128	0
14.1648344	0
14.177056	1.5259E-05
14.1892776	3.0518E-05
14.2014992	1.5259E-05
14.2137208	1.5259E-05
14.2259424	0
14.238164	3.0518E-05
14.2503856	1.5259E-05
14.2626072	3.0518E-05
14.2748288	1.5259E-05
14.2870504	1.5259E-05
14.299272	0
14.3114936	0
14.3237152	1.5259E-05
14.3359368	0
14.3481584	1.5259E-05
14.36038	0
14.3726016	1.5259E-05
14.3848232	0
14.3970448	3.0518E-05
14.4092664	1.5259E-05
14.421488	3.0518E-05
14.4337096	0
14.4459312	1.5259E-05
14.4581528	3.0518E-05
14.4703744	3.0518E-05
14.482596	0
14.4948176	0
14.5070392	0
14.5192608	1.5259E-05
14.5314824	0
14.543704	3.0518E-05
14.5559256	0
14.5681472	0
14.5803688	1.5259E-05
14.5925904	3.0518E-05
14.604812	3.0518E-05
14.6170336	1.5259E-05
14.6292552	1.5259E-05
14.6414768	3.0518E-05
14.6536984	0
14.66592	3.0518E-05
14.6781416	4.57771E-05
14.6903632	4.57771E-05
14.7025848	3.0518E-05
14.7148064	1.5259E-05
14.727028	0
14.7392496	0
14.7514712	0
14.7636928	0
14.7759144	6.10361E-05
14.788136	3.0518E-05
14.8003576	0
14.8125792	0
14.8248008	1.5259E-05
14.8370224	0
14.849244	0
14.8614656	0
14.8736872	0
14.8859088	0
14.8981304	1.5259E-05
14.910352	0
14.9225736	0
14.9347952	0
14.9470168	0
14.9592384	1.5259E-05
14.97146	0
14.9836816	1.5259E-05
14.9959032	1.5259E-05
15.0081248	1.5259E-05
15.0203464	0
15.032568	1.5259E-05
15.0447896	0
15.0570112	0
15.0692328	0
15.0814544	3.0518E-05
15.093676	0
15.1058976	1.5259E-05
15.1181192	1.5259E-05
15.1303408	0
15.1425624	1.5259E-05
15.154784	0
15.1670056	0
15.1792272	0
15.1914488	0
15.2036704	0
15.215892	1.5259E-05
15.2281136	1.5259E-05
15.2403352	0
15.2525568	0
15.2647784	0
15.277	0
15.2892216	3.0518E-05
15.3014432	1.5259E-05
15.3136648	0
15.3258864	0
15.338108	0
15.3503296	0
15.3625512	0
15.3747728	0
15.3869944	0
15.399216	1.5259E-05
15.4114376	0
15.4236592	1.5259E-05
15.4358808	1.5259E-05
15.4481024	0
15.460324	1.5259E-05
15.4725456	0
15.4847672	0
15.4969888	0
15.5092104	1.5259E-05
15.521432	1.5259E-05
15.5336536	0
15.5458752	1.5259E-05
15.5580968	1.5259E-05
15.5703184	1.5259E-05
15.58254	3.0518E-05
15.5947616	0
15.6069832	0
15.6192048	1.5259E-05
15.6314264	0
15.643648	0
15.6558696	4.57771E-05
15.6680912	1.5259E-05
15.6803128	3.0518E-05
15.6925344	1.5259E-05
15.704756	0
15.7169776	0
15.7291992	0
15.7414208	0
15.7536424	3.0518E-05
15.765864	0
15.7780856	3.0518E-05
15.7903072	1.5259E-05
15.8025288	1.5259E-05
15.8147504	0
15.826972	3.0518E-05
15.8391936	3.0518E-05
15.8514152	1.5259E-05
15.8636368	0
15.8758584	1.5259E-05
15.88808	3.0518E-05
15.9003016	3.0518E-05
15.9125232	1.5259E-05
15.9247448	0
15.9369664	0
15.949188	0
15.9614096	0
15.9736312	1.5259E-05
15.9858528	0
15.9980744	0
16.010296	0
16.0225176	0
16.0347392	1.5259E-05
16.0469608	3.0518E-05
16.0591824	1.5259E-05
16.071404	1.5259E-05
16.0836256	3.0518E-05
16.0958472	1.5259E-05
16.1080688	1.5259E-05
16.1202904	1.5259E-05
16.132512	3.0518E-05
16.1447336	1.5259E-05
16.1569552	0
16.1691768	1.5259E-05
16.1813984	0
16.19362	1.5259E-05
16.2058416	1.5259E-05
16.2180632	0
16.2302848	0
16.2425064	1.5259E-05
16.254728	1.5259E-05
16.2669496	0
16.2791712	1.5259E-05
16.2913928	1.5259E-05
16.3036144	0
16.315836	1.5259E-05
16.3280576	1.5259E-05
16.3402792	0
16.3525008	0
16.3647224	0
16.376944	3.0518E-05
16.3891656	1.5259E-05
16.4013872	0
16.4136088	0
16.4258304	1.5259E-05
16.438052	1.5259E-05
16.4502736	0
16.4624952	1.5259E-05
16.4747168	1.5259E-05
16.4869384	1.5259E-05
16.49916	3.0518E-05
16.5113816	3.0518E-05
16.5236032	0
16.5358248	0
16.5480464	1.5259E-05
16.560268	3.0518E-05
16.5724896	0
16.5847112	0
16.5969328	1.5259E-05
16.6091544	0
16.621376	3.0518E-05
16.6335976	0
16.6458192	0
16.6580408	3.0518E-05
16.6702624	1.5259E-05
16.682484	1.5259E-05
16.6947056	3.0518E-05
16.7069272	0
16.7191488	1.5259E-05
16.7313704	0
16.743592	1.5259E-05
16.7558136	0
16.7680352	0
16.7802568	0
16.7924784	0
16.8047	0
16.8169216	0
16.8291432	1.5259E-05
16.8413648	0
16.8535864	1.5259E-05
16.865808	1.5259E-05
16.8780296	1.5259E-05
16.8902512	1.5259E-05
16.9024728	1.5259E-05
16.9146944	0
16.926916	0
16.9391376	0
16.9513592	6.10361E-05
16.9635808	0
16.9758024	0
16.988024	0
17.0002456	1.5259E-05
17.0124672	1.5259E-05
17.0246888	0
17.0369104	1.5259E-05
17.049132	0
17.0613536	3.0518E-05
17.0735752	1.5259E-05
17.0857968	0
17.0980184	3.0518E-05
17.11024	0
17.1224616	0
17.1346832	0
17.1469048	1.5259E-05
17.1591264	1.5259E-05
17.171348	0
17.1835696	1.5259E-05
17.1957912	0
17.2080128	1.5259E-05
17.2202344	1.5259E-05
17.232456	0
17.2446776	0
17.2568992	0
17.2691208	1.5259E-05
17.2813424	0
17.293564	1.5259E-05
17.3057856	0
17.3180072	0
17.3302288	6.10361E-05
17.3424504	0
17.354672	0
17.3668936	0
17.3791152	0
17.3913368	1.5259E-05
17.4035584	0
17.41578	6.10361E-05
17.4280016	1.5259E-05
17.4402232	1.5259E-05
17.4524448	3.0518E-05
17.4646664	1.5259E-05
17.476888	0
17.4891096	0
17.5013312	0
17.5135528	3.0518E-05
17.5257744	0
17.537996	0
17.5502176	0
17.5624392	0
17.5746608	1.5259E-05
17.5868824	3.0518E-05
17.599104	1.5259E-05
17.6113256	1.5259E-05
17.6235472	1.5259E-05
17.6357688	4.57771E-05
17.6479904	0
17.660212	1.5259E-05
17.6724336	0
17.6846552	1.5259E-05
17.6968768	0
17.7090984	1.5259E-05
17.72132	0
17.7335416	0
17.7457632	4.57771E-05
17.7579848	1.5259E-05
17.7702064	0
17.782428	0
17.7946496	1.5259E-05
17.8068712	0
17.8190928	4.57771E-05
17.8313144	1.5259E-05
17.843536	0
17.8557576	0
17.8679792	3.0518E-05
17.8802008	0
17.8924224	0
17.904644	1.5259E-05
17.9168656	0
17.9290872	3.0518E-05
17.9413088	0
17.9535304	1.5259E-05
17.965752	1.5259E-05
17.9779736	0
17.9901952	1.5259E-05
18.0024168	0
18.0146384	0
18.02686	3.0518E-05
18.0390816	1.5259E-05
18.0513032	1.5259E-05
18.0635248	3.0518E-05
18.0757464	1.5259E-05
18.087968	0
18.1001896	3.0518E-05
18.1124112	1.5259E-05
18.1246328	0
18.1368544	0
18.149076	0
18.1612976	0
18.1735192	0
18.1857408	1.5259E-05
18.1979624	0
18.210184	0
18.2224056	0
18.2346272	0
18.2468488	0
18.2590704	0
18.271292	0
18.2835136	0
18.2957352	1.5259E-05
18.3079568	1.5259E-05
18.3201784	0
18.3324	0
18.3446216	0
18.3568432	0
18.3690648	1.5259E-05
18.3812864	0
18.393508	1.5259E-05
18.4057296	0
18.4179512	0
18.4301728	0
18.4423944	0
18.454616	1.5259E-05
18.4668376	1.5259E-05
18.4790592	1.5259E-05
18.4912808	0
18.5035024	0
18.515724	1.5259E-05
18.5279456	0
18.5401672	1.5259E-05
18.5523888	1.5259E-05
18.5646104	3.0518E-05
18.576832	3.0518E-05
18.5890536	0
18.6012752	0
18.6134968	1.5259E-05
18.6257184	0
18.63794	1.5259E-05
18.6501616	0
18.6623832	0
18.6746048	3.0518E-05
18.6868264	0
18.699048	1.5259E-05
18.7112696	0
18.7234912	0
18.7357128	4.57771E-05
18.7479344	0
18.760156	1.5259E-05
18.7723776	0
18.7845992	0
18.7968208	1.5259E-05
18.8090424	0
18.821264	1.5259E-05
18.8334856	0
18.8457072	3.0518E-05
18.8579288	1.5259E-05
18.8701504	0
18.882372	1.5259E-05
18.8945936	1.5259E-05
18.9068152	1.5259E-05
18.9190368	1.5259E-05
18.9312584	1.5259E-05
18.94348	1.5259E-05
18.9557016	1.5259E-05
18.9679232	0
18.9801448	1.5259E-05
18.9923664	1.5259E-05
19.004588	1.5259E-05
19.0168096	1.5259E-05
19.0290312	1.5259E-05
19.0412528	4.57771E-05
19.0534744	1.5259E-05
19.065696	0
19.0779176	1.5259E-05
19.0901392	3.0518E-05
19.1023608	1.5259E-05
19.1145824	0
19.126804	0
19.1390256	0
19.1512472	3.0518E-05
19.1634688	1.5259E-05
19.1756904	1.5259E-05
19.187912	1.5259E-05
19.2001336	0
19.2123552	1.5259E-05
19.2245768	0
19.2367984	1.5259E-05
19.24902	4.57771E-05
19.2612416	3.0518E-05
19.2734632	1.5259E-05
19.2856848	0
19.2979064	3.0518E-05
19.310128	0
19.3223496	0
19.3345712	0
19.3467928	1.5259E-05
19.3590144	0
19.371236	0
19.3834576	3.0518E-05
19.3956792	1.5259E-05
19.4079008	0
19.4201224	0
19.432344	0
19.4445656	3.0518E-05
19.4567872	0
19.4690088	4.57771E-05
19.4812304	0
19.493452	1.5259E-05
19.5056736	1.5259E-05
19.5178952	0
19.5301168	0
19.5423384	3.0518E-05
19.55456	0
19.5667816	1.5259E-05
19.5790032	1.5259E-05
19.5912248	3.0518E-05
19.6034464	4.57771E-05
19.615668	0
19.6278896	1.5259E-05
19.6401112	1.5259E-05
19.6523328	1.5259E-05
19.6645544	1.5259E-05
19.676776	1.5259E-05
19.6889976	1.5259E-05
19.7012192	3.0518E-05
19.7134408	1.5259E-05
19.7256624	0
19.737884	0
19.7501056	3.0518E-05
19.7623272	1.5259E-05
19.7745488	1.5259E-05
19.7867704	0
19.798992	1.5259E-05
19.8112136	0
19.8234352	0
19.8356568	0
19.8478784	1.5259E-05
19.8601	3.0518E-05
19.8723216	0
19.8845432	4.57771E-05
19.8967648	1.5259E-05
19.9089864	0
19.921208	0
19.9334296	4.57771E-05
19.9456512	0
19.9578728	0
19.9700944	3.0518E-05
19.982316	1.5259E-05
19.9945376	0
20.0067592	0
20.0189808	0
20.0312024	3.0518E-05
20.043424	0
20.0556456	1.5259E-05
20.0678672	0
20.0800888	1.5259E-05
20.0923104	0
20.104532	0
20.1167536	0
20.1289752	1.5259E-05
20.1411968	0
20.1534184	1.5259E-05
20.16564	0
20.1778616	0
20.1900832	0
20.2023048	1.5259E-05
20.2145264	0
20.226748	0
20.2389696	1.5259E-05
20.2511912	1.5259E-05
20.2634128	1.5259E-05
20.2756344	3.0518E-05
20.287856	1.5259E-05
20.3000776	0
20.3122992	0
20.3245208	0
20.3367424	4.57771E-05
20.348964	0
20.3611856	1.5259E-05
20.3734072	4.57771E-05
20.3856288	0
20.3978504	0
20.410072	0
20.4222936	0
20.4345152	4.57771E-05
20.4467368	3.0518E-05
20.4589584	0
20.47118	0
20.4834016	1.5259E-05
20.4956232	0
20.5078448	3.0518E-05
20.5200664	1.5259E-05
20.532288	1.5259E-05
20.5445096	0
20.5567312	1.5259E-05
20.5689528	0
20.5811744	0
20.593396	1.5259E-05
20.6056176	1.5259E-05
20.6178392	0
20.6300608	0
20.6422824	1.5259E-05
20.654504	1.5259E-05
20.6667256	3.0518E-05
20.6789472	0
20.6911688	0
20.7033904	3.0518E-05
20.715612	1.5259E-05
20.7278336	0
20.7400552	1.5259E-05
20.7522768	1.5259E-05
20.7644984	1.5259E-05
20.77672	0
20.7889416	0
20.8011632	1.5259E-05
20.8133848	1.5259E-05
20.8256064	1.5259E-05
20.837828	1.5259E-05
20.8500496	0
20.8622712	0
20.8744928	0
20.8867144	0
20.898936	0
20.9111576	0
20.9233792	3.0518E-05
20.9356008	0
20.9478224	1.5259E-05
20.960044	1.5259E-05
20.9722656	0
20.9844872	0
20.9967088	0
21.0089304	0
21.021152	0
21.0333736	0
21.0455952	0
21.0578168	0
21.0700384	1.5259E-05
21.08226	1.5259E-05
21.0944816	0
21.1067032	0
21.1189248	3.0518E-05
21.1311464	1.5259E-05
21.143368	1.5259E-05
21.1555896	0
21.1678112	0
21.1800328	0
21.1922544	1.5259E-05
21.204476	0
21.2166976	1.5259E-05
21.2289192	1.5259E-05
21.2411408	0
21.2533624	0
21.265584	1.5259E-05
21.2778056	0
21.2900272	1.5259E-05
21.3022488	3.0518E-05
21.3144704	1.5259E-05
21.326692	1.5259E-05
21.3389136	0
21.3511352	1.5259E-05
21.3633568	0
21.3755784	3.0518E-05
21.3878	0
21.4000216	0
21.4122432	0
21.4244648	0
21.4366864	4.57771E-05
21.448908	3.0518E-05
21.4611296	1.5259E-05
21.4733512	0
21.4855728	1.5259E-05
21.4977944	0
21.510016	1.5259E-05
21.5222376	3.0518E-05
21.5344592	1.5259E-05
21.5466808	0
21.5589024	1.5259E-05
21.571124	1.5259E-05
21.5833456	0
21.5955672	0
21.6077888	1.5259E-05
21.6200104	0
21.632232	0
21.6444536	1.5259E-05
21.6566752	1.5259E-05
21.6688968	1.5259E-05
21.6811184	0
21.69334	0
21.7055616	1.5259E-05
21.7177832	0
21.7300048	1.5259E-05
21.7422264	1.5259E-05
21.754448	1.5259E-05
21.7666696	1.5259E-05
21.7788912	0
21.7911128	1.5259E-05
21.8033344	1.5259E-05
21.815556	1.5259E-05
21.8277776	1.5259E-05
21.8399992	1.5259E-05
21.8522208	1.5259E-05
21.8644424	0
21.876664	3.0518E-05
21.8888856	0
21.9011072	0
21.9133288	0
21.9255504	1.5259E-05
21.937772	1.5259E-05
21.9499936	1.5259E-05
21.9622152	0
21.9744368	1.5259E-05
21.9866584	1.5259E-05
21.99888	1.5259E-05
22.0111016	0
22.0233232	3.0518E-05
22.0355448	0
22.0477664	0
22.059988	4.57771E-05
22.0722096	1.5259E-05
22.0844312	0
22.0966528	0
22.1088744	4.57771E-05
22.121096	1.5259E-05
22.1333176	1.5259E-05
22.1455392	0
22.1577608	0
22.1699824	1.5259E-05
22.182204	0
22.1944256	0
22.2066472	1.5259E-05
22.2188688	1.5259E-05
22.2310904	0
22.243312	1.5259E-05
22.2555336	0
22.2677552	0
22.2799768	1.5259E-05
22.2921984	1.5259E-05
22.30442	0
22.3166416	0
22.3288632	1.5259E-05
22.3410848	0
22.3533064	0
22.365528	3.0518E-05
22.3777496	0
22.3899712	1.5259E-05
22.4021928	1.5259E-05
22.4144144	0
22.426636	3.0518E-05
22.4388576	0
22.4510792	0
22.4633008	0
22.4755224	0
22.487744	1.5259E-05
22.4999656	0
22.5121872	1.5259E-05
22.5244088	1.5259E-05
22.5366304	0
22.548852	1.5259E-05
22.5610736	0
22.5732952	0
22.5855168	1.5259E-05
22.5977384	3.0518E-05
22.60996	0
22.6221816	1.5259E-05
22.6344032	0
22.6466248	0
22.6588464	0
22.671068	0
22.6832896	3.0518E-05
22.6955112	0
22.7077328	1.5259E-05
22.7199544	3.0518E-05
22.732176	1.5259E-05
22.7443976	0
22.7566192	0
22.7688408	0
22.7810624	0
22.793284	1.5259E-05
22.8055056	1.5259E-05
22.8177272	0
22.8299488	1.5259E-05
22.8421704	0
22.854392	0
22.8666136	0
22.8788352	0
22.8910568	0
22.9032784	4.57771E-05
22.9155	0
22.9277216	0
22.9399432	1.5259E-05
22.9521648	0
22.9643864	0
22.976608	1.5259E-05
22.9888296	0
23.0010512	0
23.0132728	3.0518E-05
23.0254944	0
23.037716	0
23.0499376	3.0518E-05
23.0621592	3.0518E-05
23.0743808	3.0518E-05
23.0866024	1.5259E-05
23.098824	1.5259E-05
23.1110456	6.10361E-05
23.1232672	0
23.1354888	0
23.1477104	0
23.159932	1.5259E-05
23.1721536	4.57771E-05
23.1843752	0
23.1965968	1.5259E-05
23.2088184	0
23.22104	1.5259E-05
23.2332616	0
23.2454832	0
23.2577048	0
23.2699264	0
23.282148	0
23.2943696	0
23.3065912	0
23.3188128	1.5259E-05
23.3310344	1.5259E-05
23.343256	3.0518E-05
23.3554776	0
23.3676992	3.0518E-05
23.3799208	0
23.3921424	0
23.404364	0
23.4165856	0
23.4288072	1.5259E-05
23.4410288	0
23.4532504	0
23.465472	1.5259E-05
23.4776936	3.0518E-05
23.4899152	0
23.5021368	0
23.5143584	1.5259E-05
23.52658	0
23.5388016	0
23.5510232	1.5259E-05
23.5632448	0
23.5754664	3.0518E-05
23.587688	0
23.5999096	0
23.6121312	0
23.6243528	0
23.6365744	0
23.648796	0
23.6610176	1.5259E-05
23.6732392	0
23.6854608	3.0518E-05
23.6976824	0
23.709904	1.5259E-05
23.7221256	1.5259E-05
23.7343472	1.5259E-05
23.7465688	1.5259E-05
23.7587904	1.5259E-05
23.771012	3.0518E-05
23.7832336	0
23.7954552	0
23.8076768	0
23.8198984	1.5259E-05
23.83212	1.5259E-05
23.8443416	1.5259E-05
23.8565632	0
23.8687848	3.0518E-05
23.8810064	0
23.893228	1.5259E-05
23.9054496	1.5259E-05
23.9176712	0
23.9298928	3.0518E-05
23.9421144	0
23.954336	0
23.9665576	1.5259E-05
23.9787792	0
23.9910008	1.5259E-05
24.0032224	4.57771E-05
24.015444	1.5259E-05
24.0276656	0
24.0398872	1.5259E-05
24.0521088	0
24.0643304	1.5259E-05
24.076552	1.5259E-05
24.0887736	0
24.1009952	0
24.1132168	1.5259E-05
24.1254384	1.5259E-05
24.13766	0
24.1498816	0
24.1621032	3.0518E-05
24.1743248	1.5259E-05
24.1865464	1.5259E-05
24.198768	0
24.2109896	1.5259E-05
24.2232112	1.5259E-05
24.2354328	0
24.2476544	0
24.259876	0
24.2720976	1.5259E-05
24.2843192	0
24.2965408	3.0518E-05
24.3087624	3.0518E-05
24.320984	1.5259E-05
24.3332056	3.0518E-05
24.3454272	0
24.3576488	1.5259E-05
24.3698704	1.5259E-05
24.382092	1.5259E-05
24.3943136	0
24.4065352	0
24.4187568	1.5259E-05
24.4309784	0
24.4432	0
24.4554216	0
24.4676432	0
24.4798648	1.5259E-05
24.4920864	1.5259E-05
24.504308	1.5259E-05
24.5165296	1.5259E-05
24.5287512	1.5259E-05
24.5409728	3.0518E-05
24.5531944	3.0518E-05
24.565416	1.5259E-05
24.5776376	0
24.5898592	1.5259E-05
24.6020808	1.5259E-05
24.6143024	4.57771E-05
24.626524	0
24.6387456	0
24.6509672	3.0518E-05
24.6631888	0
24.6754104	0
24.687632	1.5259E-05
24.6998536	1.5259E-05
24.7120752	1.5259E-05
24.7242968	0
24.7365184	1.5259E-05
24.74874	1.5259E-05
24.7609616	0
24.7731832	6.10361E-05
24.7854048	1.5259E-05
24.7976264	0
24.809848	1.5259E-05
24.8220696	0
24.8342912	1.5259E-05
24.8465128	1.5259E-05
24.8587344	0
24.870956	3.0518E-05
24.8831776	0
24.8953992	0
24.9076208	3.0518E-05
24.9198424	1.5259E-05
24.932064	1.5259E-05
24.9442856	0
24.9565072	1.5259E-05
24.9687288	0
24.9809504	3.0518E-05
24.993172	1.5259E-05
25.0053936	0
25.0176152	3.0518E-05
25.0298368	1.5259E-05
25.0420584	3.0518E-05
25.05428	0
25.0665016	4.57771E-05
25.0787232	1.5259E-05
25.0909448	0
25.1031664	1.5259E-05
25.115388	3.0518E-05
25.1276096	0
25.1398312	0
25.1520528	0
25.1642744	0
25.176496	0
25.1887176	0
25.2009392	3.0518E-05
25.2131608	1.5259E-05
25.2253824	1.5259E-05
25.237604	1.5259E-05
25.2498256	3.0518E-05
25.2620472	3.0518E-05
25.2742688	1.5259E-05
25.2864904	3.0518E-05
25.298712	1.5259E-05
25.3109336	1.5259E-05
25.3231552	1.5259E-05
25.3353768	3.0518E-05
25.3475984	0
25.35982	0
25.3720416	1.5259E-05
25.3842632	0
25.3964848	1.5259E-05
25.4087064	1.5259E-05
25.420928	0
25.4331496	1.5259E-05
25.4453712	0
25.4575928	0
25.4698144	1.5259E-05
25.482036	0
25.4942576	0
25.5064792	3.0518E-05
25.5187008	1.5259E-05
25.5309224	0
25.543144	0
25.5553656	1.5259E-05
25.5675872	1.5259E-05
25.5798088	1.5259E-05
25.5920304	1.5259E-05
25.604252	1.5259E-05
25.6164736	1.5259E-05
25.6286952	0
25.6409168	0
25.6531384	1.5259E-05
25.66536	1.5259E-05
25.6775816	3.0518E-05
25.6898032	0
25.7020248	0
25.7142464	0
25.726468	0
25.7386896	1.5259E-05
25.7509112	1.5259E-05
25.7631328	1.5259E-05
25.7753544	0
25.787576	0
25.7997976	0
25.8120192	0
25.8242408	4.57771E-05
25.8364624	0
25.848684	1.5259E-05
25.8609056	1.5259E-05
25.8731272	0
25.8853488	3.0518E-05
25.8975704	1.5259E-05
25.909792	1.5259E-05
25.9220136	0
25.9342352	0
25.9464568	1.5259E-05
25.9586784	0
25.9709	0
25.9831216	0
25.9953432	1.5259E-05
26.0075648	1.5259E-05
26.0197864	1.5259E-05
26.032008	1.5259E-05
26.0442296	0
26.0564512	1.5259E-05
26.0686728	1.5259E-05
26.0808944	3.0518E-05
26.093116	1.5259E-05
26.1053376	1.5259E-05
26.1175592	0
26.1297808	0
26.1420024	0
26.154224	3.0518E-05
26.1664456	4.57771E-05
26.1786672	0
26.1908888	3.0518E-05
26.2031104	0
26.215332	0
26.2275536	0
26.2397752	1.5259E-05
26.2519968	0
26.2642184	3.0518E-05
26.27644	3.0518E-05
26.2886616	0
26.3008832	0
26.3131048	4.57771E-05
26.3253264	0
26.337548	1.5259E-05
26.3497696	3.0518E-05
26.3619912	0
26.3742128	0
26.3864344	0
26.398656	1.5259E-05
26.4108776	1.5259E-05
26.4230992	1.5259E-05
26.4353208	0
26.4475424	0
26.459764	1.5259E-05
26.4719856	0
26.4842072	0
26.4964288	0
26.5086504	1.5259E-05
26.520872	0
26.5330936	3.0518E-05
26.5453152	1.5259E-05
26.5575368	3.0518E-05
26.5697584	0
26.58198	0
26.5942016	0
26.6064232	1.5259E-05
26.6186448	1.5259E-05
26.6308664	3.0518E-05
26.643088	0
26.6553096	3.0518E-05
26.6675312	0
26.6797528	3.0518E-05
26.6919744	0
26.704196	3.0518E-05
26.7164176	4.57771E-05
26.7286392	0
26.7408608	3.0518E-05
26.7530824	0
26.765304	0
26.7775256	3.0518E-05
26.7897472	0
26.8019688	0
26.8141904	0
26.826412	4.57771E-05
26.8386336	3.0518E-05
26.8508552	0
26.8630768	0
26.8752984	0
26.88752	3.0518E-05
26.8997416	1.5259E-05
26.9119632	3.0518E-05
26.9241848	0
26.9364064	1.5259E-05
26.948628	0
26.9608496	1.5259E-05
26.9730712	0
26.9852928	0
26.9975144	0
27.009736	1.5259E-05
27.0219576	0
27.0341792	1.5259E-05
27.0464008	1.5259E-05
27.0586224	0
27.070844	0
27.0830656	0
27.0952872	1.5259E-05
27.1075088	1.5259E-05
27.1197304	0
27.131952	1.5259E-05
27.1441736	0
27.1563952	3.0518E-05
27.1686168	1.5259E-05
27.1808384	0
27.19306	0
27.2052816	1.5259E-05
27.2175032	0
27.2297248	1.5259E-05
27.2419464	0
27.254168	0
27.2663896	1.5259E-05
27.2786112	3.0518E-05
27.2908328	0
27.3030544	1.5259E-05
27.315276	1.5259E-05
27.3274976	3.0518E-05
27.3397192	0
27.3519408	0
27.3641624	0
27.376384	0
27.3886056	0
27.4008272	0
27.4130488	0
27.4252704	0
27.437492	0
27.4497136	1.5259E-05
27.4619352	0
27.4741568	0
27.4863784	0
27.4986	1.5259E-05
27.5108216	1.5259E-05
27.5230432	3.0518E-05
27.5352648	1.5259E-05
27.5474864	0
27.559708	0
27.5719296	0
27.5841512	0
27.5963728	1.5259E-05
27.6085944	0
27.620816	0
27.6330376	0
27.6452592	1.5259E-05
27.6574808	0
27.6697024	3.0518E-05
27.681924	0
27.6941456	1.5259E-05
27.7063672	3.0518E-05
27.7185888	0
27.7308104	1.5259E-05
27.743032	1.5259E-05
27.7552536	1.5259E-05
27.7674752	3.0518E-05
27.7796968	3.0518E-05
27.7919184	0
27.80414	0
27.8163616	1.5259E-05
27.8285832	3.0518E-05
27.8408048	1.5259E-05
27.8530264	0
27.865248	3.0518E-05
27.8774696	1.5259E-05
27.8896912	0
27.9019128	0
27.9141344	3.0518E-05
27.926356	0
27.9385776	1.5259E-05
27.9507992	0
27.9630208	0
27.9752424	0
27.987464	1.5259E-05
27.9996856	1.5259E-05
28.0119072	3.0518E-05
28.0241288	0
28.0363504	3.0518E-05
28.048572	1.5259E-05
28.0607936	0
28.0730152	4.57771E-05
28.0852368	0
28.0974584	1.5259E-05
28.10968	1.5259E-05
28.1219016	3.0518E-05
28.1341232	0
28.1463448	0
28.1585664	1.5259E-05
28.170788	1.5259E-05
28.1830096	1.5259E-05
28.1952312	6.10361E-05
28.2074528	0
28.2196744	0
28.231896	0
28.2441176	1.5259E-05
28.2563392	0
28.2685608	0
28.2807824	0
28.293004	0
28.3052256	0
28.3174472	0
28.3296688	3.0518E-05
28.3418904	4.57771E-05
28.354112	0
28.3663336	3.0518E-05
28.3785552	0
28.3907768	3.0518E-05
28.4029984	0
28.41522	1.5259E-05
28.4274416	3.0518E-05
28.4396632	0
28.4518848	1.5259E-05
28.4641064	3.0518E-05
28.476328	1.5259E-05
28.4885496	0
28.5007712	0
28.5129928	4.57771E-05
28.5252144	1.5259E-05
28.537436	0
28.5496576	1.5259E-05
28.5618792	0
28.5741008	1.5259E-05
28.5863224	0
28.598544	1.5259E-05
28.6107656	3.0518E-05
28.6229872	0
28.6352088	3.0518E-05
28.6474304	1.5259E-05
28.659652	1.5259E-05
28.6718736	0
28.6840952	6.10361E-05
28.6963168	0
28.7085384	1.5259E-05
28.72076	1.5259E-05
28.7329816	1.5259E-05
28.7452032	0
28.7574248	1.5259E-05
28.7696464	3.0518E-05
28.781868	0
28.7940896	0
28.8063112	0
28.8185328	0
28.8307544	4.57771E-05
28.842976	0
28.8551976	3.0518E-05
28.8674192	3.0518E-05
28.8796408	0
28.8918624	1.5259E-05
28.904084	0
28.9163056	0
28.9285272	1.5259E-05
28.9407488	1.5259E-05
28.9529704	0
28.965192	0
28.9774136	3.0518E-05
28.9896352	0
29.0018568	1.5259E-05
29.0140784	3.0518E-05
29.0263	0
29.0385216	3.0518E-05
29.0507432	1.5259E-05
29.0629648	0
29.0751864	1.5259E-05
29.087408	1.5259E-05
29.0996296	3.0518E-05
29.1118512	0
29.1240728	1.5259E-05
29.1362944	0
29.148516	1.5259E-05
29.1607376	1.5259E-05
29.1729592	1.5259E-05
29.1851808	0
29.1974024	0
29.209624	0
29.2218456	1.5259E-05
29.2340672	1.5259E-05
29.2462888	1.5259E-05
29.2585104	0
29.270732	0
29.2829536	1.5259E-05
29.2951752	1.5259E-05
29.3073968	0
29.3196184	0
29.33184	4.57771E-05
29.3440616	0
29.3562832	0
29.3685048	0
29.3807264	3.0518E-05
29.392948	0
29.4051696	1.5259E-05
29.4173912	3.0518E-05
29.4296128	0
29.4418344	1.5259E-05
29.454056	0
29.4662776	0
29.4784992	1.5259E-05
29.4907208	1.5259E-05
29.5029424	1.5259E-05
29.515164	1.5259E-05
29.5273856	0
29.5396072	3.0518E-05
29.5518288	0
29.5640504	3.0518E-05
29.576272	1.5259E-05
29.5884936	0
29.6007152	0
29.6129368	1.5259E-05
29.6251584	0
29.63738	3.0518E-05
29.6496016	1.5259E-05
29.6618232	0
29.6740448	1.5259E-05
29.6862664	0
29.698488	0
29.7107096	0
29.7229312	3.0518E-05
29.7351528	0
29.7473744	3.0518E-05
29.759596	1.5259E-05
29.7718176	0
29.7840392	1.5259E-05
29.7962608	0
29.8084824	0
29.820704	1.5259E-05
29.8329256	0
29.8451472	1.5259E-05
29.8573688	1.5259E-05
29.8695904	1.5259E-05
29.881812	3.0518E-05
29.8940336	1.5259E-05
29.9062552	3.0518E-05
29.9184768	1.5259E-05
29.9306984	0
29.94292	3.0518E-05
29.9551416	0
29.9673632	0
29.9795848	0
29.9918064	1.5259E-05
30.004028	0
30.0162496	0
30.0284712	1.5259E-05
30.0406928	0
30.0529144	3.0518E-05
30.065136	1.5259E-05
30.0773576	3.0518E-05
30.0895792	1.5259E-05
30.1018008	4.57771E-05
30.1140224	0
30.126244	1.5259E-05
30.1384656	1.5259E-05
30.1506872	1.5259E-05
30.1629088	0
30.1751304	1.5259E-05
30.187352	1.5259E-05
30.1995736	1.5259E-05
30.2117952	0
30.2240168	0
30.2362384	1.5259E-05
30.24846	0
30.2606816	1.5259E-05
30.2729032	0
30.2851248	3.0518E-05
30.2973464	1.5259E-05
30.309568	1.5259E-05
30.3217896	1.5259E-05
30.3340112	3.0518E-05
30.3462328	0
30.3584544	3.0518E-05
30.370676	1.5259E-05
30.3828976	3.0518E-05
30.3951192	3.0518E-05
30.4073408	0
30.4195624	0
30.431784	1.5259E-05
30.4440056	0
30.4562272	0
30.4684488	1.5259E-05
30.4806704	4.57771E-05
30.492892	1.5259E-05
30.5051136	0
30.5173352	0
30.5295568	0
30.5417784	1.5259E-05
30.554	1.5259E-05
30.5662216	4.57771E-05
30.5784432	1.5259E-05
30.5906648	0
30.6028864	0
30.615108	1.5259E-05
30.6273296	0
30.6395512	1.5259E-05
30.6517728	0
30.6639944	0
30.676216	1.5259E-05
30.6884376	1.5259E-05
30.7006592	0
30.7128808	4.57771E-05
30.7251024	1.5259E-05
30.737324	0
30.7495456	0
30.7617672	0
30.7739888	0
30.7862104	0
30.798432	1.5259E-05
30.8106536	0
30.8228752	1.5259E-05
30.8350968	4.57771E-05
30.8473184	0
30.85954	0
30.8717616	3.0518E-05
30.8839832	0
30.8962048	1.5259E-05
30.9084264	0
30.920648	1.5259E-05
30.9328696	3.0518E-05
30.9450912	0
30.9573128	0
30.9695344	0
30.981756	1.5259E-05
30.9939776	0
31.0061992	1.5259E-05
31.0184208	0
31.0306424	0
31.042864	4.57771E-05
31.0550856	0
31.0673072	3.0518E-05
31.0795288	1.5259E-05
31.0917504	0
31.103972	1.5259E-05
31.1161936	0
31.1284152	0
31.1406368	1.5259E-05
31.1528584	0
31.16508	0
31.1773016	1.5259E-05
31.1895232	0
31.2017448	0
31.2139664	1.5259E-05
31.226188	0
31.2384096	1.5259E-05
31.2506312	1.5259E-05
31.2628528	3.0518E-05
31.2750744	0
31.287296	1.5259E-05
31.2995176	1.5259E-05
31.3117392	1.5259E-05
31.3239608	0
31.3361824	0
31.348404	3.0518E-05
31.3606256	1.5259E-05
31.3728472	1.5259E-05
31.3850688	0
31.3972904	0
31.409512	0
31.4217336	1.5259E-05
31.4339552	0
31.4461768	0
31.4583984	0
31.47062	0
31.4828416	3.0518E-05
31.4950632	0
31.5072848	3.0518E-05
31.5195064	3.0518E-05
31.531728	0
31.5439496	1.5259E-05
31.5561712	1.5259E-05
31.5683928	1.5259E-05
31.5806144	0
31.592836	1.5259E-05
31.6050576	1.5259E-05
31.6172792	0
31.6295008	0
31.6417224	3.0518E-05
31.653944	1.5259E-05
31.6661656	0
31.6783872	0
31.6906088	1.5259E-05
31.7028304	0
31.715052	0
31.7272736	0
31.7394952	0
31.7517168	0
31.7639384	1.5259E-05
31.77616	0
31.7883816	3.0518E-05
31.8006032	0
31.8128248	0
31.8250464	0
31.837268	1.5259E-05
31.8494896	0
31.8617112	0
31.8739328	0
31.8861544	1.5259E-05
31.898376	0
31.9105976	0
31.9228192	1.5259E-05
31.9350408	1.5259E-05
31.9472624	1.5259E-05
31.959484	1.5259E-05
31.9717056	3.0518E-05
31.9839272	0
31.9961488	0
32.0083704	1.5259E-05
32.020592	1.5259E-05
32.0328136	1.5259E-05
32.0450352	0
32.0572568	1.5259E-05
32.0694784	0
32.0817	1.5259E-05
32.0939216	3.0518E-05
32.1061432	1.5259E-05
32.1183648	1.5259E-05
32.1305864	1.5259E-05
32.142808	1.5259E-05
32.1550296	0
32.1672512	0
32.1794728	0
32.1916944	1.5259E-05
32.203916	0
32.2161376	0
32.2283592	1.5259E-05
32.2405808	1.5259E-05
32.2528024	0
32.265024	1.5259E-05
32.2772456	0
32.2894672	0
32.3016888	0
32.3139104	0
32.326132	0
32.3383536	1.5259E-05
32.3505752	0
32.3627968	0
32.3750184	3.0518E-05
32.38724	0
32.3994616	0
32.4116832	0
32.4239048	0
32.4361264	1.5259E-05
32.448348	0
32.4605696	0
32.4727912	0
32.4850128	0
32.4972344	0
32.509456	0
32.5216776	1.5259E-05
32.5338992	1.5259E-05
32.5461208	1.5259E-05
32.5583424	1.5259E-05
32.570564	1.5259E-05
32.5827856	0
32.5950072	0
32.6072288	1.5259E-05
32.6194504	0
32.631672	0
32.6438936	0
32.6561152	0
32.6683368	1.5259E-05
32.6805584	1.5259E-05
32.69278	3.0518E-05
32.7050016	4.57771E-05
32.7172232	0
32.7294448	0
32.7416664	1.5259E-05
32.753888	0
32.7661096	1.5259E-05
32.7783312	0
32.7905528	0
32.8027744	0
32.814996	1.5259E-05
32.8272176	1.5259E-05
32.8394392	1.5259E-05
32.8516608	0
32.8638824	1.5259E-05
32.876104	0
32.8883256	0
32.9005472	0
32.9127688	0
32.9249904	1.5259E-05
32.937212	1.5259E-05
32.9494336	1.5259E-05
32.9616552	1.5259E-05
32.9738768	0
32.9860984	0
32.99832	3.0518E-05
33.0105416	0
33.0227632	0
33.0349848	0
33.0472064	0
33.059428	0
33.0716496	1.5259E-05
33.0838712	0
33.0960928	0
33.1083144	0
33.120536	0
33.1327576	1.5259E-05
33.1449792	1.5259E-05
33.1572008	0
33.1694224	0
33.181644	0
33.1938656	3.0518E-05
33.2060872	0
33.2183088	0
33.2305304	1.5259E-05
33.242752	0
33.2549736	0
33.2671952	4.57771E-05
33.2794168	3.0518E-05
33.2916384	0
33.30386	0
33.3160816	0
33.3283032	0
33.3405248	0
33.3527464	0
33.364968	0
33.3771896	1.5259E-05
33.3894112	0
33.4016328	1.5259E-05
33.4138544	1.5259E-05
33.426076	0
33.4382976	1.5259E-05
33.4505192	1.5259E-05
33.4627408	0
33.4749624	0
33.487184	4.57771E-05
33.4994056	0
33.5116272	1.5259E-05
33.5238488	0
33.5360704	3.0518E-05
33.548292	0
33.5605136	0
33.5727352	1.5259E-05
33.5849568	0
33.5971784	3.0518E-05
33.6094	0
33.6216216	3.0518E-05
33.6338432	1.5259E-05
33.6460648	1.5259E-05
33.6582864	0
33.670508	0
33.6827296	1.5259E-05
33.6949512	0
33.7071728	0
33.7193944	0
33.731616	0
33.7438376	0
33.7560592	0
33.7682808	0
33.7805024	1.5259E-05
33.792724	0
33.8049456	0
33.8171672	0
33.8293888	1.5259E-05
33.8416104	0
33.853832	1.5259E-05
33.8660536	0
33.8782752	4.57771E-05
33.8904968	1.5259E-05
33.9027184	0
33.91494	0
33.9271616	0
33.9393832	1.5259E-05
33.9516048	3.0518E-05
33.9638264	0
33.976048	0
33.9882696	0
34.0004912	0
34.0127128	0
34.0249344	0
34.037156	0
34.0493776	0
34.0615992	1.5259E-05
34.0738208	1.5259E-05
34.0860424	0
34.098264	1.5259E-05
34.1104856	0
34.1227072	0
34.1349288	1.5259E-05
34.1471504	0
34.159372	0
34.1715936	0
34.1838152	0
34.1960368	0
34.2082584	0
34.22048	0
34.2327016	0
34.2449232	0
34.2571448	0
34.2693664	0
34.281588	3.0518E-05
34.2938096	3.0518E-05
34.3060312	3.0518E-05
34.3182528	0
34.3304744	0
34.342696	0
34.3549176	0
34.3671392	0
34.3793608	1.5259E-05
34.3915824	0
34.403804	0
34.4160256	4.57771E-05
34.4282472	0
34.4404688	0
34.4526904	4.57771E-05
34.464912	4.57771E-05
34.4771336	1.5259E-05
34.4893552	0
34.5015768	1.5259E-05
34.5137984	0
34.52602	0
34.5382416	0
34.5504632	3.0518E-05
34.5626848	1.5259E-05
34.5749064	1.5259E-05
34.587128	0
34.5993496	0
34.6115712	1.5259E-05
34.6237928	1.5259E-05
34.6360144	0
34.648236	3.0518E-05
34.6604576	0
34.6726792	0
34.6849008	1.5259E-05
34.6971224	0
34.709344	0
34.7215656	0
34.7337872	1.5259E-05
34.7460088	0
34.7582304	1.5259E-05
34.770452	0
34.7826736	0
34.7948952	0
34.8071168	0
34.8193384	3.0518E-05
34.83156	0
34.8437816	1.5259E-05
34.8560032	0
34.8682248	3.0518E-05
34.8804464	0
34.892668	1.5259E-05
34.9048896	1.5259E-05
34.9171112	0
34.9293328	0
34.9415544	1.5259E-05
34.953776	0
34.9659976	0
34.9782192	1.5259E-05
34.9904408	0
35.0026624	0
35.014884	0
35.0271056	0
35.0393272	0
35.0515488	0
35.0637704	0
35.075992	3.0518E-05
35.0882136	1.5259E-05
35.1004352	0
35.1126568	1.5259E-05
35.1248784	3.0518E-05
35.1371	1.5259E-05
35.1493216	0
35.1615432	0
35.1737648	1.5259E-05
35.1859864	3.0518E-05
35.198208	0
35.2104296	1.5259E-05
35.2226512	0
35.2348728	0
35.2470944	1.5259E-05
35.259316	0
35.2715376	4.57771E-05
35.2837592	0
35.2959808	0
35.3082024	0
35.320424	1.5259E-05
35.3326456	0
35.3448672	0
35.3570888	0
35.3693104	1.5259E-05
35.381532	0
35.3937536	1.5259E-05
35.4059752	0
35.4181968	0
35.4304184	0
35.44264	3.0518E-05
35.4548616	0
35.4670832	1.5259E-05
35.4793048	0
35.4915264	0
35.503748	1.5259E-05
35.5159696	1.5259E-05
35.5281912	1.5259E-05
35.5404128	3.0518E-05
35.5526344	0
35.564856	1.5259E-05
35.5770776	0
35.5892992	1.5259E-05
35.6015208	0
35.6137424	0
35.625964	0
35.6381856	1.5259E-05
35.6504072	1.5259E-05
35.6626288	1.5259E-05
35.6748504	1.5259E-05
35.687072	0
35.6992936	3.0518E-05
35.7115152	0
35.7237368	1.5259E-05
35.7359584	1.5259E-05
35.74818	4.57771E-05
35.7604016	1.5259E-05
35.7726232	1.5259E-05
35.7848448	0
35.7970664	0
35.809288	0
35.8215096	1.5259E-05
35.8337312	0
35.8459528	0
35.8581744	3.0518E-05
35.870396	0
35.8826176	0
35.8948392	0
35.9070608	1.5259E-05
35.9192824	3.0518E-05
35.931504	0
35.9437256	0
35.9559472	3.0518E-05
35.9681688	1.5259E-05
35.9803904	1.5259E-05
35.992612	1.5259E-05
36.0048336	0
36.0170552	3.0518E-05
36.0292768	0
36.0414984	0
36.05372	1.5259E-05
36.0659416	0
36.0781632	0
36.0903848	0
36.1026064	0
36.114828	0
36.1270496	1.5259E-05
36.1392712	0
36.1514928	0
36.1637144	1.5259E-05
36.175936	3.0518E-05
36.1881576	0
36.2003792	1.5259E-05
36.2126008	0
36.2248224	1.5259E-05
36.237044	1.5259E-05
36.2492656	1.5259E-05
36.2614872	0
36.2737088	0
36.2859304	1.5259E-05
36.298152	0
36.3103736	3.0518E-05
36.3225952	0
36.3348168	3.0518E-05
36.3470384	3.0518E-05
36.35926	0
36.3714816	3.0518E-05
36.3837032	3.0518E-05
36.3959248	0
36.4081464	1.5259E-05
36.420368	3.0518E-05
36.4325896	0
36.4448112	0
36.4570328	1.5259E-05
36.4692544	4.57771E-05
36.481476	1.5259E-05
36.4936976	0
36.5059192	1.5259E-05
36.5181408	0
36.5303624	0
36.542584	0
36.5548056	1.5259E-05
36.5670272	0
36.5792488	0
36.5914704	0
36.603692	1.5259E-05
36.6159136	1.5259E-05
36.6281352	0
36.6403568	0
36.6525784	1.5259E-05
36.6648	1.5259E-05
36.6770216	1.5259E-05
36.6892432	0
36.7014648	3.0518E-05
36.7136864	0
36.725908	0
36.7381296	1.5259E-05
36.7503512	1.5259E-05
36.7625728	0
36.7747944	1.5259E-05
36.787016	0
36.7992376	0
36.8114592	3.0518E-05
36.8236808	1.5259E-05
36.8359024	0
36.848124	0
36.8603456	0
36.8725672	0
36.8847888	0
36.8970104	0
36.909232	0
36.9214536	0
36.9336752	3.0518E-05
36.9458968	1.5259E-05
36.9581184	0
36.97034	3.0518E-05
36.9825616	1.5259E-05
36.9947832	0
37.0070048	1.5259E-05
37.0192264	1.5259E-05
37.031448	0
37.0436696	1.5259E-05
37.0558912	0
37.0681128	0
37.0803344	1.5259E-05
37.092556	0
37.1047776	0
37.1169992	0
37.1292208	1.5259E-05
37.1414424	0
37.153664	0
37.1658856	3.0518E-05
37.1781072	3.0518E-05
37.1903288	1.5259E-05
37.2025504	0
37.214772	0
37.2269936	0
37.2392152	0
37.2514368	0
37.2636584	1.5259E-05
37.27588	0
37.2881016	0
37.3003232	3.0518E-05
37.3125448	0
37.3247664	1.5259E-05
37.336988	3.0518E-05
37.3492096	1.5259E-05
37.3614312	0
37.3736528	1.5259E-05
37.3858744	0
37.398096	0
37.4103176	0
37.4225392	0
37.4347608	0
37.4469824	3.0518E-05
37.459204	3.0518E-05
37.4714256	0
37.4836472	0
37.4958688	0
37.5080904	1.5259E-05
37.520312	1.5259E-05
37.5325336	1.5259E-05
37.5447552	0
37.5569768	1.5259E-05
37.5691984	0
37.58142	1.5259E-05
37.5936416	1.5259E-05
37.6058632	0
37.6180848	1.5259E-05
37.6303064	3.0518E-05
37.642528	0
37.6547496	0
37.6669712	1.5259E-05
37.6791928	0
37.6914144	3.0518E-05
37.703636	0
37.7158576	3.0518E-05
37.7280792	0
37.7403008	0
37.7525224	0
37.764744	0
37.7769656	0
37.7891872	1.5259E-05
37.8014088	0
37.8136304	1.5259E-05
37.825852	0
37.8380736	0
37.8502952	1.5259E-05
37.8625168	0
37.8747384	0
37.88696	3.0518E-05
37.8991816	0
37.9114032	0
37.9236248	0
37.9358464	1.5259E-05
37.948068	0
37.9602896	0
37.9725112	3.0518E-05
37.9847328	0
37.9969544	0
38.009176	0
38.0213976	0
38.0336192	0
38.0458408	0
38.0580624	0
38.070284	1.5259E-05
38.0825056	0
38.0947272	1.5259E-05
38.1069488	0
38.1191704	3.0518E-05
38.131392	0
38.1436136	0
38.1558352	0
38.1680568	1.5259E-05
38.1802784	0
38.1925	1.5259E-05
38.2047216	0
38.2169432	0
38.2291648	0
38.2413864	0
38.253608	0
38.2658296	1.5259E-05
38.2780512	0
38.2902728	1.5259E-05
38.3024944	1.5259E-05
38.314716	1.5259E-05
38.3269376	1.5259E-05
38.3391592	0
38.3513808	1.5259E-05
38.3636024	0
38.375824	0
38.3880456	0
38.4002672	1.5259E-05
38.4124888	1.5259E-05
38.4247104	0
38.436932	3.0518E-05
38.4491536	3.0518E-05
38.4613752	0
38.4735968	1.5259E-05
38.4858184	0
38.49804	1.5259E-05
38.5102616	4.57771E-05
38.5224832	3.0518E-05
38.5347048	1.5259E-05
38.5469264	1.5259E-05
38.559148	1.5259E-05
38.5713696	0
38.5835912	1.5259E-05
38.5958128	0
38.6080344	1.5259E-05
38.620256	0
38.6324776	1.5259E-05
38.6446992	1.5259E-05
38.6569208	1.5259E-05
38.6691424	3.0518E-05
38.681364	0
38.6935856	1.5259E-05
38.7058072	0
38.7180288	0
38.7302504	0
38.742472	1.5259E-05
38.7546936	1.5259E-05
38.7669152	1.5259E-05
38.7791368	0
38.7913584	1.5259E-05
38.80358	0
38.8158016	1.5259E-05
38.8280232	0
38.8402448	0
38.8524664	0
38.864688	4.57771E-05
38.8769096	3.0518E-05
38.8891312	0
38.9013528	0
38.9135744	1.5259E-05
38.925796	0
38.9380176	1.5259E-05
38.9502392	1.5259E-05
38.9624608	1.5259E-05
38.9746824	0
38.986904	0
38.9991256	0
39.0113472	1.5259E-05
39.0235688	1.5259E-05
39.0357904	1.5259E-05
39.048012	1.5259E-05
39.0602336	0
39.0724552	0
39.0846768	4.57771E-05
39.0968984	1.5259E-05
39.10912	1.5259E-05
39.1213416	1.5259E-05
39.1335632	0
39.1457848	4.57771E-05
39.1580064	0
39.170228	0
39.1824496	0
39.1946712	0
39.2068928	0
39.2191144	0
39.231336	0
39.2435576	0
39.2557792	0
39.2680008	0
39.2802224	1.5259E-05
39.292444	1.5259E-05
39.3046656	1.5259E-05
39.3168872	1.5259E-05
39.3291088	0
39.3413304	1.5259E-05
39.353552	1.5259E-05
39.3657736	1.5259E-05
39.3779952	1.5259E-05
39.3902168	1.5259E-05
39.4024384	0
39.41466	0
39.4268816	3.0518E-05
39.4391032	0
39.4513248	0
39.4635464	1.5259E-05
39.475768	0
39.4879896	0
39.5002112	0
39.5124328	0
39.5246544	1.5259E-05
39.536876	1.5259E-05
39.5490976	0
39.5613192	0
39.5735408	0
39.5857624	0
39.597984	0
39.6102056	0
39.6224272	0
39.6346488	0
39.6468704	3.0518E-05
39.659092	1.5259E-05
39.6713136	0
39.6835352	1.5259E-05
39.6957568	1.5259E-05
39.7079784	0
39.7202	0
39.7324216	1.5259E-05
39.7446432	0
39.7568648	3.0518E-05
39.7690864	0
39.781308	0
39.7935296	0
39.8057512	1.5259E-05
39.8179728	0
39.8301944	1.5259E-05
39.842416	1.5259E-05
39.8546376	0
39.8668592	0
39.8790808	1.5259E-05
39.8913024	1.5259E-05
39.903524	3.0518E-05
39.9157456	0
39.9279672	0
39.9401888	0
39.9524104	0
39.964632	0
39.9768536	0
39.9890752	3.0518E-05
40.0012968	3.0518E-05
40.0135184	0
40.02574	1.5259E-05
40.0379616	1.5259E-05
40.0501832	1.5259E-05
40.0624048	3.0518E-05
40.0746264	1.5259E-05
40.086848	3.0518E-05
40.0990696	0
40.1112912	0
40.1235128	0
40.1357344	0
40.147956	0
40.1601776	0
40.1723992	0
40.1846208	0
40.1968424	0
40.209064	1.5259E-05
40.2212856	1.5259E-05
40.2335072	1.5259E-05
40.2457288	1.5259E-05
40.2579504	1.5259E-05
40.270172	3.0518E-05
40.2823936	1.5259E-05
40.2946152	1.5259E-05
40.3068368	1.5259E-05
40.3190584	3.0518E-05
40.33128	0
40.3435016	0
40.3557232	1.5259E-05
40.3679448	3.0518E-05
40.3801664	1.5259E-05
40.392388	4.57771E-05
40.4046096	1.5259E-05
40.4168312	0
40.4290528	0
40.4412744	1.5259E-05
40.453496	0
40.4657176	1.5259E-05
40.4779392	0
40.4901608	0
40.5023824	1.5259E-05
40.514604	4.57771E-05
40.5268256	1.5259E-05
40.5390472	1.5259E-05
40.5512688	0
40.5634904	0
40.575712	4.57771E-05
40.5879336	1.5259E-05
40.6001552	0
40.6123768	1.5259E-05
40.6245984	0
40.63682	0
40.6490416	0
40.6612632	0
40.6734848	3.0518E-05
40.6857064	0
40.697928	3.0518E-05
40.7101496	1.5259E-05
40.7223712	3.0518E-05
40.7345928	0
40.7468144	0
40.759036	1.5259E-05
40.7712576	0
40.7834792	0
40.7957008	0
40.8079224	0
40.820144	0
40.8323656	1.5259E-05
40.8445872	0
40.8568088	1.5259E-05
40.8690304	1.5259E-05
40.881252	0
40.8934736	0
40.9056952	0
40.9179168	0
40.9301384	0
40.94236	0
40.9545816	1.5259E-05
40.9668032	0
40.9790248	0
40.9912464	0
41.003468	0
41.0156896	6.10361E-05
41.0279112	0
41.0401328	1.5259E-05
41.0523544	0
41.064576	0
41.0767976	0
41.0890192	0
41.1012408	1.5259E-05
41.1134624	0
41.125684	0
41.1379056	0
41.1501272	1.5259E-05
41.1623488	0
41.1745704	1.5259E-05
41.186792	0
41.1990136	1.5259E-05
41.2112352	0
41.2234568	0
41.2356784	3.0518E-05
41.2479	1.5259E-05
41.2601216	0
41.2723432	0
41.2845648	0
41.2967864	0
41.309008	0
41.3212296	0
41.3334512	1.5259E-05
41.3456728	0
41.3578944	0
41.370116	1.5259E-05
41.3823376	1.5259E-05
41.3945592	0
41.4067808	0
41.4190024	3.0518E-05
41.431224	3.0518E-05
41.4434456	1.5259E-05
41.4556672	0
41.4678888	3.0518E-05
41.4801104	1.5259E-05
41.492332	3.0518E-05
41.5045536	1.5259E-05
41.5167752	1.5259E-05
41.5289968	1.5259E-05
41.5412184	0
41.55344	3.0518E-05
41.5656616	0
41.5778832	0
41.5901048	3.0518E-05
41.6023264	0
41.614548	3.0518E-05
41.6267696	0
41.6389912	0
41.6512128	0
41.6634344	1.5259E-05
41.675656	0
41.6878776	0
41.7000992	0
41.7123208	0
41.7245424	1.5259E-05
41.736764	0
41.7489856	1.5259E-05
41.7612072	4.57771E-05
41.7734288	0
41.7856504	0
41.797872	3.0518E-05
41.8100936	1.5259E-05
41.8223152	0
41.8345368	0
41.8467584	1.5259E-05
41.85898	1.5259E-05
41.8712016	0
41.8834232	0
41.8956448	0
41.9078664	0
41.920088	3.0518E-05
41.9323096	1.5259E-05
41.9445312	3.0518E-05
41.9567528	0
41.9689744	1.5259E-05
41.981196	0
41.9934176	1.5259E-05
42.0056392	1.5259E-05
42.0178608	0
42.0300824	0
42.042304	1.5259E-05
42.0545256	0
42.0667472	0
42.0789688	0
42.0911904	0
42.103412	1.5259E-05
42.1156336	1.5259E-05
42.1278552	0
42.1400768	1.5259E-05
42.1522984	1.5259E-05
42.16452	0
42.1767416	1.5259E-05
42.1889632	1.5259E-05
42.2011848	0
42.2134064	1.5259E-05
42.225628	0
42.2378496	0
42.2500712	0
42.2622928	0
42.2745144	0
42.286736	0
42.2989576	0
42.3111792	1.5259E-05
42.3234008	1.5259E-05
42.3356224	1.5259E-05
42.347844	0
42.3600656	0
42.3722872	0
42.3845088	1.5259E-05
42.3967304	1.5259E-05
42.408952	1.5259E-05
42.4211736	1.5259E-05
42.4333952	0
42.4456168	0
42.4578384	3.0518E-05
42.47006	0
42.4822816	1.5259E-05
42.4945032	0
42.5067248	3.0518E-05
42.5189464	3.0518E-05
42.531168	1.5259E-05
42.5433896	1.5259E-05
42.5556112	1.5259E-05
42.5678328	1.5259E-05
42.5800544	1.5259E-05
42.592276	1.5259E-05
42.6044976	1.5259E-05
42.6167192	1.5259E-05
42.6289408	3.0518E-05
42.6411624	1.5259E-05
42.653384	0
42.6656056	0
42.6778272	0
42.6900488	1.5259E-05
42.7022704	0
42.714492	0
42.7267136	1.5259E-05
42.7389352	0
42.7511568	1.5259E-05
42.7633784	1.5259E-05
42.7756	1.5259E-05
42.7878216	0
42.8000432	0
42.8122648	0
42.8244864	0
42.836708	0
42.8489296	0
42.8611512	1.5259E-05
42.8733728	0
42.8855944	3.0518E-05
42.897816	0
42.9100376	0
42.9222592	1.5259E-05
42.9344808	0
42.9467024	1.5259E-05
42.958924	0
42.9711456	0
42.9833672	0
42.9955888	0
43.0078104	1.5259E-05
43.020032	3.0518E-05
43.0322536	0
43.0444752	1.5259E-05
43.0566968	0
43.0689184	1.5259E-05
43.08114	0
43.0933616	1.5259E-05
43.1055832	1.5259E-05
43.1178048	1.5259E-05
43.1300264	0
43.142248	0
43.1544696	3.0518E-05
43.1666912	0
43.1789128	1.5259E-05
43.1911344	1.5259E-05
43.203356	1.5259E-05
43.2155776	1.5259E-05
43.2277992	6.10361E-05
43.2400208	0
43.2522424	1.5259E-05
43.264464	1.5259E-05
43.2766856	0
43.2889072	1.5259E-05
43.3011288	1.5259E-05
43.3133504	1.5259E-05
43.325572	1.5259E-05
43.3377936	1.5259E-05
43.3500152	1.5259E-05
43.3622368	4.57771E-05
43.3744584	0
43.38668	0
43.3989016	0
43.4111232	1.5259E-05
43.4233448	1.5259E-05
43.4355664	0
43.447788	3.0518E-05
43.4600096	4.57771E-05
43.4722312	0
43.4844528	1.5259E-05
43.4966744	1.5259E-05
43.508896	3.0518E-05
43.5211176	0
43.5333392	0
43.5455608	0
43.5577824	1.5259E-05
43.570004	0
43.5822256	0
43.5944472	0
43.6066688	0
43.6188904	1.5259E-05
43.631112	0
43.6433336	0
43.6555552	0
43.6677768	0
43.6799984	1.5259E-05
43.69222	0
43.7044416	0
43.7166632	3.0518E-05
43.7288848	0
43.7411064	0
43.753328	0
43.7655496	0
43.7777712	0
43.7899928	0
43.8022144	0
43.814436	1.5259E-05
43.8266576	0
43.8388792	0
43.8511008	1.5259E-05
43.8633224	3.0518E-05
43.875544	0
43.8877656	1.5259E-05
43.8999872	1.5259E-05
43.9122088	4.57771E-05
43.9244304	0
43.936652	1.5259E-05
43.9488736	1.5259E-05
43.9610952	0
43.9733168	1.5259E-05
43.9855384	0
43.99776	0
44.0099816	0
44.0222032	0
44.0344248	1.5259E-05
44.0466464	1.5259E-05
44.058868	0
44.0710896	1.5259E-05
44.0833112	1.5259E-05
44.0955328	0
44.1077544	0
44.119976	1.5259E-05
44.1321976	1.5259E-05
44.1444192	1.5259E-05
44.1566408	1.5259E-05
44.1688624	0
44.181084	0
44.1933056	1.5259E-05
44.2055272	1.5259E-05
44.2177488	1.5259E-05
44.2299704	0
44.242192	1.5259E-05
44.2544136	1.5259E-05
44.2666352	3.0518E-05
44.2788568	0
44.2910784	0
44.3033	0
44.3155216	0
44.3277432	1.5259E-05
44.3399648	0
44.3521864	3.0518E-05
44.364408	0
44.3766296	0
44.3888512	0
44.4010728	1.5259E-05
44.4132944	0
44.425516	1.5259E-05
44.4377376	1.5259E-05
44.4499592	0
44.4621808	1.5259E-05
44.4744024	0
44.486624	1.5259E-05
44.4988456	0
44.5110672	0
44.5232888	3.0518E-05
44.5355104	3.0518E-05
44.547732	0
44.5599536	0
44.5721752	1.5259E-05
44.5843968	1.5259E-05
44.5966184	1.5259E-05
44.60884	0
44.6210616	0
44.6332832	1.5259E-05
44.6455048	1.5259E-05
44.6577264	1.5259E-05
44.669948	1.5259E-05
44.6821696	1.5259E-05
44.6943912	4.57771E-05
44.7066128	0
44.7188344	3.0518E-05
44.731056	0
44.7432776	0
44.7554992	0
44.7677208	0
44.7799424	0
44.792164	0
44.8043856	0
44.8166072	4.57771E-05
44.8288288	1.5259E-05
44.8410504	1.5259E-05
44.853272	0
44.8654936	0
44.8777152	0
44.8899368	0
44.9021584	4.57771E-05
44.91438	1.5259E-05
44.9266016	0
44.9388232	0
44.9510448	0
44.9632664	0
44.975488	0
44.9877096	0
44.9999312	1.5259E-05
45.0121528	1.5259E-05
45.0243744	0
45.036596	3.0518E-05
45.0488176	1.5259E-05
45.0610392	3.0518E-05
45.0732608	1.5259E-05
45.0854824	0
45.097704	0
45.1099256	1.5259E-05
45.1221472	0
45.1343688	1.5259E-05
45.1465904	1.5259E-05
45.158812	0
45.1710336	1.5259E-05
45.1832552	1.5259E-05
45.1954768	3.0518E-05
45.2076984	0
45.21992	0
45.2321416	1.5259E-05
45.2443632	0
45.2565848	0
45.2688064	0
45.281028	1.5259E-05
45.2932496	1.5259E-05
45.3054712	0
45.3176928	1.5259E-05
45.3299144	1.5259E-05
45.342136	1.5259E-05
45.3543576	0
45.3665792	3.0518E-05
45.3788008	0
45.3910224	0
45.403244	0
45.4154656	1.5259E-05
45.4276872	1.5259E-05
45.4399088	6.10361E-05
45.4521304	0
45.464352	1.5259E-05
45.4765736	3.0518E-05
45.4887952	6.10361E-05
45.5010168	3.0518E-05
45.5132384	1.5259E-05
45.52546	4.57771E-05
45.5376816	1.5259E-05
45.5499032	1.5259E-05
45.5621248	6.10361E-05
45.5743464	0
45.586568	0
45.5987896	1.5259E-05
45.6110112	1.5259E-05
45.6232328	0
45.6354544	3.0518E-05
45.647676	1.5259E-05
45.6598976	0
45.6721192	0
45.6843408	1.5259E-05
45.6965624	1.5259E-05
45.708784	1.5259E-05
45.7210056	1.5259E-05
45.7332272	1.5259E-05
45.7454488	0
45.7576704	1.5259E-05
45.769892	3.0518E-05
45.7821136	3.0518E-05
45.7943352	1.5259E-05
45.8065568	0
45.8187784	0
45.831	0
45.8432216	0
45.8554432	1.5259E-05
45.8676648	0
45.8798864	0
45.892108	0
45.9043296	0
45.9165512	0
45.9287728	0
45.9409944	1.5259E-05
45.953216	1.5259E-05
45.9654376	0
45.9776592	1.5259E-05
45.9898808	1.5259E-05
46.0021024	0
46.014324	0
46.0265456	1.5259E-05
46.0387672	1.5259E-05
46.0509888	1.5259E-05
46.0632104	0
46.075432	0
46.0876536	0
46.0998752	0
46.1120968	0
46.1243184	1.5259E-05
46.13654	0
46.1487616	0
46.1609832	0
46.1732048	3.0518E-05
46.1854264	1.5259E-05
46.197648	0
46.2098696	1.5259E-05
46.2220912	0
46.2343128	1.5259E-05
46.2465344	0
46.258756	6.10361E-05
46.2709776	0
46.2831992	1.5259E-05
46.2954208	1.5259E-05
46.3076424	1.5259E-05
46.319864	1.5259E-05
46.3320856	1.5259E-05
46.3443072	0
46.3565288	0
46.3687504	0
46.380972	0
46.3931936	1.5259E-05
46.4054152	3.0518E-05
46.4176368	0
46.4298584	0
46.44208	0
46.4543016	0
46.4665232	3.0518E-05
46.4787448	1.5259E-05
46.4909664	3.0518E-05
46.503188	0
46.5154096	1.5259E-05
46.5276312	0
46.5398528	1.5259E-05
46.5520744	3.0518E-05
46.564296	1.5259E-05
46.5765176	1.5259E-05
46.5887392	0
46.6009608	1.5259E-05
46.6131824	0
46.625404	3.0518E-05
46.6376256	1.5259E-05
46.6498472	1.5259E-05
46.6620688	0
46.6742904	3.0518E-05
46.686512	0
46.6987336	0
46.7109552	0
46.7231768	0
46.7353984	0
46.74762	1.5259E-05
46.7598416	0
46.7720632	1.5259E-05
46.7842848	1.5259E-05
46.7965064	0
46.808728	1.5259E-05
46.8209496	1.5259E-05
46.8331712	0
46.8453928	3.0518E-05
46.8576144	0
46.869836	4.57771E-05
46.8820576	0
46.8942792	1.5259E-05
46.9065008	0
46.9187224	1.5259E-05
46.930944	1.5259E-05
46.9431656	1.5259E-05
46.9553872	3.0518E-05
46.9676088	3.0518E-05
46.9798304	1.5259E-05
46.992052	3.0518E-05
47.0042736	0
47.0164952	0
47.0287168	0
47.0409384	1.5259E-05
47.05316	0
47.0653816	0
47.0776032	0
47.0898248	1.5259E-05
47.1020464	0
47.114268	0
47.1264896	0
47.1387112	0
47.1509328	1.5259E-05
47.1631544	0
47.175376	1.5259E-05
47.1875976	1.5259E-05
47.1998192	4.57771E-05
47.2120408	0
47.2242624	0
47.236484	0
47.2487056	3.0518E-05
47.2609272	0
47.2731488	1.5259E-05
47.2853704	1.5259E-05
47.297592	0
47.3098136	1.5259E-05
47.3220352	3.0518E-05
47.3342568	0
47.3464784	1.5259E-05
47.3587	0
47.3709216	3.0518E-05
47.3831432	0
47.3953648	0
47.4075864	0
47.419808	1.5259E-05
47.4320296	0
47.4442512	1.5259E-05
47.4564728	0
47.4686944	0
47.480916	1.5259E-05
47.4931376	1.5259E-05
47.5053592	0
47.5175808	3.0518E-05
47.5298024	1.5259E-05
47.542024	3.0518E-05
47.5542456	0
47.5664672	1.5259E-05
47.5786888	1.5259E-05
47.5909104	0
47.603132	0
47.6153536	0
47.6275752	1.5259E-05
47.6397968	1.5259E-05
47.6520184	1.5259E-05
47.66424	1.5259E-05
47.6764616	0
47.6886832	3.0518E-05
47.7009048	3.0518E-05
47.7131264	0
47.725348	1.5259E-05
47.7375696	6.10361E-05
47.7497912	3.0518E-05
47.7620128	4.57771E-05
47.7742344	3.0518E-05
47.786456	7.62951E-05
47.7986776	3.0518E-05
47.8108992	3.0518E-05
47.8231208	6.10361E-05
47.8353424	1.5259E-05
47.847564	4.57771E-05
47.8597856	4.57771E-05
47.8720072	7.62951E-05
47.8842288	6.10361E-05
47.8964504	7.62951E-05
47.908672	0.000106813
47.9208936	7.62951E-05
47.9331152	4.57771E-05
47.9453368	0
47.9575584	0
47.96978	0
47.9820016	0
47.9942232	0
48.0064448	0
48.0186664	0
48.030888	0
48.0431096	0
48.0553312	0
48.0675528	0
48.0797744	0
48.091996	0
48.1042176	0
48.1164392	0
48.1286608	0
48.1408824	0
48.153104	0
48.1653256	0
48.1775472	0
48.1897688	0
48.2019904	0
48.214212	0
48.2264336	0
48.2386552	0
48.2508768	0
48.2630984	0
48.27532	0
48.2875416	0
48.2997632	0
48.3119848	0
48.3242064	0
48.336428	0
48.3486496	0
48.3608712	0
48.3730928	0
48.3853144	0
48.397536	0
48.4097576	0
48.4219792	0
48.4342008	0
48.4464224	0
48.458644	0
48.4708656	0
48.4830872	0
48.4953088	0
48.5075304	0
48.519752	0
48.5319736	0
48.5441952	0
48.5564168	0
48.5686384	0
48.58086	0
48.5930816	0
48.6053032	0
48.6175248	0
48.6297464	0
48.641968	0
48.6541896	0
48.6664112	0
48.6786328	0
48.6908544	0
48.703076	0
48.7152976	0
48.7275192	0
48.7397408	0
48.7519624	0
48.764184	0
48.7764056	0
48.7886272	0
48.8008488	0
48.8130704	0
48.825292	0
48.8375136	0
48.8497352	0
48.8619568	0
48.8741784	0
48.8864	0
48.8986216	0
48.9108432	0
48.9230648	0
48.9352864	0
48.947508	0
48.9597296	0
48.9719512	0
48.9841728	0
48.9963944	0
49.008616	0
49.0208376	0
49.0330592	0
49.0452808	0
49.0575024	0
49.069724	0
49.0819456	0
49.0941672	0
49.1063888	0
49.1186104	0
49.130832	0
49.1430536	0
49.1552752	0
49.1674968	0
49.1797184	0
49.19194	0
49.2041616	0
49.2163832	0
49.2286048	0
49.2408264	0
49.253048	0
49.2652696	0
49.2774912	0
49.2897128	0
49.3019344	0
49.314156	0
49.3263776	0
49.3385992	0
49.3508208	0
49.3630424	0
49.375264	0
49.3874856	0
49.3997072	0
49.4119288	0
49.4241504	0
49.436372	0
49.4485936	0
49.4608152	0
49.4730368	0
49.4852584	0
49.49748	0
49.5097016	0
49.5219232	0
49.5341448	0
49.5463664	0
49.558588	0
49.5708096	0
49.5830312	0
49.5952528	0
49.6074744	0
49.619696	0
49.6319176	0
49.6441392	0
49.6563608	0
49.6685824	0
49.680804	0
49.6930256	0
49.7052472	0
49.7174688	0
49.7296904	0
49.741912	0
49.7541336	0
49.7663552	0
49.7785768	0
49.7907984	0
49.80302	0
49.8152416	0
49.8274632	0
49.8396848	0
49.8519064	0
49.864128	0
49.8763496	0
49.8885712	0
49.9007928	0
49.9130144	0
49.925236	0
49.9374576	0
49.9496792	0
49.9619008	0
49.9741224	0
49.986344	0
49.9985656	0
50.0107872	0
50.0230088	0
50.0352304	0
50.047452	0