#time	counts
0	9.15541E-05
0.0122216	0
0.0244432	0
0.0366648	0
0.0488864	0
0.061108	0
0.0733296	0
0.0855512	0
0.0977728	0
0.1099944	0
0.122216	0
0.1344376	0
0.1466592	0
0.1588808	0
0.1711024	0
0.183324	0
0.1955456	0
0.2077672	0
0.2199888	0
0.2322104	0
0.244432	0
0.2566536	0
0.2688752	0
0.2810968	0
0.2933184	0
0.30554	0
0.3177616	0
0.3299832	0
0.3422048	0
0.3544264	0
0.366648	0
0.3788696	0
0.3910912	0
0.4033128	0
0.4155344	0
0.427756	0
0.4399776	0
0.4521992	0
0.4644208	0
0.4766424	0
0.488864	0
0.5010856	0
0.5133072	1.5259E-05
0.5255288	0
0.5377504	0
0.549972	0
0.5621936	1.5259E-05
0.5744152	0
0.5866368	4.57771E-05
0.5988584	0
0.61108	1.5259E-05
0.6233016	3.0518E-05
0.6355232	1.5259E-05
0.6477448	0
0.6599664	4.57771E-05
0.672188	1.5259E-05
0.6844096	1.5259E-05
0.6966312	1.5259E-05
0.7088528	0
0.7210744	3.0518E-05
0.733296	0
0.7455176	1.5259E-05
0.7577392	1.5259E-05
0.7699608	0
0.7821824	1.5259E-05
0.794404	1.5259E-05
0.8066256	3.0518E-05
0.8188472	1.5259E-05
0.8310688	1.5259E-05
0.8432904	0
0.855512	0
0.8677336	6.10361E-05
0.8799552	1.5259E-05
0.8921768	0
0.9043984	0
0.91662	1.5259E-05
0.9288416	1.5259E-05
0.9410632	1.5259E-05
0.9532848	0
0.9655064	0
0.977728	1.5259E-05
0.9899496	1.5259E-05
1.0021712	0
1.0143928	0
1.0266144	0
1.038836	0
1.0510576	1.5259E-05
1.0632792	1.5259E-05
1.0755008	1.5259E-05
1.0877224	1.5259E-05
1.099944	1.5259E-05
1.1121656	1.5259E-05
1.1243872	1.5259E-05
1.1366088	1.5259E-05
1.1488304	0
1.161052	1.5259E-05
1.1732736	0
1.1854952	1.5259E-05
1.1977168	0
1.2099384	0
1.22216	0
1.2343816	0
1.2466032	1.5259E-05
1.2588248	1.5259E-05
1.2710464	0
1.283268	1.5259E-05
1.2954896	3.0518E-05
1.3077112	1.5259E-05
1.3199328	0
1.3321544	1.5259E-05
1.344376	1.5259E-05
1.3565976	0
1.3688192	0
1.3810408	1.5259E-05
1.3932624	0
1.405484	0
1.4177056	1.5259E-05
1.4299272	0
1.4421488	0
1.4543704	1.5259E-05
1.466592	0
1.4788136	1.5259E-05
1.4910352	0
1.5032568	0
1.5154784	0
1.5277	0
1.5399216	0
1.5521432	0
1.5643648	1.5259E-05
1.5765864	1.5259E-05
1.588808	1.5259E-05
1.6010296	0
1.6132512	0
1.6254728	1.5259E-05
1.6376944	1.5259E-05
1.649916	0
1.6621376	1.5259E-05
1.6743592	1.5259E-05
1.6865808	0
1.6988024	1.5259E-05
1.711024	3.0518E-05
1.7232456	0
1.7354672	3.0518E-05
1.7476888	3.0518E-05
1.7599104	0
1.772132	0
1.7843536	0
1.7965752	0
1.8087968	0
1.8210184	3.0518E-05
1.83324	0
1.8454616	3.0518E-05
1.8576832	3.0518E-05
1.8699048	0
1.8821264	1.5259E-05
1.894348	0
1.9065696	1.5259E-05
1.9187912	4.57771E-05
1.9310128	3.0518E-05
1.9432344	1.5259E-05
1.955456	1.5259E-05
1.9676776	1.5259E-05
1.9798992	0
1.9921208	0
2.0043424	1.5259E-05
2.016564	3.0518E-05
2.0287856	3.0518E-05
2.0410072	0
2.0532288	0
2.0654504	0
2.077672	1.5259E-05
2.0898936	1.5259E-05
2.1021152	1.5259E-05
2.1143368	0
2.1265584	1.5259E-05
2.13878	3.0518E-05
2.1510016	1.5259E-05
2.1632232	1.5259E-05
2.1754448	3.0518E-05
2.1876664	0
2.199888	1.5259E-05
2.2121096	1.5259E-05
2.2243312	0
2.2365528	4.57771E-05
2.2487744	0
2.260996	0
2.2732176	1.5259E-05
2.2854392	3.0518E-05
2.2976608	1.5259E-05
2.3098824	1.5259E-05
2.322104	1.5259E-05
2.3343256	1.5259E-05
2.3465472	1.5259E-05
2.3587688	1.5259E-05
2.3709904	0
2.383212	1.5259E-05
2.3954336	1.5259E-05
2.4076552	1.5259E-05
2.4198768	0
2.4320984	0
2.44432	0
2.4565416	1.5259E-05
2.4687632	1.5259E-05
2.4809848	1.5259E-05
2.4932064	0
2.505428	0
2.5176496	0
2.5298712	0
2.5420928	1.5259E-05
2.5543144	0
2.566536	0
2.5787576	0
2.5909792	6.10361E-05
2.6032008	1.5259E-05
2.6154224	1.5259E-05
2.627644	0
2.6398656	3.0518E-05
2.6520872	3.0518E-05
2.6643088	1.5259E-05
2.6765304	0
2.688752	1.5259E-05
2.7009736	0
2.7131952	1.5259E-05
2.7254168	0
2.7376384	1.5259E-05
2.74986	0
2.7620816	0
2.7743032	3.0518E-05
2.7865248	4.57771E-05
2.7987464	0
2.810968	1.5259E-05
2.8231896	1.5259E-05
2.8354112	1.5259E-05
2.8476328	1.5259E-05
2.8598544	3.0518E-05
2.872076	0
2.8842976	1.5259E-05
2.8965192	1.5259E-05
2.9087408	1.5259E-05
2.9209624	0
2.933184	1.5259E-05
2.9454056	1.5259E-05
2.9576272	0
2.9698488	3.0518E-05
2.9820704	3.0518E-05
2.994292	3.0518E-05
3.0065136	3.0518E-05
3.0187352	1.5259E-05
3.0309568	3.0518E-05
3.0431784	4.57771E-05
3.0554	0
3.0676216	1.5259E-05
3.0798432	1.5259E-05
3.0920648	4.57771E-05
3.1042864	0
3.116508	1.5259E-05
3.1287296	0
3.1409512	3.0518E-05
3.1531728	1.5259E-05
3.1653944	0
3.177616	1.5259E-05
3.1898376	0
3.2020592	0
3.2142808	0
3.2265024	0
3.238724	1.5259E-05
3.2509456	0
3.2631672	0
3.2753888	0
3.2876104	1.5259E-05
3.299832	0
3.3120536	1.5259E-05
3.3242752	1.5259E-05
3.3364968	0
3.3487184	0
3.36094	0
3.3731616	1.5259E-05
3.3853832	1.5259E-05
3.3976048	0
3.4098264	0
3.422048	1.5259E-05
3.4342696	3.0518E-05
3.4464912	0
3.4587128	0
3.4709344	3.0518E-05
3.483156	0
3.4953776	0
3.5075992	1.5259E-05
3.5198208	1.5259E-05
3.5320424	1.5259E-05
3.544264	1.5259E-05
3.5564856	1.5259E-05
3.5687072	0
3.5809288	0
3.5931504	1.5259E-05
3.605372	3.0518E-05
3.6175936	0
3.6298152	1.5259E-05
3.6420368	0
3.6542584	0
3.66648	1.5259E-05
3.6787016	0
3.6909232	0
3.7031448	0
3.7153664	0
3.727588	0
3.7398096	3.0518E-05
3.7520312	1.5259E-05
3.7642528	1.5259E-05
3.7764744	1.5259E-05
3.788696	0
3.8009176	0
3.8131392	1.5259E-05
3.8253608	4.57771E-05
3.8375824	0
3.849804	1.5259E-05
3.8620256	3.0518E-05
3.8742472	0
3.8864688	3.0518E-05
3.8986904	0
3.910912	0
3.9231336	0
3.9353552	0
3.9475768	0
3.9597984	0
3.97202	0
3.9842416	1.5259E-05
3.9964632	0
4.0086848	0
4.0209064	1.5259E-05
4.033128	0
4.0453496	0
4.0575712	1.5259E-05
4.0697928	1.5259E-05
4.0820144	1.5259E-05
4.094236	3.0518E-05
4.1064576	1.5259E-05
4.1186792	4.57771E-05
4.1309008	0
4.1431224	3.0518E-05
4.155344	0
4.1675656	0
4.1797872	0
4.1920088	0
4.2042304	1.5259E-05
4.216452	0
4.2286736	4.57771E-05
4.2408952	3.0518E-05
4.2531168	0
4.2653384	1.5259E-05
4.27756	1.5259E-05
4.2897816	1.5259E-05
4.3020032	1.5259E-05
4.3142248	0
4.3264464	1.5259E-05
4.338668	3.0518E-05
4.3508896	0
4.3631112	0
4.3753328	0
4.3875544	0
4.399776	0
4.4119976	1.5259E-05
4.4242192	0
4.4364408	0
4.4486624	1.5259E-05
4.460884	1.5259E-05
4.4731056	0
4.4853272	1.5259E-05
4.4975488	0
4.5097704	0
4.521992	1.5259E-05
4.5342136	3.0518E-05
4.5464352	0
4.5586568	1.5259E-05
4.5708784	1.5259E-05
4.5831	0
4.5953216	3.0518E-05
4.6075432	0
4.6197648	1.5259E-05
4.6319864	1.5259E-05
4.644208	1.5259E-05
4.6564296	0
4.6686512	1.5259E-05
4.6808728	3.0518E-05
4.6930944	1.5259E-05
4.705316	0
4.7175376	3.0518E-05
4.7297592	3.0518E-05
4.7419808	0
4.7542024	0
4.766424	4.57771E-05
4.7786456	0
4.7908672	1.5259E-05
4.8030888	1.5259E-05
4.8153104	3.0518E-05
4.827532	4.57771E-05
4.8397536	1.5259E-05
4.8519752	4.57771E-05
4.8641968	1.5259E-05
4.8764184	1.5259E-05
4.88864	0
4.9008616	1.5259E-05
4.9130832	6.10361E-05
4.9253048	0
4.9375264	1.5259E-05
4.949748	0
4.9619696	4.57771E-05
4.9741912	0
4.9864128	0
4.9986344	3.0518E-05
5.010856	1.5259E-05
5.0230776	1.5259E-05
5.0352992	1.5259E-05
5.0475208	1.5259E-05
5.0597424	1.5259E-05
5.071964	0
5.0841856	3.0518E-05
5.0964072	3.0518E-05
5.1086288	0
5.1208504	4.57771E-05
5.133072	1.5259E-05
5.1452936	1.5259E-05
5.1575152	0
5.1697368	1.5259E-05
5.1819584	0
5.19418	0
5.2064016	1.5259E-05
5.2186232	1.5259E-05
5.2308448	0
5.2430664	0
5.255288	3.0518E-05
5.2675096	3.0518E-05
5.2797312	3.0518E-05
5.2919528	1.5259E-05
5.3041744	0
5.316396	1.5259E-05
5.3286176	0
5.3408392	1.5259E-05
5.3530608	0
5.3652824	7.62951E-05
5.377504	1.5259E-05
5.3897256	3.0518E-05
5.4019472	6.10361E-05
5.4141688	1.5259E-05
5.4263904	4.57771E-05
5.438612	3.0518E-05
5.4508336	0
5.4630552	1.5259E-05
5.4752768	3.0518E-05
5.4874984	3.0518E-05
5.49972	6.10361E-05
5.5119416	0
5.5241632	3.0518E-05
5.5363848	3.0518E-05
5.5486064	4.57771E-05
5.560828	0
5.5730496	0
5.5852712	0
5.5974928	1.5259E-05
5.6097144	4.57771E-05
5.621936	0
5.6341576	4.57771E-05
5.6463792	4.57771E-05
5.6586008	1.5259E-05
5.6708224	1.5259E-05
5.683044	1.5259E-05
5.6952656	6.10361E-05
5.7074872	3.0518E-05
5.7197088	1.5259E-05
5.7319304	1.5259E-05
5.744152	0
5.7563736	1.5259E-05
5.7685952	3.0518E-05
5.7808168	3.0518E-05
5.7930384	1.5259E-05
5.80526	3.0518E-05
5.8174816	0
5.8297032	1.5259E-05
5.8419248	1.5259E-05
5.8541464	1.5259E-05
5.866368	3.0518E-05
5.8785896	1.5259E-05
5.8908112	4.57771E-05
5.9030328	3.0518E-05
5.9152544	0
5.927476	1.5259E-05
5.9396976	1.5259E-05
5.9519192	1.5259E-05
5.9641408	1.5259E-05
5.9763624	1.5259E-05
5.988584	4.57771E-05
6.0008056	0
6.0130272	0
6.0252488	3.0518E-05
6.0374704	1.5259E-05
6.049692	4.57771E-05
6.0619136	1.5259E-05
6.0741352	1.5259E-05
6.0863568	3.0518E-05
6.0985784	0
6.1108	1.5259E-05
6.1230216	6.10361E-05
6.1352432	0
6.1474648	0
6.1596864	3.0518E-05
6.171908	1.5259E-05
6.1841296	3.0518E-05
6.1963512	0
6.2085728	3.0518E-05
6.2207944	1.5259E-05
6.233016	1.5259E-05
6.2452376	1.5259E-05
6.2574592	0
6.2696808	0
6.2819024	1.5259E-05
6.294124	0
6.3063456	0
6.3185672	0
6.3307888	0
6.3430104	0
6.355232	1.5259E-05
6.3674536	3.0518E-05
6.3796752	3.0518E-05
6.3918968	3.0518E-05
6.4041184	0
6.41634	3.0518E-05
6.4285616	0
6.4407832	0
6.4530048	0
6.4652264	1.5259E-05
6.477448	0
6.4896696	6.10361E-05
6.5018912	1.5259E-05
6.5141128	1.5259E-05
6.5263344	3.0518E-05
6.538556	0
6.5507776	1.5259E-05
6.5629992	0
6.5752208	0
6.5874424	1.5259E-05
6.599664	1.5259E-05
6.6118856	1.5259E-05
6.6241072	0
6.6363288	1.5259E-05
6.6485504	0
6.660772	1.5259E-05
6.6729936	0
6.6852152	6.10361E-05
6.6974368	0
6.7096584	0
6.72188	0
6.7341016	0
6.7463232	1.5259E-05
6.7585448	1.5259E-05
6.7707664	4.57771E-05
6.782988	0
6.7952096	0
6.8074312	3.0518E-05
6.8196528	3.0518E-05
6.8318744	1.5259E-05
6.844096	0
6.8563176	0
6.8685392	1.5259E-05
6.8807608	3.0518E-05
6.8929824	3.0518E-05
6.905204	1.5259E-05
6.9174256	0
6.9296472	0
6.9418688	1.5259E-05
6.9540904	1.5259E-05
6.966312	0
6.9785336	0
6.9907552	3.0518E-05
7.0029768	1.5259E-05
7.0151984	1.5259E-05
7.02742	4.57771E-05
7.0396416	0
7.0518632	0
7.0640848	0
7.0763064	0
7.088528	1.5259E-05
7.1007496	0
7.1129712	1.5259E-05
7.1251928	1.5259E-05
7.1374144	1.5259E-05
7.149636	0
7.1618576	4.57771E-05
7.1740792	1.5259E-05
7.1863008	1.5259E-05
7.1985224	4.57771E-05
7.210744	1.5259E-05
7.2229656	1.5259E-05
7.2351872	1.5259E-05
7.2474088	0
7.2596304	3.0518E-05
7.271852	3.0518E-05
7.2840736	0
7.2962952	0
7.3085168	1.5259E-05
7.3207384	0
7.33296	0
7.3451816	1.5259E-05
7.3574032	1.5259E-05
7.3696248	0
7.3818464	4.57771E-05
7.394068	0
7.4062896	0
7.4185112	1.5259E-05
7.4307328	1.5259E-05
7.4429544	1.5259E-05
7.455176	0
7.4673976	4.57771E-05
7.4796192	0
7.4918408	1.5259E-05
7.5040624	0
7.516284	4.57771E-05
7.5285056	1.5259E-05
7.5407272	0
7.5529488	1.5259E-05
7.5651704	0
7.577392	1.5259E-05
7.5896136	1.5259E-05
7.6018352	1.5259E-05
7.6140568	3.0518E-05
7.6262784	0
7.6385	0
7.6507216	1.5259E-05
7.6629432	1.5259E-05
7.6751648	4.57771E-05
7.6873864	1.5259E-05
7.699608	4.57771E-05
7.7118296	1.5259E-05
7.7240512	0
7.7362728	3.0518E-05
7.7484944	1.5259E-05
7.760716	1.5259E-05
7.7729376	1.5259E-05
7.7851592	0
7.7973808	1.5259E-05
7.8096024	0
7.821824	0
7.8340456	0
7.8462672	1.5259E-05
7.8584888	0
7.8707104	1.5259E-05
7.882932	0
7.8951536	0
7.9073752	1.5259E-05
7.9195968	1.5259E-05
7.9318184	0
7.94404	1.5259E-05
7.9562616	0
7.9684832	4.57771E-05
7.9807048	0
7.9929264	3.0518E-05
8.005148	0
8.0173696	0
8.0295912	0
8.0418128	3.0518E-05
8.0540344	1.5259E-05
8.066256	0
8.0784776	0
8.0906992	0
8.1029208	0
8.1151424	0
8.127364	3.0518E-05
8.1395856	1.5259E-05
8.1518072	0
8.1640288	0
8.1762504	0
8.188472	1.5259E-05
8.2006936	1.5259E-05
8.2129152	0
8.2251368	0
8.2373584	1.5259E-05
8.24958	0
8.2618016	0
8.2740232	0
8.2862448	0
8.2984664	0
8.310688	1.5259E-05
8.3229096	1.5259E-05
8.3351312	0
8.3473528	3.0518E-05
8.3595744	3.0518E-05
8.371796	1.5259E-05
8.3840176	0
8.3962392	0
8.4084608	0
8.4206824	1.5259E-05
8.432904	1.5259E-05
8.4451256	0
8.4573472	3.0518E-05
8.4695688	0
8.4817904	1.5259E-05
8.494012	1.5259E-05
8.5062336	0
8.5184552	0
8.5306768	1.5259E-05
8.5428984	0
8.55512	0
8.5673416	0
8.5795632	0
8.5917848	0
8.6040064	1.5259E-05
8.616228	3.0518E-05
8.6284496	1.5259E-05
8.6406712	0
8.6528928	0
8.6651144	0
8.677336	0
8.6895576	0
8.7017792	1.5259E-05
8.7140008	3.0518E-05
8.7262224	0
8.738444	1.5259E-05
8.7506656	0
8.7628872	0
8.7751088	1.5259E-05
8.7873304	0
8.799552	0
8.8117736	3.0518E-05
8.8239952	0
8.8362168	1.5259E-05
8.8484384	0
8.86066	0
8.8728816	0
8.8851032	0
8.8973248	1.5259E-05
8.9095464	1.5259E-05
8.921768	4.57771E-05
8.9339896	0
8.9462112	0
8.9584328	1.5259E-05
8.9706544	0
8.982876	0
8.9950976	0
9.0073192	0
9.0195408	4.57771E-05
9.0317624	0
9.043984	0.000106813
9.0562056	0.000457771
9.0684272	0.003326467
9.0806488	0.014785992
9.0928704	0.047089342
9.105092	0.120302129
9.1173136	0.256931411
9.1295352	0.465644312
9.1417568	0.697367819
9.1539784	0.910353246
9.1662	1
9.1784216	0.964950027
9.1906432	0.79468986
9.2028648	0.58252842
9.2150864	0.405432212
9.227308	0.279591058
9.2395296	0.211566339
9.2517512	0.17613489
9.2639728	0.15725948
9.2761944	0.14991989
9.288416	0.134386206
9.3006376	0.118348974
9.3128592	0.09813077
9.3250808	0.079957275
9.3373024	0.06489662
9.349524	0.053742275
9.3617456	0.048889906
9.3739672	0.042725261
9.3861888	0.040421149
9.3984104	0.037109941
9.410632	0.034912642
9.4228536	0.034149691
9.4350752	0.031326772
9.4472968	0.031586175
9.4595184	0.030090791
9.47174	0.028946365
9.4839616	0.028229191
9.4961832	0.029495689
9.5084048	0.028778515
9.5206264	0.028534371
9.532848	0.029312581
9.5450696	0.03010605
9.5572912	0.028686961
9.5695128	0.029999237
9.5817344	0.028519112
9.593956	0.028061341
9.6061776	0.025711452
9.6183992	0.02433814
9.6306208	0.021896696
9.6428424	0.019028
9.655064	0.015411612
9.6672856	0.013855192
9.6795072	0.011718929
9.6917288	0.009689479
9.7039504	0.008819715
9.716172	0.008194095
9.7283936	0.007110704
9.7406152	0.006622416
9.7528368	0.00608835
9.7650584	0.005676356
9.77728	0.005279622
9.7895016	0.004959182
9.8017232	0.004135195
9.8139448	0.003784237
9.8261664	0.003128099
9.838388	0.003311208
9.8506096	0.002838178
9.8628312	0.002716106
9.8750528	0.001998932
9.8872744	0.00250248
9.899496	0.002075227
9.9117176	0.001846342
9.9239392	0.00218204
9.9361608	0.001663233
9.9483824	0.001571679
9.960604	0.001464866
9.9728256	0.00125124
9.9850472	0.001373312
9.9972688	0.001266499
10.0094904	0.001388571
10.021712	0.001220722
10.0339336	0.001052873
10.0461552	0.0009308
10.0583768	0.000885023
10.0705984	0.000717174
10.08282	0.000885023
10.0950416	0.00077821
10.1072632	0.000579843
10.1194848	0.000534066
10.1317064	0.000442512
10.143928	0.000579843
10.1561496	0.00047303
10.1683712	0.00030518
10.1805928	0.000213626
10.1928144	0.000213626
10.205036	0.000289921
10.2172576	0.000274662
10.2294792	0.000259403
10.2417008	0.000259403
10.2539224	0.000274662
10.266144	0.000274662
10.2783656	0.000335698
10.2905872	7.62951E-05
10.3028088	0.000198367
10.3150304	0.000122072
10.327252	0.000183108
10.3394736	0.00015259
10.3516952	0.000137331
10.3639168	0.000122072
10.3761384	7.62951E-05
10.38836	0.000106813
10.4005816	7.62951E-05
10.4128032	0.000106813
10.4250248	9.15541E-05
10.4372464	4.57771E-05
10.449468	7.62951E-05
10.4616896	0.000122072
10.4739112	0.000137331
10.4861328	7.62951E-05
10.4983544	4.57771E-05
10.510576	0
10.5227976	3.0518E-05
10.5350192	3.0518E-05
10.5472408	4.57771E-05
10.5594624	0
10.571684	3.0518E-05
10.5839056	4.57771E-05
10.5961272	4.57771E-05
10.6083488	4.57771E-05
10.6205704	3.0518E-05
10.632792	4.57771E-05
10.6450136	3.0518E-05
10.6572352	3.0518E-05
10.6694568	3.0518E-05
10.6816784	6.10361E-05
10.6939	3.0518E-05
10.7061216	1.5259E-05
10.7183432	3.0518E-05
10.7305648	1.5259E-05
10.7427864	4.57771E-05
10.755008	1.5259E-05
10.7672296	0
10.7794512	1.5259E-05
10.7916728	3.0518E-05
10.8038944	1.5259E-05
10.816116	1.5259E-05
10.8283376	0
10.8405592	3.0518E-05
10.8527808	1.5259E-05
10.8650024	4.57771E-05
10.877224	4.57771E-05
10.8894456	1.5259E-05
10.9016672	4.57771E-05
10.9138888	1.5259E-05
10.9261104	1.5259E-05
10.938332	1.5259E-05
10.9505536	0
10.9627752	0
10.9749968	0
10.9872184	3.0518E-05
10.99944	1.5259E-05
11.0116616	0
11.0238832	0
11.0361048	3.0518E-05
11.0483264	0
11.060548	3.0518E-05
11.0727696	0
11.0849912	3.0518E-05
11.0972128	0
11.1094344	1.5259E-05
11.121656	0
11.1338776	1.5259E-05
11.1460992	0
11.1583208	3.0518E-05
11.1705424	3.0518E-05
11.182764	0
11.1949856	1.5259E-05
11.2072072	1.5259E-05
11.2194288	0
11.2316504	3.0518E-05
11.243872	0
11.2560936	3.0518E-05
11.2683152	0
11.2805368	0
11.2927584	3.0518E-05
11.30498	0
11.3172016	0
11.3294232	3.0518E-05
11.3416448	0
11.3538664	1.5259E-05
11.366088	1.5259E-05
11.3783096	0
11.3905312	0
11.4027528	1.5259E-05
11.4149744	3.0518E-05
11.427196	1.5259E-05
11.4394176	6.10361E-05
11.4516392	0
11.4638608	1.5259E-05
11.4760824	1.5259E-05
11.488304	3.0518E-05
11.5005256	0
11.5127472	0
11.5249688	3.0518E-05
11.5371904	1.5259E-05
11.549412	0
11.5616336	1.5259E-05
11.5738552	0
11.5860768	0
11.5982984	0
11.61052	0
11.6227416	0
11.6349632	3.0518E-05
11.6471848	4.57771E-05
11.6594064	3.0518E-05
11.671628	6.10361E-05
11.6838496	4.57771E-05
11.6960712	3.0518E-05
11.7082928	3.0518E-05
11.7205144	1.5259E-05
11.732736	1.5259E-05
11.7449576	7.62951E-05
11.7571792	0
11.7694008	0
11.7816224	0
11.793844	0
11.8060656	1.5259E-05
11.8182872	1.5259E-05
11.8305088	3.0518E-05
11.8427304	1.5259E-05
11.854952	3.0518E-05
11.8671736	4.57771E-05
11.8793952	0
11.8916168	0
11.9038384	0
11.91606	0
11.9282816	4.57771E-05
11.9405032	1.5259E-05
11.9527248	1.5259E-05
11.9649464	0
11.977168	4.57771E-05
11.9893896	1.5259E-05
12.0016112	1.5259E-05
12.0138328	1.5259E-05
12.0260544	0
12.038276	1.5259E-05
12.0504976	1.5259E-05
12.0627192	3.0518E-05
12.0749408	0
12.0871624	1.5259E-05
12.099384	1.5259E-05
12.1116056	1.5259E-05
12.1238272	3.0518E-05
12.1360488	1.5259E-05
12.1482704	0
12.160492	1.5259E-05
12.1727136	0
12.1849352	0
12.1971568	1.5259E-05
12.2093784	0
12.2216	3.0518E-05
12.2338216	1.5259E-05
12.2460432	1.5259E-05
12.2582648	0
12.2704864	3.0518E-05
12.282708	4.57771E-05
12.2949296	3.0518E-05
12.3071512	0
12.3193728	3.0518E-05
12.3315944	4.57771E-05
12.343816	6.10361E-05
12.3560376	7.62951E-05
12.3682592	0.000167849
12.3804808	0.000213626
12.3927024	0.000167849
12.404924	0.000244144
12.4171456	0.000320439
12.4293672	0.000228885
12.4415888	0.000183108
12.4538104	0.00015259
12.466032	0.000122072
12.4782536	6.10361E-05
12.4904752	6.10361E-05
12.5026968	0.000122072
12.5149184	3.0518E-05
12.52714	6.10361E-05
12.5393616	6.10361E-05
12.5515832	3.0518E-05
12.5638048	1.5259E-05
12.5760264	4.57771E-05
12.588248	1.5259E-05
12.6004696	4.57771E-05
12.6126912	4.57771E-05
12.6249128	0
12.6371344	3.0518E-05
12.649356	3.0518E-05
12.6615776	3.0518E-05
12.6737992	0
12.6860208	3.0518E-05
12.6982424	4.57771E-05
12.710464	6.10361E-05
12.7226856	6.10361E-05
12.7349072	4.57771E-05
12.7471288	0
12.7593504	4.57771E-05
12.771572	4.57771E-05
12.7837936	1.5259E-05
12.7960152	1.5259E-05
12.8082368	0
12.8204584	1.5259E-05
12.83268	0
12.8449016	1.5259E-05
12.8571232	0
12.8693448	3.0518E-05
12.8815664	3.0518E-05
12.893788	3.0518E-05
12.9060096	1.5259E-05
12.9182312	3.0518E-05
12.9304528	3.0518E-05
12.9426744	0
12.954896	0
12.9671176	1.5259E-05
12.9793392	0
12.9915608	4.57771E-05
13.0037824	1.5259E-05
13.016004	4.57771E-05
13.0282256	3.0518E-05
13.0404472	1.5259E-05
13.0526688	3.0518E-05
13.0648904	0
13.077112	6.10361E-05
13.0893336	1.5259E-05
13.1015552	3.0518E-05
13.1137768	0
13.1259984	1.5259E-05
13.13822	0
13.1504416	1.5259E-05
13.1626632	1.5259E-05
13.1748848	3.0518E-05
13.1871064	0
13.199328	1.5259E-05
13.2115496	1.5259E-05
13.2237712	3.0518E-05
13.2359928	4.57771E-05
13.2482144	3.0518E-05
13.260436	3.0518E-05
13.2726576	1.5259E-05
13.2848792	1.5259E-05
13.2971008	3.0518E-05
13.3093224	4.57771E-05
13.321544	7.62951E-05
13.3337656	1.5259E-05
13.3459872	1.5259E-05
13.3582088	1.5259E-05
13.3704304	4.57771E-05
13.382652	1.5259E-05
13.3948736	1.5259E-05
13.4070952	1.5259E-05
13.4193168	0
13.4315384	0
13.44376	3.0518E-05
13.4559816	3.0518E-05
13.4682032	0
13.4804248	0
13.4926464	0
13.504868	0
13.5170896	0
13.5293112	1.5259E-05
13.5415328	1.5259E-05
13.5537544	0
13.565976	0
13.5781976	0
13.5904192	3.0518E-05
13.6026408	1.5259E-05
13.6148624	0
13.627084	1.5259E-05
13.6393056	0
13.6515272	1.5259E-05
13.6637488	0
13.6759704	0
13.688192	3.0518E-05
13.7004136	1.5259E-05
13.7126352	3.0518E-05
13.7248568	0
13.7370784	4.57771E-05
13.7493	0
13.7615216	0
13.7737432	1.5259E-05
13.7859648	0
13.7981864	0
13.810408	0
13.8226296	0
13.8348512	0
13.8470728	0
13.8592944	0
13.871516	0
13.8837376	0
13.8959592	1.5259E-05
13.9081808	4.57771E-05
13.9204024	0
13.932624	1.5259E-05
13.9448456	3.0518E-05
13.9570672	0
13.9692888	0
13.9815104	1.5259E-05
13.993732	0
14.0059536	1.5259E-05
14.0181752	3.0518E-05
14.0303968	0
14.0426184	0
14.05484	3.0518E-05
14.0670616	0
14.0792832	0
14.0915048	0
14.1037264	1.5259E-05
14.115948	3.0518E-05
14.1281696	0
14.1403912	0
14.1526128	4.57771E-05
14.1648344	0
14.177056	1.5259E-05
14.1892776	3.0518E-05
14.2014992	0
14.2137208	0
14.2259424	0
14.238164	0
14.2503856	4.57771E-05
14.2626072	1.5259E-05
14.2748288	0
14.2870504	3.0518E-05
14.299272	3.0518E-05
14.3114936	3.0518E-05
14.3237152	1.5259E-05
14.3359368	0
14.3481584	1.5259E-05
14.36038	0
14.3726016	0
14.3848232	1.5259E-05
14.3970448	1.5259E-05
14.4092664	0
14.421488	0
14.4337096	0
14.4459312	3.0518E-05
14.4581528	1.5259E-05
14.4703744	0
14.482596	1.5259E-05
14.4948176	3.0518E-05
14.5070392	0
14.5192608	0
14.5314824	4.57771E-05
14.543704	4.57771E-05
14.5559256	3.0518E-05
14.5681472	0
14.5803688	0
14.5925904	3.0518E-05
14.604812	0
14.6170336	1.5259E-05
14.6292552	0
14.6414768	1.5259E-05
14.6536984	1.5259E-05
14.66592	0
14.6781416	3.0518E-05
14.6903632	3.0518E-05
14.7025848	0
14.7148064	0
14.727028	1.5259E-05
14.7392496	0
14.7514712	0
14.7636928	0
14.7759144	1.5259E-05
14.788136	1.5259E-05
14.8003576	1.5259E-05
14.8125792	1.5259E-05
14.8248008	1.5259E-05
14.8370224	0
14.849244	0
14.8614656	3.0518E-05
14.8736872	0
14.8859088	0
14.8981304	0
14.910352	1.5259E-05
14.9225736	4.57771E-05
14.9347952	4.57771E-05
14.9470168	0
14.9592384	1.5259E-05
14.97146	1.5259E-05
14.9836816	0
14.9959032	1.5259E-05
15.0081248	0
15.0203464	0
15.032568	1.5259E-05
15.0447896	0
15.0570112	1.5259E-05
15.0692328	0
15.0814544	1.5259E-05
15.093676	0
15.1058976	0
15.1181192	0
15.1303408	0
15.1425624	3.0518E-05
15.154784	0
15.1670056	1.5259E-05
15.1792272	3.0518E-05
15.1914488	0
15.2036704	0
15.215892	0
15.2281136	0
15.2403352	1.5259E-05
15.2525568	1.5259E-05
15.2647784	1.5259E-05
15.277	1.5259E-05
15.2892216	0
15.3014432	1.5259E-05
15.3136648	1.5259E-05
15.3258864	1.5259E-05
15.338108	1.5259E-05
15.3503296	0
15.3625512	0
15.3747728	1.5259E-05
15.3869944	0
15.399216	1.5259E-05
15.4114376	0
15.4236592	1.5259E-05
15.4358808	0
15.4481024	0
15.460324	1.5259E-05
15.4725456	0
15.4847672	1.5259E-05
15.4969888	1.5259E-05
15.5092104	0
15.521432	3.0518E-05
15.5336536	3.0518E-05
15.5458752	1.5259E-05
15.5580968	1.5259E-05
15.5703184	3.0518E-05
15.58254	0
15.5947616	6.10361E-05
15.6069832	0
15.6192048	1.5259E-05
15.6314264	0
15.643648	4.57771E-05
15.6558696	3.0518E-05
15.6680912	3.0518E-05
15.6803128	1.5259E-05
15.6925344	1.5259E-05
15.704756	0
15.7169776	1.5259E-05
15.7291992	0
15.7414208	3.0518E-05
15.7536424	0
15.765864	1.5259E-05
15.7780856	1.5259E-05
15.7903072	0
15.8025288	1.5259E-05
15.8147504	1.5259E-05
15.826972	0
15.8391936	1.5259E-05
15.8514152	0
15.8636368	1.5259E-05
15.8758584	1.5259E-05
15.88808	3.0518E-05
15.9003016	0
15.9125232	1.5259E-05
15.9247448	0
15.9369664	3.0518E-05
15.949188	0
15.9614096	4.57771E-05
15.9736312	1.5259E-05
15.9858528	1.5259E-05
15.9980744	0
16.010296	1.5259E-05
16.0225176	0
16.0347392	3.0518E-05
16.0469608	3.0518E-05
16.0591824	0
16.071404	0
16.0836256	0
16.0958472	0
16.1080688	1.5259E-05
16.1202904	3.0518E-05
16.132512	0
16.1447336	3.0518E-05
16.1569552	4.57771E-05
16.1691768	0
16.1813984	0
16.19362	0
16.2058416	1.5259E-05
16.2180632	0
16.2302848	0
16.2425064	1.5259E-05
16.254728	1.5259E-05
16.2669496	0
16.2791712	1.5259E-05
16.2913928	0
16.3036144	0
16.315836	1.5259E-05
16.3280576	1.5259E-05
16.3402792	1.5259E-05
16.3525008	3.0518E-05
16.3647224	3.0518E-05
16.376944	0
16.3891656	1.5259E-05
16.4013872	0
16.4136088	0
16.4258304	3.0518E-05
16.438052	3.0518E-05
16.4502736	0
16.4624952	0
16.4747168	0
16.4869384	1.5259E-05
16.49916	1.5259E-05
16.5113816	3.0518E-05
16.5236032	0
16.5358248	4.57771E-05
16.5480464	0
16.560268	0
16.5724896	3.0518E-05
16.5847112	3.0518E-05
16.5969328	1.5259E-05
16.6091544	1.5259E-05
16.621376	4.57771E-05
16.6335976	0
16.6458192	1.5259E-05
16.6580408	3.0518E-05
16.6702624	0
16.682484	1.5259E-05
16.6947056	0
16.7069272	0
16.7191488	0
16.7313704	3.0518E-05
16.743592	0
16.7558136	4.57771E-05
16.7680352	0
16.7802568	3.0518E-05
16.7924784	0
16.8047	0
16.8169216	4.57771E-05
16.8291432	0
16.8413648	0
16.8535864	0
16.865808	1.5259E-05
16.8780296	0
16.8902512	0
16.9024728	3.0518E-05
16.9146944	0
16.926916	1.5259E-05
16.9391376	0
16.9513592	0
16.9635808	0
16.9758024	1.5259E-05
16.988024	0
17.0002456	1.5259E-05
17.0124672	0
17.0246888	1.5259E-05
17.0369104	1.5259E-05
17.049132	1.5259E-05
17.0613536	0
17.0735752	0
17.0857968	0
17.0980184	1.5259E-05
17.11024	1.5259E-05
17.1224616	6.10361E-05
17.1346832	0
17.1469048	3.0518E-05
17.1591264	0
17.171348	1.5259E-05
17.1835696	0
17.1957912	0
17.2080128	1.5259E-05
17.2202344	0
17.232456	0
17.2446776	1.5259E-05
17.2568992	1.5259E-05
17.2691208	0
17.2813424	1.5259E-05
17.293564	1.5259E-05
17.3057856	0
17.3180072	0
17.3302288	1.5259E-05
17.3424504	3.0518E-05
17.354672	0
17.3668936	1.5259E-05
17.3791152	1.5259E-05
17.3913368	1.5259E-05
17.4035584	0
17.41578	1.5259E-05
17.4280016	0
17.4402232	1.5259E-05
17.4524448	0
17.4646664	1.5259E-05
17.476888	3.0518E-05
17.4891096	4.57771E-05
17.5013312	0
17.5135528	1.5259E-05
17.5257744	1.5259E-05
17.537996	0
17.5502176	0
17.5624392	0
17.5746608	3.0518E-05
17.5868824	0
17.599104	4.57771E-05
17.6113256	1.5259E-05
17.6235472	1.5259E-05
17.6357688	1.5259E-05
17.6479904	3.0518E-05
17.660212	0
17.6724336	0
17.6846552	0
17.6968768	0
17.7090984	3.0518E-05
17.72132	0
17.7335416	1.5259E-05
17.7457632	1.5259E-05
17.7579848	0
17.7702064	1.5259E-05
17.782428	3.0518E-05
17.7946496	0
17.8068712	1.5259E-05
17.8190928	1.5259E-05
17.8313144	0
17.843536	0
17.8557576	1.5259E-05
17.8679792	1.5259E-05
17.8802008	1.5259E-05
17.8924224	3.0518E-05
17.904644	1.5259E-05
17.9168656	1.5259E-05
17.9290872	3.0518E-05
17.9413088	3.0518E-05
17.9535304	0
17.965752	0
17.9779736	0
17.9901952	0
18.0024168	1.5259E-05
18.0146384	0
18.02686	0
18.0390816	0
18.0513032	1.5259E-05
18.0635248	3.0518E-05
18.0757464	0
18.087968	0
18.1001896	1.5259E-05
18.1124112	3.0518E-05
18.1246328	0
18.1368544	3.0518E-05
18.149076	3.0518E-05
18.1612976	4.57771E-05
18.1735192	0
18.1857408	0
18.1979624	0
18.210184	0
18.2224056	0
18.2346272	1.5259E-05
18.2468488	0
18.2590704	4.57771E-05
18.271292	1.5259E-05
18.2835136	3.0518E-05
18.2957352	0
18.3079568	0
18.3201784	0
18.3324	0
18.3446216	0
18.3568432	0
18.3690648	1.5259E-05
18.3812864	0
18.393508	1.5259E-05
18.4057296	3.0518E-05
18.4179512	0
18.4301728	0
18.4423944	0
18.454616	1.5259E-05
18.4668376	0
18.4790592	4.57771E-05
18.4912808	0
18.5035024	0
18.515724	1.5259E-05
18.5279456	3.0518E-05
18.5401672	1.5259E-05
18.5523888	1.5259E-05
18.5646104	0
18.576832	3.0518E-05
18.5890536	0
18.6012752	3.0518E-05
18.6134968	6.10361E-05
18.6257184	1.5259E-05
18.63794	0
18.6501616	6.10361E-05
18.6623832	1.5259E-05
18.6746048	0
18.6868264	0
18.699048	0
18.7112696	0
18.7234912	1.5259E-05
18.7357128	1.5259E-05
18.7479344	1.5259E-05
18.760156	0
18.7723776	0
18.7845992	0
18.7968208	0
18.8090424	0
18.821264	1.5259E-05
18.8334856	0
18.8457072	1.5259E-05
18.8579288	1.5259E-05
18.8701504	3.0518E-05
18.882372	0
18.8945936	3.0518E-05
18.9068152	6.10361E-05
18.9190368	1.5259E-05
18.9312584	1.5259E-05
18.94348	0
18.9557016	0
18.9679232	4.57771E-05
18.9801448	3.0518E-05
18.9923664	0
19.004588	4.57771E-05
19.0168096	4.57771E-05
19.0290312	0
19.0412528	1.5259E-05
19.0534744	1.5259E-05
19.065696	1.5259E-05
19.0779176	0
19.0901392	3.0518E-05
19.1023608	3.0518E-05
19.1145824	1.5259E-05
19.126804	0
19.1390256	0
19.1512472	1.5259E-05
19.1634688	0
19.1756904	0
19.187912	1.5259E-05
19.2001336	3.0518E-05
19.2123552	3.0518E-05
19.2245768	0
19.2367984	0
19.24902	0
19.2612416	1.5259E-05
19.2734632	0
19.2856848	1.5259E-05
19.2979064	0
19.310128	0
19.3223496	0
19.3345712	0
19.3467928	1.5259E-05
19.3590144	4.57771E-05
19.371236	0
19.3834576	0
19.3956792	0
19.4079008	1.5259E-05
19.4201224	3.0518E-05
19.432344	0
19.4445656	1.5259E-05
19.4567872	3.0518E-05
19.4690088	3.0518E-05
19.4812304	3.0518E-05
19.493452	4.57771E-05
19.5056736	1.5259E-05
19.5178952	3.0518E-05
19.5301168	1.5259E-05
19.5423384	0
19.55456	1.5259E-05
19.5667816	0
19.5790032	1.5259E-05
19.5912248	1.5259E-05
19.6034464	3.0518E-05
19.615668	1.5259E-05
19.6278896	4.57771E-05
19.6401112	1.5259E-05
19.6523328	0
19.6645544	0
19.676776	3.0518E-05
19.6889976	3.0518E-05
19.7012192	0
19.7134408	3.0518E-05
19.7256624	1.5259E-05
19.737884	0
19.7501056	0
19.7623272	3.0518E-05
19.7745488	3.0518E-05
19.7867704	4.57771E-05
19.798992	0
19.8112136	3.0518E-05
19.8234352	1.5259E-05
19.8356568	1.5259E-05
19.8478784	1.5259E-05
19.8601	0
19.8723216	1.5259E-05
19.8845432	1.5259E-05
19.8967648	3.0518E-05
19.9089864	0
19.921208	1.5259E-05
19.9334296	0
19.9456512	0
19.9578728	0
19.9700944	1.5259E-05
19.982316	3.0518E-05
19.9945376	3.0518E-05
20.0067592	1.5259E-05
20.0189808	1.5259E-05
20.0312024	0
20.043424	1.5259E-05
20.0556456	0
20.0678672	1.5259E-05
20.0800888	0
20.0923104	1.5259E-05
20.104532	1.5259E-05
20.1167536	1.5259E-05
20.1289752	1.5259E-05
20.1411968	0
20.1534184	4.57771E-05
20.16564	0
20.1778616	1.5259E-05
20.1900832	1.5259E-05
20.2023048	0
20.2145264	0
20.226748	1.5259E-05
20.2389696	0
20.2511912	0
20.2634128	0
20.2756344	3.0518E-05
20.287856	0
20.3000776	0
20.3122992	1.5259E-05
20.3245208	0
20.3367424	1.5259E-05
20.348964	0
20.3611856	3.0518E-05
20.3734072	0
20.3856288	3.0518E-05
20.3978504	1.5259E-05
20.410072	3.0518E-05
20.4222936	1.5259E-05
20.4345152	1.5259E-05
20.4467368	1.5259E-05
20.4589584	1.5259E-05
20.47118	1.5259E-05
20.4834016	0
20.4956232	1.5259E-05
20.5078448	1.5259E-05
20.5200664	0
20.532288	1.5259E-05
20.5445096	1.5259E-05
20.5567312	1.5259E-05
20.5689528	0
20.5811744	3.0518E-05
20.593396	1.5259E-05
20.6056176	0
20.6178392	1.5259E-05
20.6300608	1.5259E-05
20.6422824	1.5259E-05
20.654504	0
20.6667256	0
20.6789472	1.5259E-05
20.6911688	3.0518E-05
20.7033904	4.57771E-05
20.715612	1.5259E-05
20.7278336	3.0518E-05
20.7400552	3.0518E-05
20.7522768	1.5259E-05
20.7644984	4.57771E-05
20.77672	1.5259E-05
20.7889416	3.0518E-05
20.8011632	0
20.8133848	1.5259E-05
20.8256064	1.5259E-05
20.837828	1.5259E-05
20.8500496	3.0518E-05
20.8622712	6.10361E-05
20.8744928	1.5259E-05
20.8867144	0
20.898936	6.10361E-05
20.9111576	0
20.9233792	0
20.9356008	3.0518E-05
20.9478224	3.0518E-05
20.960044	1.5259E-05
20.9722656	0
20.9844872	1.5259E-05
20.9967088	0
21.0089304	1.5259E-05
21.021152	1.5259E-05
21.0333736	1.5259E-05
21.0455952	0
21.0578168	0
21.0700384	4.57771E-05
21.08226	3.0518E-05
21.0944816	1.5259E-05
21.1067032	0
21.1189248	0
21.1311464	0
21.143368	1.5259E-05
21.1555896	0
21.1678112	3.0518E-05
21.1800328	0
21.1922544	1.5259E-05
21.204476	0
21.2166976	1.5259E-05
21.2289192	0
21.2411408	3.0518E-05
21.2533624	0
21.265584	1.5259E-05
21.2778056	1.5259E-05
21.2900272	3.0518E-05
21.3022488	3.0518E-05
21.3144704	0
21.326692	3.0518E-05
21.3389136	1.5259E-05
21.3511352	1.5259E-05
21.3633568	1.5259E-05
21.3755784	7.62951E-05
21.3878	0
21.4000216	0
21.4122432	0
21.4244648	0
21.4366864	4.57771E-05
21.448908	1.5259E-05
21.4611296	1.5259E-05
21.4733512	0
21.4855728	0
21.4977944	1.5259E-05
21.510016	1.5259E-05
21.5222376	1.5259E-05
21.5344592	0
21.5466808	0
21.5589024	0
21.571124	1.5259E-05
21.5833456	1.5259E-05
21.5955672	1.5259E-05
21.6077888	1.5259E-05
21.6200104	1.5259E-05
21.632232	0
21.6444536	0
21.6566752	4.57771E-05
21.6688968	0
21.6811184	0
21.69334	3.0518E-05
21.7055616	0
21.7177832	0
21.7300048	1.5259E-05
21.7422264	0
21.754448	1.5259E-05
21.7666696	1.5259E-05
21.7788912	1.5259E-05
21.7911128	6.10361E-05
21.8033344	3.0518E-05
21.815556	0
21.8277776	0
21.8399992	0
21.8522208	3.0518E-05
21.8644424	1.5259E-05
21.876664	1.5259E-05
21.8888856	1.5259E-05
21.9011072	1.5259E-05
21.9133288	0
21.9255504	1.5259E-05
21.937772	1.5259E-05
21.9499936	1.5259E-05
21.9622152	0
21.9744368	1.5259E-05
21.9866584	0
21.99888	4.57771E-05
22.0111016	1.5259E-05
22.0233232	3.0518E-05
22.0355448	3.0518E-05
22.0477664	0
22.059988	1.5259E-05
22.0722096	1.5259E-05
22.0844312	1.5259E-05
22.0966528	1.5259E-05
22.1088744	1.5259E-05
22.121096	1.5259E-05
22.1333176	0
22.1455392	1.5259E-05
22.1577608	1.5259E-05
22.1699824	0
22.182204	0
22.1944256	3.0518E-05
22.2066472	0
22.2188688	3.0518E-05
22.2310904	0
22.243312	1.5259E-05
22.2555336	0
22.2677552	1.5259E-05
22.2799768	6.10361E-05
22.2921984	0
22.30442	0
22.3166416	1.5259E-05
22.3288632	1.5259E-05
22.3410848	0
22.3533064	3.0518E-05
22.365528	3.0518E-05
22.3777496	1.5259E-05
22.3899712	4.57771E-05
22.4021928	1.5259E-05
22.4144144	1.5259E-05
22.426636	3.0518E-05
22.4388576	0
22.4510792	1.5259E-05
22.4633008	1.5259E-05
22.4755224	0
22.487744	0
22.4999656	3.0518E-05
22.5121872	0
22.5244088	1.5259E-05
22.5366304	3.0518E-05
22.548852	0
22.5610736	0
22.5732952	0
22.5855168	1.5259E-05
22.5977384	1.5259E-05
22.60996	0
22.6221816	1.5259E-05
22.6344032	1.5259E-05
22.6466248	1.5259E-05
22.6588464	0
22.671068	0
22.6832896	0
22.6955112	0
22.7077328	0
22.7199544	1.5259E-05
22.732176	0
22.7443976	3.0518E-05
22.7566192	0
22.7688408	1.5259E-05
22.7810624	3.0518E-05
22.793284	1.5259E-05
22.8055056	0
22.8177272	3.0518E-05
22.8299488	0
22.8421704	0
22.854392	3.0518E-05
22.8666136	0
22.8788352	3.0518E-05
22.8910568	0
22.9032784	1.5259E-05
22.9155	4.57771E-05
22.9277216	1.5259E-05
22.9399432	1.5259E-05
22.9521648	1.5259E-05
22.9643864	1.5259E-05
22.976608	0
22.9888296	1.5259E-05
23.0010512	3.0518E-05
23.0132728	3.0518E-05
23.0254944	0
23.037716	3.0518E-05
23.0499376	3.0518E-05
23.0621592	0
23.0743808	0
23.0866024	1.5259E-05
23.098824	1.5259E-05
23.1110456	0
23.1232672	0
23.1354888	0
23.1477104	0
23.159932	3.0518E-05
23.1721536	1.5259E-05
23.1843752	0
23.1965968	1.5259E-05
23.2088184	0
23.22104	0
23.2332616	0
23.2454832	3.0518E-05
23.2577048	0
23.2699264	0
23.282148	0
23.2943696	0
23.3065912	1.5259E-05
23.3188128	4.57771E-05
23.3310344	0
23.343256	3.0518E-05
23.3554776	0
23.3676992	3.0518E-05
23.3799208	0
23.3921424	1.5259E-05
23.404364	1.5259E-05
23.4165856	1.5259E-05
23.4288072	1.5259E-05
23.4410288	0
23.4532504	1.5259E-05
23.465472	3.0518E-05
23.4776936	0
23.4899152	1.5259E-05
23.5021368	0
23.5143584	1.5259E-05
23.52658	0
23.5388016	0
23.5510232	6.10361E-05
23.5632448	0
23.5754664	1.5259E-05
23.587688	1.5259E-05
23.5999096	1.5259E-05
23.6121312	0
23.6243528	1.5259E-05
23.6365744	1.5259E-05
23.648796	0
23.6610176	0
23.6732392	0
23.6854608	1.5259E-05
23.6976824	0
23.709904	4.57771E-05
23.7221256	0
23.7343472	1.5259E-05
23.7465688	0
23.7587904	3.0518E-05
23.771012	3.0518E-05
23.7832336	0
23.7954552	0
23.8076768	0
23.8198984	3.0518E-05
23.83212	0
23.8443416	4.57771E-05
23.8565632	0
23.8687848	0
23.8810064	1.5259E-05
23.893228	0
23.9054496	0
23.9176712	0
23.9298928	1.5259E-05
23.9421144	0
23.954336	0
23.9665576	3.0518E-05
23.9787792	0
23.9910008	0
24.0032224	0
24.015444	3.0518E-05
24.0276656	1.5259E-05
24.0398872	0
24.0521088	6.10361E-05
24.0643304	6.10361E-05
24.076552	1.5259E-05
24.0887736	1.5259E-05
24.1009952	0
24.1132168	1.5259E-05
24.1254384	3.0518E-05
24.13766	3.0518E-05
24.1498816	0
24.1621032	1.5259E-05
24.1743248	0
24.1865464	0
24.198768	1.5259E-05
24.2109896	0
24.2232112	1.5259E-05
24.2354328	0
24.2476544	1.5259E-05
24.259876	3.0518E-05
24.2720976	1.5259E-05
24.2843192	0
24.2965408	1.5259E-05
24.3087624	4.57771E-05
24.320984	0
24.3332056	0
24.3454272	1.5259E-05
24.3576488	4.57771E-05
24.3698704	0
24.382092	4.57771E-05
24.3943136	1.5259E-05
24.4065352	1.5259E-05
24.4187568	1.5259E-05
24.4309784	1.5259E-05
24.4432	1.5259E-05
24.4554216	1.5259E-05
24.4676432	3.0518E-05
24.4798648	3.0518E-05
24.4920864	1.5259E-05
24.504308	1.5259E-05
24.5165296	1.5259E-05
24.5287512	3.0518E-05
24.5409728	1.5259E-05
24.5531944	0
24.565416	0
24.5776376	9.15541E-05
24.5898592	0
24.6020808	1.5259E-05
24.6143024	3.0518E-05
24.626524	0
24.6387456	1.5259E-05
24.6509672	1.5259E-05
24.6631888	0
24.6754104	1.5259E-05
24.687632	1.5259E-05
24.6998536	1.5259E-05
24.7120752	1.5259E-05
24.7242968	0
24.7365184	0
24.74874	0
24.7609616	1.5259E-05
24.7731832	0
24.7854048	6.10361E-05
24.7976264	3.0518E-05
24.809848	0
24.8220696	0
24.8342912	0
24.8465128	1.5259E-05
24.8587344	1.5259E-05
24.870956	1.5259E-05
24.8831776	1.5259E-05
24.8953992	1.5259E-05
24.9076208	0
24.9198424	0
24.932064	1.5259E-05
24.9442856	4.57771E-05
24.9565072	0
24.9687288	1.5259E-05
24.9809504	0
24.993172	3.0518E-05
25.0053936	1.5259E-05
25.0176152	1.5259E-05
25.0298368	1.5259E-05
25.0420584	0
25.05428	0
25.0665016	6.10361E-05
25.0787232	1.5259E-05
25.0909448	0
25.1031664	3.0518E-05
25.115388	1.5259E-05
25.1276096	0
25.1398312	0
25.1520528	0
25.1642744	0
25.176496	0
25.1887176	1.5259E-05
25.2009392	4.57771E-05
25.2131608	1.5259E-05
25.2253824	0
25.237604	1.5259E-05
25.2498256	0
25.2620472	1.5259E-05
25.2742688	1.5259E-05
25.2864904	0
25.298712	1.5259E-05
25.3109336	0
25.3231552	0
25.3353768	0
25.3475984	0
25.35982	1.5259E-05
25.3720416	1.5259E-05
25.3842632	1.5259E-05
25.3964848	0
25.4087064	0
25.420928	0
25.4331496	3.0518E-05
25.4453712	1.5259E-05
25.4575928	0
25.4698144	0
25.482036	0
25.4942576	1.5259E-05
25.5064792	1.5259E-05
25.5187008	0
25.5309224	0
25.543144	1.5259E-05
25.5553656	3.0518E-05
25.5675872	0
25.5798088	0
25.5920304	1.5259E-05
25.604252	0
25.6164736	1.5259E-05
25.6286952	0
25.6409168	3.0518E-05
25.6531384	3.0518E-05
25.66536	1.5259E-05
25.6775816	4.57771E-05
25.6898032	0
25.7020248	1.5259E-05
25.7142464	1.5259E-05
25.726468	0
25.7386896	1.5259E-05
25.7509112	0
25.7631328	0
25.7753544	3.0518E-05
25.787576	1.5259E-05
25.7997976	0
25.8120192	0
25.8242408	0
25.8364624	0
25.848684	1.5259E-05
25.8609056	3.0518E-05
25.8731272	1.5259E-05
25.8853488	0
25.8975704	0
25.909792	0
25.9220136	0
25.9342352	0
25.9464568	0
25.9586784	3.0518E-05
25.9709	0
25.9831216	1.5259E-05
25.9953432	1.5259E-05
26.0075648	1.5259E-05
26.0197864	0
26.032008	0
26.0442296	0
26.0564512	1.5259E-05
26.0686728	0
26.0808944	1.5259E-05
26.093116	1.5259E-05
26.1053376	1.5259E-05
26.1175592	1.5259E-05
26.1297808	0
26.1420024	0
26.154224	0
26.1664456	0
26.1786672	1.5259E-05
26.1908888	0
26.2031104	0
26.215332	1.5259E-05
26.2275536	1.5259E-05
26.2397752	1.5259E-05
26.2519968	0
26.2642184	1.5259E-05
26.27644	3.0518E-05
26.2886616	1.5259E-05
26.3008832	0
26.3131048	3.0518E-05
26.3253264	3.0518E-05
26.337548	3.0518E-05
26.3497696	1.5259E-05
26.3619912	0
26.3742128	1.5259E-05
26.3864344	4.57771E-05
26.398656	1.5259E-05
26.4108776	0
26.4230992	0
26.4353208	1.5259E-05
26.4475424	7.62951E-05
26.459764	0
26.4719856	3.0518E-05
26.4842072	4.57771E-05
26.4964288	4.57771E-05
26.5086504	1.5259E-05
26.520872	0
26.5330936	1.5259E-05
26.5453152	1.5259E-05
26.5575368	3.0518E-05
26.5697584	0
26.58198	1.5259E-05
26.5942016	0
26.6064232	1.5259E-05
26.6186448	3.0518E-05
26.6308664	0
26.643088	3.0518E-05
26.6553096	0
26.6675312	1.5259E-05
26.6797528	1.5259E-05
26.6919744	0
26.704196	0
26.7164176	1.5259E-05
26.7286392	3.0518E-05
26.7408608	0
26.7530824	1.5259E-05
26.765304	0
26.7775256	0
26.7897472	3.0518E-05
26.8019688	3.0518E-05
26.8141904	0
26.826412	1.5259E-05
26.8386336	0
26.8508552	0
26.8630768	3.0518E-05
26.8752984	0
26.88752	0
26.8997416	0
26.9119632	1.5259E-05
26.9241848	0
26.9364064	0
26.948628	0
26.9608496	0
26.9730712	1.5259E-05
26.9852928	0
26.9975144	0
27.009736	1.5259E-05
27.0219576	0
27.0341792	3.0518E-05
27.0464008	1.5259E-05
27.0586224	1.5259E-05
27.070844	1.5259E-05
27.0830656	3.0518E-05
27.0952872	0
27.1075088	0
27.1197304	3.0518E-05
27.131952	3.0518E-05
27.1441736	0
27.1563952	3.0518E-05
27.1686168	1.5259E-05
27.1808384	3.0518E-05
27.19306	0
27.2052816	0
27.2175032	0
27.2297248	3.0518E-05
27.2419464	0
27.254168	0
27.2663896	0
27.2786112	1.5259E-05
27.2908328	0
27.3030544	1.5259E-05
27.315276	0
27.3274976	1.5259E-05
27.3397192	1.5259E-05
27.3519408	1.5259E-05
27.3641624	0
27.376384	1.5259E-05
27.3886056	4.57771E-05
27.4008272	1.5259E-05
27.4130488	0
27.4252704	1.5259E-05
27.437492	0
27.4497136	3.0518E-05
27.4619352	0
27.4741568	3.0518E-05
27.4863784	0
27.4986	1.5259E-05
27.5108216	3.0518E-05
27.5230432	1.5259E-05
27.5352648	0
27.5474864	0
27.559708	3.0518E-05
27.5719296	0
27.5841512	1.5259E-05
27.5963728	0
27.6085944	1.5259E-05
27.620816	3.0518E-05
27.6330376	0
27.6452592	0
27.6574808	1.5259E-05
27.6697024	1.5259E-05
27.681924	1.5259E-05
27.6941456	0
27.7063672	1.5259E-05
27.7185888	1.5259E-05
27.7308104	1.5259E-05
27.743032	3.0518E-05
27.7552536	1.5259E-05
27.7674752	0
27.7796968	1.5259E-05
27.7919184	1.5259E-05
27.80414	0
27.8163616	1.5259E-05
27.8285832	1.5259E-05
27.8408048	0
27.8530264	4.57771E-05
27.865248	3.0518E-05
27.8774696	0
27.8896912	0
27.9019128	1.5259E-05
27.9141344	1.5259E-05
27.926356	3.0518E-05
27.9385776	1.5259E-05
27.9507992	1.5259E-05
27.9630208	1.5259E-05
27.9752424	3.0518E-05
27.987464	1.5259E-05
27.9996856	0
28.0119072	0
28.0241288	3.0518E-05
28.0363504	0
28.048572	1.5259E-05
28.0607936	3.0518E-05
28.0730152	0
28.0852368	1.5259E-05
28.0974584	1.5259E-05
28.10968	3.0518E-05
28.1219016	4.57771E-05
28.1341232	0
28.1463448	4.57771E-05
28.1585664	0
28.170788	4.57771E-05
28.1830096	1.5259E-05
28.1952312	0
28.2074528	1.5259E-05
28.2196744	1.5259E-05
28.231896	0
28.2441176	1.5259E-05
28.2563392	3.0518E-05
28.2685608	0
28.2807824	0
28.293004	3.0518E-05
28.3052256	3.0518E-05
28.3174472	1.5259E-05
28.3296688	1.5259E-05
28.3418904	1.5259E-05
28.354112	1.5259E-05
28.3663336	0
28.3785552	3.0518E-05
28.3907768	3.0518E-05
28.4029984	1.5259E-05
28.41522	1.5259E-05
28.4274416	1.5259E-05
28.4396632	1.5259E-05
28.4518848	0
28.4641064	1.5259E-05
28.476328	3.0518E-05
28.4885496	4.57771E-05
28.5007712	0
28.5129928	3.0518E-05
28.5252144	1.5259E-05
28.537436	0
28.5496576	0
28.5618792	4.57771E-05
28.5741008	0
28.5863224	0
28.598544	4.57771E-05
28.6107656	3.0518E-05
28.6229872	0
28.6352088	1.5259E-05
28.6474304	0
28.659652	0
28.6718736	1.5259E-05
28.6840952	0
28.6963168	0
28.7085384	0
28.72076	1.5259E-05
28.7329816	0
28.7452032	4.57771E-05
28.7574248	0
28.7696464	0
28.781868	1.5259E-05
28.7940896	3.0518E-05
28.8063112	1.5259E-05
28.8185328	1.5259E-05
28.8307544	1.5259E-05
28.842976	0
28.8551976	0
28.8674192	1.5259E-05
28.8796408	0
28.8918624	3.0518E-05
28.904084	1.5259E-05
28.9163056	3.0518E-05
28.9285272	0
28.9407488	3.0518E-05
28.9529704	0
28.965192	0
28.9774136	1.5259E-05
28.9896352	4.57771E-05
29.0018568	0
29.0140784	3.0518E-05
29.0263	0
29.0385216	0
29.0507432	1.5259E-05
29.0629648	1.5259E-05
29.0751864	3.0518E-05
29.087408	0
29.0996296	3.0518E-05
29.1118512	4.57771E-05
29.1240728	1.5259E-05
29.1362944	1.5259E-05
29.148516	1.5259E-05
29.1607376	0
29.1729592	0
29.1851808	3.0518E-05
29.1974024	0
29.209624	0
29.2218456	3.0518E-05
29.2340672	0
29.2462888	0
29.2585104	1.5259E-05
29.270732	4.57771E-05
29.2829536	1.5259E-05
29.2951752	0
29.3073968	3.0518E-05
29.3196184	1.5259E-05
29.33184	6.10361E-05
29.3440616	3.0518E-05
29.3562832	0
29.3685048	4.57771E-05
29.3807264	3.0518E-05
29.392948	6.10361E-05
29.4051696	1.5259E-05
29.4173912	1.5259E-05
29.4296128	0
29.4418344	1.5259E-05
29.454056	0
29.4662776	4.57771E-05
29.4784992	4.57771E-05
29.4907208	4.57771E-05
29.5029424	0
29.515164	3.0518E-05
29.5273856	0
29.5396072	0
29.5518288	0
29.5640504	3.0518E-05
29.576272	4.57771E-05
29.5884936	1.5259E-05
29.6007152	0
29.6129368	0
29.6251584	0
29.63738	0
29.6496016	1.5259E-05
29.6618232	1.5259E-05
29.6740448	1.5259E-05
29.6862664	0
29.698488	3.0518E-05
29.7107096	1.5259E-05
29.7229312	1.5259E-05
29.7351528	4.57771E-05
29.7473744	4.57771E-05
29.759596	3.0518E-05
29.7718176	0
29.7840392	0
29.7962608	0
29.8084824	1.5259E-05
29.820704	3.0518E-05
29.8329256	1.5259E-05
29.8451472	3.0518E-05
29.8573688	1.5259E-05
29.8695904	1.5259E-05
29.881812	1.5259E-05
29.8940336	3.0518E-05
29.9062552	0
29.9184768	3.0518E-05
29.9306984	0
29.94292	1.5259E-05
29.9551416	1.5259E-05
29.9673632	0
29.9795848	1.5259E-05
29.9918064	0
30.004028	1.5259E-05
30.0162496	0
30.0284712	1.5259E-05
30.0406928	1.5259E-05
30.0529144	3.0518E-05
30.065136	0
30.0773576	0
30.0895792	3.0518E-05
30.1018008	3.0518E-05
30.1140224	1.5259E-05
30.126244	0
30.1384656	1.5259E-05
30.1506872	1.5259E-05
30.1629088	1.5259E-05
30.1751304	0
30.187352	1.5259E-05
30.1995736	0
30.2117952	1.5259E-05
30.2240168	0
30.2362384	1.5259E-05
30.24846	0
30.2606816	1.5259E-05
30.2729032	3.0518E-05
30.2851248	1.5259E-05
30.2973464	0
30.309568	6.10361E-05
30.3217896	1.5259E-05
30.3340112	0
30.3462328	1.5259E-05
30.3584544	4.57771E-05
30.370676	4.57771E-05
30.3828976	0
30.3951192	0
30.4073408	4.57771E-05
30.4195624	0
30.431784	1.5259E-05
30.4440056	1.5259E-05
30.4562272	0
30.4684488	1.5259E-05
30.4806704	3.0518E-05
30.492892	1.5259E-05
30.5051136	1.5259E-05
30.5173352	1.5259E-05
30.5295568	0
30.5417784	0
30.554	1.5259E-05
30.5662216	4.57771E-05
30.5784432	3.0518E-05
30.5906648	3.0518E-05
30.6028864	0
30.615108	0
30.6273296	3.0518E-05
30.6395512	1.5259E-05
30.6517728	0
30.6639944	0
30.676216	0
30.6884376	0
30.7006592	1.5259E-05
30.7128808	1.5259E-05
30.7251024	0
30.737324	1.5259E-05
30.7495456	1.5259E-05
30.7617672	1.5259E-05
30.7739888	0
30.7862104	3.0518E-05
30.798432	1.5259E-05
30.8106536	0
30.8228752	0
30.8350968	3.0518E-05
30.8473184	4.57771E-05
30.85954	0
30.8717616	0
30.8839832	0
30.8962048	1.5259E-05
30.9084264	1.5259E-05
30.920648	1.5259E-05
30.9328696	3.0518E-05
30.9450912	3.0518E-05
30.9573128	3.0518E-05
30.9695344	4.57771E-05
30.981756	4.57771E-05
30.9939776	3.0518E-05
31.0061992	0
31.0184208	0
31.0306424	0
31.042864	1.5259E-05
31.0550856	1.5259E-05
31.0673072	1.5259E-05
31.0795288	3.0518E-05
31.0917504	0
31.103972	3.0518E-05
31.1161936	0
31.1284152	1.5259E-05
31.1406368	0
31.1528584	0
31.16508	0
31.1773016	0
31.1895232	1.5259E-05
31.2017448	0
31.2139664	0
31.226188	1.5259E-05
31.2384096	4.57771E-05
31.2506312	1.5259E-05
31.2628528	0
31.2750744	0
31.287296	0
31.2995176	0
31.3117392	0
31.3239608	0
31.3361824	1.5259E-05
31.348404	0
31.3606256	0
31.3728472	4.57771E-05
31.3850688	3.0518E-05
31.3972904	0
31.409512	1.5259E-05
31.4217336	0
31.4339552	0
31.4461768	3.0518E-05
31.4583984	3.0518E-05
31.47062	3.0518E-05
31.4828416	0
31.4950632	0
31.5072848	3.0518E-05
31.5195064	0
31.531728	1.5259E-05
31.5439496	0
31.5561712	0
31.5683928	0
31.5806144	0
31.592836	1.5259E-05
31.6050576	1.5259E-05
31.6172792	1.5259E-05
31.6295008	0
31.6417224	0
31.653944	1.5259E-05
31.6661656	1.5259E-05
31.6783872	3.0518E-05
31.6906088	0
31.7028304	1.5259E-05
31.715052	0
31.7272736	0
31.7394952	3.0518E-05
31.7517168	0
31.7639384	1.5259E-05
31.77616	0
31.7883816	1.5259E-05
31.8006032	0
31.8128248	1.5259E-05
31.8250464	0
31.837268	0
31.8494896	3.0518E-05
31.8617112	1.5259E-05
31.8739328	0
31.8861544	0
31.898376	0
31.9105976	0
31.9228192	0
31.9350408	3.0518E-05
31.9472624	1.5259E-05
31.959484	0
31.9717056	3.0518E-05
31.9839272	1.5259E-05
31.9961488	0
32.0083704	1.5259E-05
32.020592	0
32.0328136	1.5259E-05
32.0450352	1.5259E-05
32.0572568	0
32.0694784	1.5259E-05
32.0817	0
32.0939216	0
32.1061432	1.5259E-05
32.1183648	1.5259E-05
32.1305864	1.5259E-05
32.142808	1.5259E-05
32.1550296	1.5259E-05
32.1672512	1.5259E-05
32.1794728	0
32.1916944	1.5259E-05
32.203916	0
32.2161376	1.5259E-05
32.2283592	1.5259E-05
32.2405808	1.5259E-05
32.2528024	4.57771E-05
32.265024	1.5259E-05
32.2772456	1.5259E-05
32.2894672	0
32.3016888	0
32.3139104	3.0518E-05
32.326132	1.5259E-05
32.3383536	0
32.3505752	1.5259E-05
32.3627968	0
32.3750184	3.0518E-05
32.38724	1.5259E-05
32.3994616	3.0518E-05
32.4116832	0
32.4239048	0
32.4361264	0
32.448348	0
32.4605696	0
32.4727912	1.5259E-05
32.4850128	1.5259E-05
32.4972344	0
32.509456	4.57771E-05
32.5216776	0
32.5338992	1.5259E-05
32.5461208	0
32.5583424	0
32.570564	1.5259E-05
32.5827856	0
32.5950072	0
32.6072288	3.0518E-05
32.6194504	0
32.631672	0
32.6438936	4.57771E-05
32.6561152	0
32.6683368	0
32.6805584	3.0518E-05
32.69278	0
32.7050016	0
32.7172232	1.5259E-05
32.7294448	3.0518E-05
32.7416664	0
32.753888	1.5259E-05
32.7661096	1.5259E-05
32.7783312	1.5259E-05
32.7905528	0
32.8027744	1.5259E-05
32.814996	4.57771E-05
32.8272176	3.0518E-05
32.8394392	1.5259E-05
32.8516608	1.5259E-05
32.8638824	0
32.876104	0
32.8883256	1.5259E-05
32.9005472	0
32.9127688	1.5259E-05
32.9249904	0
32.937212	1.5259E-05
32.9494336	1.5259E-05
32.9616552	1.5259E-05
32.9738768	4.57771E-05
32.9860984	0
32.99832	1.5259E-05
33.0105416	3.0518E-05
33.0227632	1.5259E-05
33.0349848	3.0518E-05
33.0472064	0
33.059428	0
33.0716496	1.5259E-05
33.0838712	0
33.0960928	3.0518E-05
33.1083144	0
33.120536	1.5259E-05
33.1327576	1.5259E-05
33.1449792	0
33.1572008	3.0518E-05
33.1694224	1.5259E-05
33.181644	0
33.1938656	1.5259E-05
33.2060872	0
33.2183088	0
33.2305304	1.5259E-05
33.242752	0
33.2549736	0
33.2671952	1.5259E-05
33.2794168	3.0518E-05
33.2916384	0
33.30386	1.5259E-05
33.3160816	0
33.3283032	1.5259E-05
33.3405248	1.5259E-05
33.3527464	0
33.364968	0
33.3771896	0
33.3894112	0
33.4016328	1.5259E-05
33.4138544	3.0518E-05
33.426076	0
33.4382976	4.57771E-05
33.4505192	0
33.4627408	3.0518E-05
33.4749624	0
33.487184	0
33.4994056	1.5259E-05
33.5116272	0
33.5238488	1.5259E-05
33.5360704	0
33.548292	0
33.5605136	0
33.5727352	0
33.5849568	1.5259E-05
33.5971784	1.5259E-05
33.6094	1.5259E-05
33.6216216	1.5259E-05
33.6338432	1.5259E-05
33.6460648	1.5259E-05
33.6582864	1.5259E-05
33.670508	0
33.6827296	1.5259E-05
33.6949512	0
33.7071728	1.5259E-05
33.7193944	0
33.731616	1.5259E-05
33.7438376	0
33.7560592	0
33.7682808	0
33.7805024	4.57771E-05
33.792724	0
33.8049456	0
33.8171672	3.0518E-05
33.8293888	0
33.8416104	3.0518E-05
33.853832	1.5259E-05
33.8660536	0
33.8782752	1.5259E-05
33.8904968	0
33.9027184	0
33.91494	0
33.9271616	1.5259E-05
33.9393832	0
33.9516048	3.0518E-05
33.9638264	0
33.976048	1.5259E-05
33.9882696	4.57771E-05
34.0004912	0
34.0127128	1.5259E-05
34.0249344	0
34.037156	4.57771E-05
34.0493776	1.5259E-05
34.0615992	1.5259E-05
34.0738208	3.0518E-05
34.0860424	0
34.098264	0
34.1104856	0
34.1227072	0
34.1349288	1.5259E-05
34.1471504	0
34.159372	0
34.1715936	3.0518E-05
34.1838152	3.0518E-05
34.1960368	0
34.2082584	1.5259E-05
34.22048	0
34.2327016	0
34.2449232	0
34.2571448	0
34.2693664	1.5259E-05
34.281588	3.0518E-05
34.2938096	1.5259E-05
34.3060312	0
34.3182528	0
34.3304744	1.5259E-05
34.342696	1.5259E-05
34.3549176	0
34.3671392	0
34.3793608	0
34.3915824	0
34.403804	1.5259E-05
34.4160256	1.5259E-05
34.4282472	3.0518E-05
34.4404688	0
34.4526904	1.5259E-05
34.464912	0
34.4771336	0
34.4893552	0
34.5015768	0
34.5137984	1.5259E-05
34.52602	0
34.5382416	1.5259E-05
34.5504632	3.0518E-05
34.5626848	1.5259E-05
34.5749064	1.5259E-05
34.587128	1.5259E-05
34.5993496	3.0518E-05
34.6115712	0
34.6237928	0
34.6360144	0
34.648236	1.5259E-05
34.6604576	0
34.6726792	1.5259E-05
34.6849008	1.5259E-05
34.6971224	0
34.709344	3.0518E-05
34.7215656	3.0518E-05
34.7337872	1.5259E-05
34.7460088	0
34.7582304	0
34.770452	0
34.7826736	1.5259E-05
34.7948952	0
34.8071168	0
34.8193384	1.5259E-05
34.83156	1.5259E-05
34.8437816	1.5259E-05
34.8560032	3.0518E-05
34.8682248	0
34.8804464	3.0518E-05
34.892668	0
34.9048896	0
34.9171112	0
34.9293328	3.0518E-05
34.9415544	0
34.953776	0
34.9659976	1.5259E-05
34.9782192	0
34.9904408	0
35.0026624	4.57771E-05
35.014884	1.5259E-05
35.0271056	3.0518E-05
35.0393272	4.57771E-05
35.0515488	0
35.0637704	3.0518E-05
35.075992	0
35.0882136	0
35.1004352	0
35.1126568	1.5259E-05
35.1248784	0
35.1371	0
35.1493216	0
35.1615432	0
35.1737648	0
35.1859864	1.5259E-05
35.198208	0
35.2104296	1.5259E-05
35.2226512	0
35.2348728	1.5259E-05
35.2470944	1.5259E-05
35.259316	1.5259E-05
35.2715376	0
35.2837592	3.0518E-05
35.2959808	1.5259E-05
35.3082024	1.5259E-05
35.320424	0
35.3326456	0
35.3448672	0
35.3570888	4.57771E-05
35.3693104	1.5259E-05
35.381532	3.0518E-05
35.3937536	3.0518E-05
35.4059752	0
35.4181968	1.5259E-05
35.4304184	1.5259E-05
35.44264	1.5259E-05
35.4548616	0
35.4670832	0
35.4793048	0
35.4915264	0
35.503748	0
35.5159696	0
35.5281912	1.5259E-05
35.5404128	3.0518E-05
35.5526344	0
35.564856	1.5259E-05
35.5770776	0
35.5892992	0
35.6015208	3.0518E-05
35.6137424	1.5259E-05
35.625964	0
35.6381856	0
35.6504072	1.5259E-05
35.6626288	3.0518E-05
35.6748504	3.0518E-05
35.687072	1.5259E-05
35.6992936	1.5259E-05
35.7115152	3.0518E-05
35.7237368	0
35.7359584	0
35.74818	1.5259E-05
35.7604016	1.5259E-05
35.7726232	1.5259E-05
35.7848448	1.5259E-05
35.7970664	1.5259E-05
35.809288	0
35.8215096	0
35.8337312	0
35.8459528	0
35.8581744	1.5259E-05
35.870396	1.5259E-05
35.8826176	1.5259E-05
35.8948392	1.5259E-05
35.9070608	1.5259E-05
35.9192824	0
35.931504	1.5259E-05
35.9437256	1.5259E-05
35.9559472	3.0518E-05
35.9681688	1.5259E-05
35.9803904	3.0518E-05
35.992612	1.5259E-05
36.0048336	1.5259E-05
36.0170552	1.5259E-05
36.0292768	1.5259E-05
36.0414984	1.5259E-05
36.05372	1.5259E-05
36.0659416	3.0518E-05
36.0781632	4.57771E-05
36.0903848	0
36.1026064	4.57771E-05
36.114828	3.0518E-05
36.1270496	1.5259E-05
36.1392712	3.0518E-05
36.1514928	0
36.1637144	0
36.175936	0
36.1881576	3.0518E-05
36.2003792	0
36.2126008	0
36.2248224	0
36.237044	0
36.2492656	0
36.2614872	0
36.2737088	0
36.2859304	1.5259E-05
36.298152	4.57771E-05
36.3103736	1.5259E-05
36.3225952	0
36.3348168	0
36.3470384	0
36.35926	0
36.3714816	0
36.3837032	1.5259E-05
36.3959248	0
36.4081464	1.5259E-05
36.420368	1.5259E-05
36.4325896	1.5259E-05
36.4448112	0
36.4570328	0
36.4692544	0
36.481476	0
36.4936976	0
36.5059192	0
36.5181408	0
36.5303624	1.5259E-05
36.542584	1.5259E-05
36.5548056	0
36.5670272	1.5259E-05
36.5792488	0
36.5914704	1.5259E-05
36.603692	1.5259E-05
36.6159136	0
36.6281352	0
36.6403568	0
36.6525784	1.5259E-05
36.6648	3.0518E-05
36.6770216	6.10361E-05
36.6892432	0
36.7014648	3.0518E-05
36.7136864	1.5259E-05
36.725908	0
36.7381296	1.5259E-05
36.7503512	1.5259E-05
36.7625728	1.5259E-05
36.7747944	1.5259E-05
36.787016	3.0518E-05
36.7992376	3.0518E-05
36.8114592	0
36.8236808	1.5259E-05
36.8359024	3.0518E-05
36.848124	1.5259E-05
36.8603456	1.5259E-05
36.8725672	1.5259E-05
36.8847888	0
36.8970104	0
36.909232	3.0518E-05
36.9214536	1.5259E-05
36.9336752	0
36.9458968	0
36.9581184	0
36.97034	4.57771E-05
36.9825616	1.5259E-05
36.9947832	0
37.0070048	3.0518E-05
37.0192264	0
37.031448	4.57771E-05
37.0436696	1.5259E-05
37.0558912	0
37.0681128	0
37.0803344	0
37.092556	1.5259E-05
37.1047776	0
37.1169992	0
37.1292208	0
37.1414424	1.5259E-05
37.153664	3.0518E-05
37.1658856	0
37.1781072	0
37.1903288	0
37.2025504	0
37.214772	0
37.2269936	0
37.2392152	1.5259E-05
37.2514368	1.5259E-05
37.2636584	0
37.27588	1.5259E-05
37.2881016	0
37.3003232	0
37.3125448	3.0518E-05
37.3247664	0
37.336988	3.0518E-05
37.3492096	0
37.3614312	0
37.3736528	3.0518E-05
37.3858744	0
37.398096	0
37.4103176	0
37.4225392	0
37.4347608	1.5259E-05
37.4469824	0
37.459204	1.5259E-05
37.4714256	3.0518E-05
37.4836472	0
37.4958688	1.5259E-05
37.5080904	1.5259E-05
37.520312	3.0518E-05
37.5325336	1.5259E-05
37.5447552	0
37.5569768	1.5259E-05
37.5691984	0
37.58142	1.5259E-05
37.5936416	1.5259E-05
37.6058632	1.5259E-05
37.6180848	1.5259E-05
37.6303064	3.0518E-05
37.642528	0
37.6547496	0
37.6669712	0
37.6791928	1.5259E-05
37.6914144	3.0518E-05
37.703636	1.5259E-05
37.7158576	0
37.7280792	0
37.7403008	3.0518E-05
37.7525224	0
37.764744	0
37.7769656	0
37.7891872	1.5259E-05
37.8014088	1.5259E-05
37.8136304	4.57771E-05
37.825852	0
37.8380736	1.5259E-05
37.8502952	3.0518E-05
37.8625168	1.5259E-05
37.8747384	0
37.88696	0
37.8991816	0
37.9114032	3.0518E-05
37.9236248	0
37.9358464	3.0518E-05
37.948068	0
37.9602896	1.5259E-05
37.9725112	1.5259E-05
37.9847328	1.5259E-05
37.9969544	1.5259E-05
38.009176	1.5259E-05
38.0213976	3.0518E-05
38.0336192	0
38.0458408	4.57771E-05
38.0580624	0
38.070284	0
38.0825056	1.5259E-05
38.0947272	1.5259E-05
38.1069488	3.0518E-05
38.1191704	0
38.131392	0
38.1436136	1.5259E-05
38.1558352	0
38.1680568	0
38.1802784	1.5259E-05
38.1925	0
38.2047216	0
38.2169432	0
38.2291648	1.5259E-05
38.2413864	0
38.253608	0
38.2658296	0
38.2780512	6.10361E-05
38.2902728	0
38.3024944	0
38.314716	0
38.3269376	1.5259E-05
38.3391592	0
38.3513808	0
38.3636024	0
38.375824	1.5259E-05
38.3880456	1.5259E-05
38.4002672	0
38.4124888	0
38.4247104	1.5259E-05
38.436932	3.0518E-05
38.4491536	0
38.4613752	0
38.4735968	0
38.4858184	0
38.49804	0
38.5102616	1.5259E-05
38.5224832	1.5259E-05
38.5347048	1.5259E-05
38.5469264	1.5259E-05
38.559148	0
38.5713696	1.5259E-05
38.5835912	0
38.5958128	3.0518E-05
38.6080344	4.57771E-05
38.620256	1.5259E-05
38.6324776	1.5259E-05
38.6446992	0
38.6569208	0
38.6691424	0
38.681364	3.0518E-05
38.6935856	0
38.7058072	0
38.7180288	0
38.7302504	1.5259E-05
38.742472	1.5259E-05
38.7546936	0
38.7669152	1.5259E-05
38.7791368	0
38.7913584	3.0518E-05
38.80358	1.5259E-05
38.8158016	0
38.8280232	3.0518E-05
38.8402448	1.5259E-05
38.8524664	1.5259E-05
38.864688	1.5259E-05
38.8769096	3.0518E-05
38.8891312	0
38.9013528	3.0518E-05
38.9135744	0
38.925796	1.5259E-05
38.9380176	0
38.9502392	0
38.9624608	1.5259E-05
38.9746824	0
38.986904	1.5259E-05
38.9991256	3.0518E-05
39.0113472	0
39.0235688	1.5259E-05
39.0357904	3.0518E-05
39.048012	0
39.0602336	0
39.0724552	1.5259E-05
39.0846768	0
39.0968984	3.0518E-05
39.10912	0
39.1213416	0
39.1335632	3.0518E-05
39.1457848	1.5259E-05
39.1580064	0
39.170228	4.57771E-05
39.1824496	0
39.1946712	0
39.2068928	0
39.2191144	3.0518E-05
39.231336	3.0518E-05
39.2435576	1.5259E-05
39.2557792	0
39.2680008	0
39.2802224	1.5259E-05
39.292444	0
39.3046656	0
39.3168872	3.0518E-05
39.3291088	0
39.3413304	3.0518E-05
39.353552	0
39.3657736	1.5259E-05
39.3779952	4.57771E-05
39.3902168	1.5259E-05
39.4024384	1.5259E-05
39.41466	0
39.4268816	0
39.4391032	0
39.4513248	3.0518E-05
39.4635464	0
39.475768	4.57771E-05
39.4879896	0
39.5002112	0
39.5124328	3.0518E-05
39.5246544	1.5259E-05
39.536876	0
39.5490976	0
39.5613192	1.5259E-05
39.5735408	1.5259E-05
39.5857624	0
39.597984	0
39.6102056	0
39.6224272	1.5259E-05
39.6346488	0
39.6468704	0
39.659092	0
39.6713136	1.5259E-05
39.6835352	0
39.6957568	1.5259E-05
39.7079784	0
39.7202	0
39.7324216	1.5259E-05
39.7446432	0
39.7568648	1.5259E-05
39.7690864	0
39.781308	0
39.7935296	0
39.8057512	1.5259E-05
39.8179728	0
39.8301944	1.5259E-05
39.842416	0
39.8546376	0
39.8668592	1.5259E-05
39.8790808	3.0518E-05
39.8913024	0
39.903524	0
39.9157456	1.5259E-05
39.9279672	1.5259E-05
39.9401888	0
39.9524104	0
39.964632	1.5259E-05
39.9768536	0
39.9890752	0
40.0012968	0
40.0135184	0
40.02574	0
40.0379616	0
40.0501832	0
40.0624048	1.5259E-05
40.0746264	1.5259E-05
40.086848	3.0518E-05
40.0990696	1.5259E-05
40.1112912	0
40.1235128	1.5259E-05
40.1357344	1.5259E-05
40.147956	1.5259E-05
40.1601776	1.5259E-05
40.1723992	1.5259E-05
40.1846208	1.5259E-05
40.1968424	0
40.209064	1.5259E-05
40.2212856	4.57771E-05
40.2335072	0
40.2457288	0
40.2579504	0
40.270172	3.0518E-05
40.2823936	1.5259E-05
40.2946152	3.0518E-05
40.3068368	1.5259E-05
40.3190584	1.5259E-05
40.33128	0
40.3435016	0
40.3557232	0
40.3679448	1.5259E-05
40.3801664	0
40.392388	0
40.4046096	1.5259E-05
40.4168312	1.5259E-05
40.4290528	0
40.4412744	0
40.453496	0
40.4657176	1.5259E-05
40.4779392	0
40.4901608	0
40.5023824	0
40.514604	1.5259E-05
40.5268256	3.0518E-05
40.5390472	1.5259E-05
40.5512688	1.5259E-05
40.5634904	3.0518E-05
40.575712	0
40.5879336	1.5259E-05
40.6001552	1.5259E-05
40.6123768	1.5259E-05
40.6245984	3.0518E-05
40.63682	1.5259E-05
40.6490416	0
40.6612632	3.0518E-05
40.6734848	0
40.6857064	0
40.697928	0
40.7101496	0
40.7223712	0
40.7345928	0
40.7468144	1.5259E-05
40.759036	1.5259E-05
40.7712576	6.10361E-05
40.7834792	0
40.7957008	3.0518E-05
40.8079224	1.5259E-05
40.820144	1.5259E-05
40.8323656	0
40.8445872	1.5259E-05
40.8568088	6.10361E-05
40.8690304	3.0518E-05
40.881252	1.5259E-05
40.8934736	0
40.9056952	1.5259E-05
40.9179168	0
40.9301384	0
40.94236	0
40.9545816	0
40.9668032	1.5259E-05
40.9790248	0
40.9912464	1.5259E-05
41.003468	0
41.0156896	3.0518E-05
41.0279112	1.5259E-05
41.0401328	1.5259E-05
41.0523544	3.0518E-05
41.064576	0
41.0767976	0
41.0890192	1.5259E-05
41.1012408	1.5259E-05
41.1134624	0
41.125684	1.5259E-05
41.1379056	0
41.1501272	0
41.1623488	0
41.1745704	0
41.186792	1.5259E-05
41.1990136	0
41.2112352	1.5259E-05
41.2234568	1.5259E-05
41.2356784	0
41.2479	0
41.2601216	0
41.2723432	0
41.2845648	1.5259E-05
41.2967864	0
41.309008	1.5259E-05
41.3212296	0
41.3334512	0
41.3456728	0
41.3578944	1.5259E-05
41.370116	0
41.3823376	0
41.3945592	0
41.4067808	1.5259E-05
41.4190024	3.0518E-05
41.431224	0
41.4434456	0
41.4556672	0
41.4678888	1.5259E-05
41.4801104	1.5259E-05
41.492332	0
41.5045536	0
41.5167752	1.5259E-05
41.5289968	1.5259E-05
41.5412184	3.0518E-05
41.55344	3.0518E-05
41.5656616	1.5259E-05
41.5778832	1.5259E-05
41.5901048	3.0518E-05
41.6023264	3.0518E-05
41.614548	0
41.6267696	1.5259E-05
41.6389912	0
41.6512128	1.5259E-05
41.6634344	1.5259E-05
41.675656	3.0518E-05
41.6878776	0
41.7000992	0
41.7123208	1.5259E-05
41.7245424	0
41.736764	1.5259E-05
41.7489856	6.10361E-05
41.7612072	0
41.7734288	1.5259E-05
41.7856504	0
41.797872	1.5259E-05
41.8100936	0
41.8223152	1.5259E-05
41.8345368	3.0518E-05
41.8467584	0
41.85898	4.57771E-05
41.8712016	3.0518E-05
41.8834232	0
41.8956448	1.5259E-05
41.9078664	0
41.920088	3.0518E-05
41.9323096	0
41.9445312	0
41.9567528	0
41.9689744	1.5259E-05
41.981196	0
41.9934176	3.0518E-05
42.0056392	0
42.0178608	0
42.0300824	1.5259E-05
42.042304	0
42.0545256	1.5259E-05
42.0667472	1.5259E-05
42.0789688	1.5259E-05
42.0911904	0
42.103412	3.0518E-05
42.1156336	3.0518E-05
42.1278552	0
42.1400768	1.5259E-05
42.1522984	0
42.16452	3.0518E-05
42.1767416	3.0518E-05
42.1889632	1.5259E-05
42.2011848	0
42.2134064	0
42.225628	3.0518E-05
42.2378496	1.5259E-05
42.2500712	0
42.2622928	0
42.2745144	3.0518E-05
42.286736	0
42.2989576	0
42.3111792	4.57771E-05
42.3234008	0
42.3356224	0
42.347844	3.0518E-05
42.3600656	0
42.3722872	6.10361E-05
42.3845088	0
42.3967304	1.5259E-05
42.408952	1.5259E-05
42.4211736	1.5259E-05
42.4333952	1.5259E-05
42.4456168	0
42.4578384	1.5259E-05
42.47006	0
42.4822816	0
42.4945032	1.5259E-05
42.5067248	1.5259E-05
42.5189464	0
42.531168	0
42.5433896	0
42.5556112	1.5259E-05
42.5678328	1.5259E-05
42.5800544	1.5259E-05
42.592276	3.0518E-05
42.6044976	0
42.6167192	0
42.6289408	0
42.6411624	1.5259E-05
42.653384	0
42.6656056	3.0518E-05
42.6778272	0
42.6900488	0
42.7022704	0
42.714492	1.5259E-05
42.7267136	0
42.7389352	0
42.7511568	0
42.7633784	1.5259E-05
42.7756	0
42.7878216	3.0518E-05
42.8000432	0
42.8122648	0
42.8244864	3.0518E-05
42.836708	1.5259E-05
42.8489296	3.0518E-05
42.8611512	0
42.8733728	1.5259E-05
42.8855944	1.5259E-05
42.897816	0
42.9100376	1.5259E-05
42.9222592	1.5259E-05
42.9344808	0
42.9467024	0
42.958924	0
42.9711456	0
42.9833672	0
42.9955888	0
43.0078104	1.5259E-05
43.020032	1.5259E-05
43.0322536	0
43.0444752	1.5259E-05
43.0566968	3.0518E-05
43.0689184	3.0518E-05
43.08114	0
43.0933616	1.5259E-05
43.1055832	1.5259E-05
43.1178048	1.5259E-05
43.1300264	3.0518E-05
43.142248	1.5259E-05
43.1544696	1.5259E-05
43.1666912	1.5259E-05
43.1789128	1.5259E-05
43.1911344	1.5259E-05
43.203356	1.5259E-05
43.2155776	0
43.2277992	1.5259E-05
43.2400208	3.0518E-05
43.2522424	0
43.264464	0
43.2766856	3.0518E-05
43.2889072	1.5259E-05
43.3011288	1.5259E-05
43.3133504	0
43.325572	0
43.3377936	0
43.3500152	1.5259E-05
43.3622368	1.5259E-05
43.3744584	1.5259E-05
43.38668	1.5259E-05
43.3989016	0
43.4111232	3.0518E-05
43.4233448	0
43.4355664	1.5259E-05
43.447788	0
43.4600096	0
43.4722312	0
43.4844528	0
43.4966744	1.5259E-05
43.508896	1.5259E-05
43.5211176	0
43.5333392	0
43.5455608	3.0518E-05
43.5577824	1.5259E-05
43.570004	1.5259E-05
43.5822256	0
43.5944472	1.5259E-05
43.6066688	0
43.6188904	1.5259E-05
43.631112	0
43.6433336	0
43.6555552	3.0518E-05
43.6677768	6.10361E-05
43.6799984	0
43.69222	0
43.7044416	3.0518E-05
43.7166632	0
43.7288848	0
43.7411064	0
43.753328	1.5259E-05
43.7655496	1.5259E-05
43.7777712	3.0518E-05
43.7899928	1.5259E-05
43.8022144	1.5259E-05
43.814436	3.0518E-05
43.8266576	1.5259E-05
43.8388792	0
43.8511008	1.5259E-05
43.8633224	0
43.875544	0
43.8877656	1.5259E-05
43.8999872	0
43.9122088	6.10361E-05
43.9244304	1.5259E-05
43.936652	0
43.9488736	0
43.9610952	1.5259E-05
43.9733168	1.5259E-05
43.9855384	1.5259E-05
43.99776	0
44.0099816	0
44.0222032	0
44.0344248	0
44.0466464	1.5259E-05
44.058868	1.5259E-05
44.0710896	1.5259E-05
44.0833112	0
44.0955328	1.5259E-05
44.1077544	0
44.119976	1.5259E-05
44.1321976	3.0518E-05
44.1444192	1.5259E-05
44.1566408	0
44.1688624	1.5259E-05
44.181084	0
44.1933056	1.5259E-05
44.2055272	1.5259E-05
44.2177488	0
44.2299704	0
44.242192	1.5259E-05
44.2544136	1.5259E-05
44.2666352	3.0518E-05
44.2788568	0
44.2910784	0
44.3033	1.5259E-05
44.3155216	0
44.3277432	1.5259E-05
44.3399648	0
44.3521864	1.5259E-05
44.364408	0
44.3766296	0
44.3888512	1.5259E-05
44.4010728	0
44.4132944	1.5259E-05
44.425516	0
44.4377376	1.5259E-05
44.4499592	1.5259E-05
44.4621808	0
44.4744024	1.5259E-05
44.486624	0
44.4988456	0
44.5110672	0
44.5232888	0
44.5355104	0
44.547732	0
44.5599536	0
44.5721752	1.5259E-05
44.5843968	0
44.5966184	1.5259E-05
44.60884	0
44.6210616	0
44.6332832	1.5259E-05
44.6455048	0
44.6577264	1.5259E-05
44.669948	1.5259E-05
44.6821696	1.5259E-05
44.6943912	0
44.7066128	1.5259E-05
44.7188344	3.0518E-05
44.731056	0
44.7432776	0
44.7554992	1.5259E-05
44.7677208	0
44.7799424	3.0518E-05
44.792164	1.5259E-05
44.8043856	0
44.8166072	0
44.8288288	1.5259E-05
44.8410504	4.57771E-05
44.853272	0
44.8654936	0
44.8777152	3.0518E-05
44.8899368	0
44.9021584	0
44.91438	1.5259E-05
44.9266016	4.57771E-05
44.9388232	0
44.9510448	0
44.9632664	0
44.975488	3.0518E-05
44.9877096	0
44.9999312	0
45.0121528	1.5259E-05
45.0243744	1.5259E-05
45.036596	0
45.0488176	1.5259E-05
45.0610392	1.5259E-05
45.0732608	0
45.0854824	0
45.097704	0
45.1099256	0
45.1221472	1.5259E-05
45.1343688	1.5259E-05
45.1465904	1.5259E-05
45.158812	3.0518E-05
45.1710336	1.5259E-05
45.1832552	0
45.1954768	0
45.2076984	1.5259E-05
45.21992	0
45.2321416	1.5259E-05
45.2443632	0
45.2565848	0
45.2688064	0
45.281028	1.5259E-05
45.2932496	1.5259E-05
45.3054712	0
45.3176928	0
45.3299144	0
45.342136	1.5259E-05
45.3543576	3.0518E-05
45.3665792	1.5259E-05
45.3788008	3.0518E-05
45.3910224	0
45.403244	1.5259E-05
45.4154656	0
45.4276872	1.5259E-05
45.4399088	0
45.4521304	1.5259E-05
45.464352	1.5259E-05
45.4765736	3.0518E-05
45.4887952	3.0518E-05
45.5010168	1.5259E-05
45.5132384	3.0518E-05
45.52546	1.5259E-05
45.5376816	3.0518E-05
45.5499032	0
45.5621248	0
45.5743464	0
45.586568	0
45.5987896	3.0518E-05
45.6110112	0
45.6232328	1.5259E-05
45.6354544	1.5259E-05
45.647676	1.5259E-05
45.6598976	3.0518E-05
45.6721192	1.5259E-05
45.6843408	0
45.6965624	1.5259E-05
45.708784	0
45.7210056	0
45.7332272	0
45.7454488	3.0518E-05
45.7576704	1.5259E-05
45.769892	3.0518E-05
45.7821136	1.5259E-05
45.7943352	3.0518E-05
45.8065568	1.5259E-05
45.8187784	0
45.831	1.5259E-05
45.8432216	1.5259E-05
45.8554432	0
45.8676648	0
45.8798864	0
45.892108	0
45.9043296	1.5259E-05
45.9165512	1.5259E-05
45.9287728	0
45.9409944	0
45.953216	1.5259E-05
45.9654376	3.0518E-05
45.9776592	0
45.9898808	0
46.0021024	3.0518E-05
46.014324	3.0518E-05
46.0265456	0
46.0387672	1.5259E-05
46.0509888	1.5259E-05
46.0632104	0
46.075432	0
46.0876536	1.5259E-05
46.0998752	1.5259E-05
46.1120968	1.5259E-05
46.1243184	1.5259E-05
46.13654	0
46.1487616	0
46.1609832	0
46.1732048	3.0518E-05
46.1854264	0
46.197648	0
46.2098696	1.5259E-05
46.2220912	0
46.2343128	3.0518E-05
46.2465344	1.5259E-05
46.258756	0
46.2709776	0
46.2831992	0
46.2954208	0
46.3076424	0
46.319864	3.0518E-05
46.3320856	0
46.3443072	3.0518E-05
46.3565288	0
46.3687504	1.5259E-05
46.380972	1.5259E-05
46.3931936	0
46.4054152	1.5259E-05
46.4176368	0
46.4298584	3.0518E-05
46.44208	0
46.4543016	3.0518E-05
46.4665232	0
46.4787448	0
46.4909664	4.57771E-05
46.503188	1.5259E-05
46.5154096	0
46.5276312	0
46.5398528	0
46.5520744	0
46.564296	0
46.5765176	1.5259E-05
46.5887392	0
46.6009608	3.0518E-05
46.6131824	1.5259E-05
46.625404	0
46.6376256	3.0518E-05
46.6498472	3.0518E-05
46.6620688	3.0518E-05
46.6742904	3.0518E-05
46.686512	1.5259E-05
46.6987336	0
46.7109552	1.5259E-05
46.7231768	1.5259E-05
46.7353984	0
46.74762	0
46.7598416	0
46.7720632	4.57771E-05
46.7842848	0
46.7965064	1.5259E-05
46.808728	0
46.8209496	4.57771E-05
46.8331712	1.5259E-05
46.8453928	0
46.8576144	1.5259E-05
46.869836	1.5259E-05
46.8820576	0
46.8942792	0
46.9065008	3.0518E-05
46.9187224	0
46.930944	3.0518E-05
46.9431656	1.5259E-05
46.9553872	0
46.9676088	0
46.9798304	0
46.992052	0
47.0042736	1.5259E-05
47.0164952	3.0518E-05
47.0287168	0
47.0409384	0
47.05316	3.0518E-05
47.0653816	0
47.0776032	4.57771E-05
47.0898248	0
47.1020464	3.0518E-05
47.114268	0
47.1264896	0
47.1387112	0
47.1509328	1.5259E-05
47.1631544	0
47.175376	1.5259E-05
47.1875976	0
47.1998192	3.0518E-05
47.2120408	0
47.2242624	1.5259E-05
47.236484	0
47.2487056	1.5259E-05
47.2609272	3.0518E-05
47.2731488	3.0518E-05
47.2853704	4.57771E-05
47.297592	6.10361E-05
47.3098136	1.5259E-05
47.3220352	0
47.3342568	0
47.3464784	1.5259E-05
47.3587	1.5259E-05
47.3709216	1.5259E-05
47.3831432	0
47.3953648	3.0518E-05
47.4075864	0
47.419808	3.0518E-05
47.4320296	4.57771E-05
47.4442512	0
47.4564728	1.5259E-05
47.4686944	1.5259E-05
47.480916	6.10361E-05
47.4931376	4.57771E-05
47.5053592	0
47.5175808	1.5259E-05
47.5298024	1.5259E-05
47.542024	3.0518E-05
47.5542456	3.0518E-05
47.5664672	1.5259E-05
47.5786888	3.0518E-05
47.5909104	0
47.603132	0
47.6153536	1.5259E-05
47.6275752	1.5259E-05
47.6397968	1.5259E-05
47.6520184	4.57771E-05
47.66424	0
47.6764616	0
47.6886832	3.0518E-05
47.7009048	1.5259E-05
47.7131264	4.57771E-05
47.725348	6.10361E-05
47.7375696	1.5259E-05
47.7497912	3.0518E-05
47.7620128	4.57771E-05
47.7742344	1.5259E-05
47.786456	3.0518E-05
47.7986776	6.10361E-05
47.8108992	4.57771E-05
47.8231208	4.57771E-05
47.8353424	6.10361E-05
47.847564	1.5259E-05
47.8597856	3.0518E-05
47.8720072	4.57771E-05
47.8842288	4.57771E-05
47.8964504	4.57771E-05
47.908672	1.5259E-05
47.9208936	3.0518E-05
47.9331152	1.5259E-05
47.9453368	0
47.9575584	0
47.96978	0
47.9820016	0
47.9942232	0
48.0064448	0
48.0186664	0
48.030888	0
48.0431096	0
48.0553312	0
48.0675528	0
48.0797744	0
48.091996	0
48.1042176	0
48.1164392	0
48.1286608	0
48.1408824	0
48.153104	0
48.1653256	0
48.1775472	0
48.1897688	0
48.2019904	0
48.214212	0
48.2264336	0
48.2386552	0
48.2508768	0
48.2630984	0
48.27532	0
48.2875416	0
48.2997632	0
48.3119848	0
48.3242064	0
48.336428	0
48.3486496	0
48.3608712	0
48.3730928	0
48.3853144	0
48.397536	0
48.4097576	0
48.4219792	0
48.4342008	0
48.4464224	0
48.458644	0
48.4708656	0
48.4830872	0
48.4953088	0
48.5075304	0
48.519752	0
48.5319736	0
48.5441952	0
48.5564168	0
48.5686384	0
48.58086	0
48.5930816	0
48.6053032	0
48.6175248	0
48.6297464	0
48.641968	0
48.6541896	0
48.6664112	0
48.6786328	0
48.6908544	0
48.703076	1.5259E-05
48.7152976	1.5259E-05
48.7275192	0
48.7397408	0
48.7519624	0
48.764184	0
48.7764056	0
48.7886272	0
48.8008488	0
48.8130704	0
48.825292	0
48.8375136	0
48.8497352	0
48.8619568	0
48.8741784	0
48.8864	0
48.8986216	0
48.9108432	0
48.9230648	0
48.9352864	0
48.947508	0
48.9597296	0
48.9719512	0
48.9841728	0
48.9963944	0
49.008616	0
49.0208376	0
49.0330592	0
49.0452808	0
49.0575024	0
49.069724	0
49.0819456	0
49.0941672	0
49.1063888	0
49.1186104	0
49.130832	0
49.1430536	0
49.1552752	0
49.1674968	0
49.1797184	0
49.19194	0
49.2041616	0
49.2163832	0
49.2286048	0
49.2408264	0
49.253048	0
49.2652696	0
49.2774912	0
49.2897128	0
49.3019344	0
49.314156	0
49.3263776	0
49.3385992	0
49.3508208	0
49.3630424	0
49.375264	0
49.3874856	0
49.3997072	0
49.4119288	0
49.4241504	0
49.436372	0
49.4485936	0
49.4608152	0
49.4730368	0
49.4852584	0
49.49748	0
49.5097016	0
49.5219232	0
49.5341448	0
49.5463664	0
49.558588	0
49.5708096	0
49.5830312	0
49.5952528	0
49.6074744	0
49.619696	0
49.6319176	0
49.6441392	0
49.6563608	0
49.6685824	0
49.680804	0
49.6930256	0
49.7052472	0
49.7174688	0
49.7296904	0
49.741912	0
49.7541336	0
49.7663552	0
49.7785768	0
49.7907984	0
49.80302	0
49.8152416	0
49.8274632	0
49.8396848	0
49.8519064	0
49.864128	0
49.8763496	0
49.8885712	0
49.9007928	0
49.9130144	0
49.925236	0
49.9374576	0
49.9496792	0
49.9619008	0
49.9741224	0
49.986344	0
49.9985656	0
50.0107872	0
50.0230088	0
50.0352304	0
50.047452	0