#time	counts
0	0
0.0122216	0
0.0244432	0
0.0366648	0
0.0488864	0
0.061108	0
0.0733296	0
0.0855512	0
0.0977728	0
0.1099944	0
0.122216	0
0.1344376	0
0.1466592	0
0.1588808	0
0.1711024	0
0.183324	0
0.1955456	0
0.2077672	0
0.2199888	0
0.2322104	0
0.244432	0
0.2566536	0
0.2688752	0
0.2810968	0
0.2933184	0
0.30554	0
0.3177616	0
0.3299832	0
0.3422048	0
0.3544264	0
0.366648	0
0.3788696	0
0.3910912	0
0.4033128	0
0.4155344	0
0.427756	0
0.4399776	0
0.4521992	7.57E-05
0.4644208	7.57E-05
0.4766424	0
0.488864	0.000227221
0.5010856	0.000151481
0.5133072	0
0.5255288	7.57E-05
0.5377504	0.000227221
0.549972	0.000227221
0.5621936	0.000227221
0.5744152	0.000605923
0.5866368	0.000302961
0.5988584	0.000378702
0.61108	0.000227221
0.6233016	0.000378702
0.6355232	0.000151481
0.6477448	7.57E-05
0.6599664	0.000530183
0.672188	0.000605923
0.6844096	0.000378702
0.6966312	0.000227221
0.7088528	0.000378702
0.7210744	0.000302961
0.733296	0.000530183
0.7455176	0.000454442
0.7577392	0
0.7699608	0.000454442
0.7821824	0.000227221
0.794404	0.000530183
0.8066256	0.000605923
0.8188472	0.000227221
0.8310688	0.000302961
0.8432904	0.000454442
0.855512	0.000227221
0.8677336	0.000757404
0.8799552	0.000302961
0.8921768	0.000530183
0.9043984	0.000302961
0.91662	0.000227221
0.9288416	0.000302961
0.9410632	0.000833144
0.9532848	0.000681663
0.9655064	0.000378702
0.977728	0.000530183
0.9899496	0.000227221
1.0021712	0.000833144
1.0143928	0.000454442
1.0266144	0.000378702
1.038836	0.000302961
1.0510576	0.000151481
1.0632792	0.000227221
1.0755008	0.000151481
1.0877224	0.000227221
1.099944	0.000454442
1.1121656	0.000605923
1.1243872	0.000378702
1.1366088	0.000227221
1.1488304	0.000454442
1.161052	0.000378702
1.1732736	0.000530183
1.1854952	0.000227221
1.1977168	0.000378702
1.2099384	0.000302961
1.22216	0.000605923
1.2343816	0.000605923
1.2466032	0.000605923
1.2588248	0.000833144
1.2710464	0.000681663
1.283268	0.000454442
1.2954896	0.000605923
1.3077112	0.000757404
1.3199328	0.000605923
1.3321544	0.000454442
1.344376	0.000302961
1.3565976	0.000605923
1.3688192	0.000302961
1.3810408	0.000454442
1.3932624	0.000454442
1.405484	0.000530183
1.4177056	0.000454442
1.4299272	0.000833144
1.4421488	0.000151481
1.4543704	0.000757404
1.466592	0.000378702
1.4788136	0.000681663
1.4910352	0.000530183
1.5032568	0.000605923
1.5154784	0.000454442
1.5277	0.000605923
1.5399216	0.000681663
1.5521432	0.000530183
1.5643648	0.000605923
1.5765864	0.000378702
1.588808	0.000908884
1.6010296	0.000681663
1.6132512	0.000530183
1.6254728	0.000681663
1.6376944	0.000454442
1.649916	0.000302961
1.6621376	0.000530183
1.6743592	0.000378702
1.6865808	0.000681663
1.6988024	0.000454442
1.711024	0.000605923
1.7232456	0.000605923
1.7354672	0.000530183
1.7476888	0.000605923
1.7599104	0.000681663
1.772132	0.000681663
1.7843536	0.000227221
1.7965752	0.000908884
1.8087968	0.000605923
1.8210184	0.000530183
1.83324	0.000681663
1.8454616	0.000605923
1.8576832	0.000681663
1.8699048	0.000151481
1.8821264	0.000530183
1.894348	0.000530183
1.9065696	0.000530183
1.9187912	0.000757404
1.9310128	0.000833144
1.9432344	0.000530183
1.955456	0.000454442
1.9676776	0.000681663
1.9798992	0.000984625
1.9921208	0.000151481
2.0043424	0.000454442
2.016564	0.000908884
2.0287856	0.000227221
2.0410072	0.000833144
2.0532288	0.000681663
2.0654504	0.001211846
2.077672	0.000757404
2.0898936	0.000681663
2.1021152	0.000757404
2.1143368	0.000833144
2.1265584	0.000757404
2.13878	0.000681663
2.1510016	0.000681663
2.1632232	0.000681663
2.1754448	0.000378702
2.1876664	0.000833144
2.199888	0.000833144
2.2121096	0.000833144
2.2243312	0.000681663
2.2365528	0.000378702
2.2487744	0.000378702
2.260996	0.000605923
2.2732176	0.000378702
2.2854392	0.000605923
2.2976608	0.000605923
2.3098824	0.001136105
2.322104	0.001060365
2.3343256	0.000530183
2.3465472	0.000681663
2.3587688	0.000454442
2.3709904	0.000454442
2.383212	0.001211846
2.3954336	0.000530183
2.4076552	0.000984625
2.4198768	0.000530183
2.4320984	0.000605923
2.44432	0.000530183
2.4565416	0.000530183
2.4687632	0.000681663
2.4809848	0.000757404
2.4932064	0.000530183
2.505428	0.000605923
2.5176496	0.000530183
2.5298712	0.000757404
2.5420928	0.000757404
2.5543144	0.000605923
2.566536	0.000757404
2.5787576	0.000378702
2.5909792	0.000227221
2.6032008	0.000605923
2.6154224	0.001136105
2.627644	0.001060365
2.6398656	0.000530183
2.6520872	0.000378702
2.6643088	0.000605923
2.6765304	0.000454442
2.688752	0.000833144
2.7009736	0.001136105
2.7131952	0.000454442
2.7254168	0.000681663
2.7376384	7.57E-05
2.74986	0.000757404
2.7620816	0.000454442
2.7743032	0.000605923
2.7865248	0.000757404
2.7987464	0.000681663
2.810968	0.000681663
2.8231896	0.000984625
2.8354112	0.000757404
2.8476328	0.000833144
2.8598544	0.000833144
2.872076	0.001060365
2.8842976	0.000605923
2.8965192	0.000984625
2.9087408	0.000605923
2.9209624	0.000681663
2.933184	0.000530183
2.9454056	0.000757404
2.9576272	0.000833144
2.9698488	0.000605923
2.9820704	0.001363327
2.994292	0.000908884
3.0065136	0.000757404
3.0187352	0.001136105
3.0309568	0.000681663
3.0431784	0.000908884
3.0554	0.000227221
3.0676216	0.000530183
3.0798432	0.000681663
3.0920648	0.000757404
3.1042864	0.000833144
3.116508	0.000681663
3.1287296	0.000530183
3.1409512	0.000530183
3.1531728	0.000378702
3.1653944	0.000833144
3.177616	0.000454442
3.1898376	0.000378702
3.2020592	0.000302961
3.2142808	0.000378702
3.2265024	0.000227221
3.238724	0.000681663
3.2509456	0.000757404
3.2631672	0.000454442
3.2753888	0.000833144
3.2876104	0.000530183
3.299832	0.000605923
3.3120536	0.000378702
3.3242752	0.000454442
3.3364968	0.000605923
3.3487184	0.000454442
3.36094	0.000833144
3.3731616	0.000454442
3.3853832	0.000908884
3.3976048	0.000605923
3.4098264	0.000605923
3.422048	0.000454442
3.4342696	0.000454442
3.4464912	0.000378702
3.4587128	0.000302961
3.4709344	0.000833144
3.483156	0.000151481
3.4953776	0.000605923
3.5075992	0.000908884
3.5198208	0.000833144
3.5320424	0.000757404
3.544264	0.000378702
3.5564856	0.000681663
3.5687072	0.000227221
3.5809288	0.000681663
3.5931504	0.000681663
3.605372	0.000605923
3.6175936	0.000454442
3.6298152	0.000454442
3.6420368	0.000530183
3.6542584	0.000302961
3.66648	0.000151481
3.6787016	0.000605923
3.6909232	0.000833144
3.7031448	0.000908884
3.7153664	0.000681663
3.727588	0.000681663
3.7398096	0.000681663
3.7520312	0.000302961
3.7642528	0.000984625
3.7764744	0.000378702
3.788696	0.000908884
3.8009176	0.000530183
3.8131392	0.000833144
3.8253608	0.000530183
3.8375824	0.000605923
3.849804	0.000681663
3.8620256	0.000605923
3.8742472	0.000681663
3.8864688	0.000530183
3.8986904	0.000757404
3.910912	0.000227221
3.9231336	0.000833144
3.9353552	0.000530183
3.9475768	0.000757404
3.9597984	0.000681663
3.97202	0.000302961
3.9842416	0.000302961
3.9964632	0.000454442
4.0086848	0.000681663
4.0209064	0.001136105
4.033128	0.000605923
4.0453496	0.000605923
4.0575712	0.000681663
4.0697928	0.000302961
4.0820144	0.000681663
4.094236	0.000151481
4.1064576	0.000530183
4.1186792	7.57E-05
4.1309008	0.000530183
4.1431224	0.000605923
4.155344	0.000605923
4.1675656	0.000833144
4.1797872	0.001136105
4.1920088	0.000302961
4.2042304	0.000681663
4.216452	0.000378702
4.2286736	0.000530183
4.2408952	0.000378702
4.2531168	0.000378702
4.2653384	0.000530183
4.27756	0.000833144
4.2897816	0.000605923
4.3020032	0.000151481
4.3142248	0.000378702
4.3264464	0.000530183
4.338668	0.000605923
4.3508896	0.000530183
4.3631112	0.000908884
4.3753328	0.000757404
4.3875544	0.000833144
4.399776	0.000681663
4.4119976	0.000378702
4.4242192	0.000530183
4.4364408	0.000530183
4.4486624	0.000908884
4.460884	0.000757404
4.4731056	0.000378702
4.4853272	0.000757404
4.4975488	0.000530183
4.5097704	0.000681663
4.521992	0.000605923
4.5342136	0.000530183
4.5464352	0.000530183
4.5586568	0.000681663
4.5708784	0.000757404
4.5831	0.000833144
4.5953216	0.000605923
4.6075432	0.000908884
4.6197648	0.000302961
4.6319864	0.000757404
4.644208	0.000908884
4.6564296	0.000984625
4.6686512	0.000605923
4.6808728	0.000605923
4.6930944	0.000151481
4.705316	0.000454442
4.7175376	0.000378702
4.7297592	0.001060365
4.7419808	0.000454442
4.7542024	0.000227221
4.766424	0.000605923
4.7786456	0.000302961
4.7908672	0.000908884
4.8030888	0.000833144
4.8153104	0.000757404
4.827532	0.000984625
4.8397536	0.000378702
4.8519752	0.000833144
4.8641968	0.000302961
4.8764184	0.000378702
4.88864	0.000378702
4.9008616	0.000454442
4.9130832	0.000681663
4.9253048	0.000757404
4.9375264	0.000681663
4.949748	0.000681663
4.9619696	0.000605923
4.9741912	0.000908884
4.9864128	0.000757404
4.9986344	0.000908884
5.010856	0.000984625
5.0230776	0.000908884
5.0352992	0.000454442
5.0475208	0.000681663
5.0597424	0.000984625
5.071964	0.000605923
5.0841856	0.000530183
5.0964072	0.000908884
5.1086288	0.000378702
5.1208504	0.000757404
5.133072	0.000605923
5.1452936	0.000530183
5.1575152	0.001060365
5.1697368	0.000681663
5.1819584	0.000302961
5.19418	0.000605923
5.2064016	0.000227221
5.2186232	0.000605923
5.2308448	0.000681663
5.2430664	0.000454442
5.255288	0.000530183
5.2675096	0.000378702
5.2797312	0.000454442
5.2919528	0.000833144
5.3041744	0.000605923
5.316396	0.000908884
5.3286176	0.001211846
5.3408392	0.000530183
5.3530608	0.000454442
5.3652824	0.000757404
5.377504	0.000530183
5.3897256	0.001136105
5.4019472	7.57E-05
5.4141688	0.001136105
5.4263904	7.57E-05
5.438612	0.000227221
5.4508336	0.000757404
5.4630552	0.000908884
5.4752768	0.000378702
5.4874984	0.000833144
5.49972	0.000454442
5.5119416	0.000454442
5.5241632	0.000681663
5.5363848	0.000681663
5.5486064	0.000605923
5.560828	0.000908884
5.5730496	0.000757404
5.5852712	0.000681663
5.5974928	0.000757404
5.6097144	0.000833144
5.621936	0.000151481
5.6341576	0.000757404
5.6463792	0.000757404
5.6586008	0.000757404
5.6708224	0.000605923
5.683044	0.000530183
5.6952656	0.001060365
5.7074872	0.001060365
5.7197088	0.000530183
5.7319304	0.000757404
5.744152	0.000908884
5.7563736	0.000605923
5.7685952	0.000757404
5.7808168	0.000302961
5.7930384	0.000605923
5.80526	0.000378702
5.8174816	0.000378702
5.8297032	0.000530183
5.8419248	0.000984625
5.8541464	0.000681663
5.866368	0.000757404
5.8785896	0.000681663
5.8908112	0.001060365
5.9030328	0.000302961
5.9152544	0.000605923
5.927476	0.000302961
5.9396976	0.000908884
5.9519192	0.000378702
5.9641408	0.000908884
5.9763624	0.000605923
5.988584	0.000681663
6.0008056	0.000454442
6.0130272	0.000833144
6.0252488	0.000681663
6.0374704	0.000757404
6.049692	0.000908884
6.0619136	0.000605923
6.0741352	0.000302961
6.0863568	0.000605923
6.0985784	0.000833144
6.1108	0.000454442
6.1230216	0.000908884
6.1352432	0.000605923
6.1474648	0.001287586
6.1596864	0.000757404
6.171908	0.000530183
6.1841296	0.000378702
6.1963512	0.000378702
6.2085728	0.000530183
6.2207944	0.000605923
6.233016	0.000908884
6.2452376	0.000530183
6.2574592	0.000605923
6.2696808	0.000530183
6.2819024	0.000530183
6.294124	0.000454442
6.3063456	0.000757404
6.3185672	0.000530183
6.3307888	0.000605923
6.3430104	0.000681663
6.355232	0.000681663
6.3674536	0.000908884
6.3796752	0.000378702
6.3918968	0.000833144
6.4041184	0.000681663
6.41634	0.000227221
6.4285616	0.000908884
6.4407832	0.000605923
6.4530048	0.000605923
6.4652264	0.000605923
6.477448	0.000378702
6.4896696	0.000530183
6.5018912	0.000681663
6.5141128	0.000530183
6.5263344	0.000530183
6.538556	0.000833144
6.5507776	0.001060365
6.5629992	0.000530183
6.5752208	0.000757404
6.5874424	0.000454442
6.599664	0.001136105
6.6118856	0.001439067
6.6241072	0.000833144
6.6363288	0.000454442
6.6485504	0.000378702
6.660772	0.000757404
6.6729936	0.000984625
6.6852152	0.000908884
6.6974368	0.000605923
6.7096584	0.000378702
6.72188	0.000530183
6.7341016	0.000530183
6.7463232	0.001060365
6.7585448	0.000757404
6.7707664	0.000605923
6.782988	0.000681663
6.7952096	0.000681663
6.8074312	0.000681663
6.8196528	0.000454442
6.8318744	0.000454442
6.844096	0.001060365
6.8563176	0.000454442
6.8685392	0.000908884
6.8807608	0.000681663
6.8929824	0.001211846
6.905204	0.000984625
6.9174256	0.000605923
6.9296472	0.000378702
6.9418688	0.000984625
6.9540904	0.000530183
6.966312	0.000908884
6.9785336	0.000530183
6.9907552	0.000833144
7.0029768	0.000757404
7.0151984	0.000227221
7.02742	0.001136105
7.0396416	0.000605923
7.0518632	0.000984625
7.0640848	0.000302961
7.0763064	0.000833144
7.088528	0.000378702
7.1007496	0.000757404
7.1129712	0.000681663
7.1251928	0.000302961
7.1374144	0.000984625
7.149636	0.000681663
7.1618576	0.000681663
7.1740792	0.000378702
7.1863008	0.000302961
7.1985224	0.000757404
7.210744	0.000530183
7.2229656	0.000984625
7.2351872	0.000454442
7.2474088	0.000378702
7.2596304	0.000681663
7.271852	0.000378702
7.2840736	0.000605923
7.2962952	0.000302961
7.3085168	0.000757404
7.3207384	0.000454442
7.33296	0.000302961
7.3451816	0.000302961
7.3574032	0.000833144
7.3696248	0.000833144
7.3818464	0.000454442
7.394068	0.000984625
7.4062896	0.001439067
7.4185112	0.000757404
7.4307328	0.000757404
7.4429544	0.000530183
7.455176	0.000530183
7.4673976	0.000454442
7.4796192	0.000833144
7.4918408	0.000757404
7.5040624	0.000530183
7.516284	0.000833144
7.5285056	0.000454442
7.5407272	0.000151481
7.5529488	0.000302961
7.5651704	0.000530183
7.577392	0.000605923
7.5896136	0.000833144
7.6018352	0.000530183
7.6140568	0.000302961
7.6262784	0.000605923
7.6385	0.000833144
7.6507216	0.000530183
7.6629432	0.000984625
7.6751648	0.000378702
7.6873864	0.000681663
7.699608	0.000757404
7.7118296	0.000605923
7.7240512	0.000605923
7.7362728	0.000530183
7.7484944	0.000454442
7.760716	0.000530183
7.7729376	0.000530183
7.7851592	0.000833144
7.7973808	0.000605923
7.8096024	0.000605923
7.821824	0.000605923
7.8340456	0.000454442
7.8462672	0.000757404
7.8584888	0.000530183
7.8707104	0.000530183
7.882932	0.000454442
7.8951536	0.001211846
7.9073752	0.000605923
7.9195968	0.000681663
7.9318184	0.000530183
7.94404	0.000908884
7.9562616	0.000681663
7.9684832	0.000605923
7.9807048	0.000908884
7.9929264	0.000833144
8.005148	0.000454442
8.0173696	0.000530183
8.0295912	0.000681663
8.0418128	0.000151481
8.0540344	0.000833144
8.066256	0.000454442
8.0784776	0.000757404
8.0906992	0.000454442
8.1029208	0.000833144
8.1151424	0.000681663
8.127364	0.000530183
8.1395856	0.000681663
8.1518072	0.000605923
8.1640288	0.000605923
8.1762504	0.000454442
8.188472	0.000605923
8.2006936	0.000757404
8.2129152	0.000605923
8.2251368	0.000378702
8.2373584	0.000530183
8.24958	0.000757404
8.2618016	0.000984625
8.2740232	0.000681663
8.2862448	0.000605923
8.2984664	0.000530183
8.310688	0.000757404
8.3229096	0.000454442
8.3351312	0.000530183
8.3473528	0.000833144
8.3595744	0.000757404
8.371796	0.000984625
8.3840176	0.000681663
8.3962392	0.000530183
8.4084608	0.000530183
8.4206824	0.000757404
8.432904	0.000227221
8.4451256	0.000757404
8.4573472	0.000833144
8.4695688	0.000530183
8.4817904	0.000530183
8.494012	0.000530183
8.5062336	0.000908884
8.5184552	0.000757404
8.5306768	0.000681663
8.5428984	0.000530183
8.55512	0.000681663
8.5673416	0.000681663
8.5795632	0.000681663
8.5917848	0.000302961
8.6040064	0.000530183
8.616228	0.000530183
8.6284496	0.000681663
8.6406712	0.000378702
8.6528928	0.000681663
8.6651144	0.000530183
8.677336	0.000378702
8.6895576	0.000302961
8.7017792	0.000757404
8.7140008	0.000454442
8.7262224	0.000757404
8.738444	0.000605923
8.7506656	0.000378702
8.7628872	0.000681663
8.7751088	0.000757404
8.7873304	0.000605923
8.799552	0.000757404
8.8117736	0.000757404
8.8239952	0.000605923
8.8362168	0.000605923
8.8484384	0.000530183
8.86066	0.000833144
8.8728816	0.000605923
8.8851032	0.000605923
8.8973248	0.000530183
8.9095464	0.000227221
8.921768	0.000227221
8.9339896	0.000605923
8.9462112	0.001211846
8.9584328	0.000908884
8.9706544	0.001060365
8.982876	0.000530183
8.9950976	0.000605923
9.0073192	0.000757404
9.0195408	0.000984625
9.0317624	0.000454442
9.043984	0.000530183
9.0562056	0.000908884
9.0684272	0.000984625
9.0806488	0.002878134
9.0928704	0.010073468
9.105092	0.026054685
9.1173136	0.050973264
9.1295352	0.100280239
9.1417568	0.181322427
9.1539784	0.290312808
9.1662	0.416723472
9.1784216	0.530485496
9.1906432	0.65682042
9.2028648	0.740134818
9.2150864	0.815647959
9.227308	0.855790351
9.2395296	0.886692418
9.2517512	0.904188442
9.2639728	0.939483451
9.2761944	0.941301219
9.288416	0.945163978
9.3006376	0.977732334
9.3128592	0.99591002
9.3250808	0.982049534
9.3373024	0.980989169
9.349524	0.984094524
9.3617456	1
9.3739672	0.985988033
9.3861888	0.995682799
9.3984104	0.981367871
9.410632	0.987957282
9.4228536	0.980534727
9.4350752	0.989396349
9.4472968	0.973718094
9.4595184	0.982125275
9.47174	0.986366735
9.4839616	0.983034159
9.4961832	0.981367871
9.5084048	0.977808074
9.5206264	0.988487465
9.532848	0.962735742
9.5450696	0.956752253
9.5572912	0.980458987
9.5695128	0.966977202
9.5817344	0.975535863
9.593956	0.977808074
9.6061776	0.973263652
9.6183992	0.965235174
9.6306208	0.965841097
9.6428424	0.960463531
9.655064	0.974021056
9.6672856	0.966977202
9.6795072	0.969628115
9.6917288	0.968416269
9.7039504	0.962054079
9.716172	0.947511929
9.7283936	0.954101341
9.7406152	0.938347345
9.7528368	0.939634931
9.7650584	0.953343937
9.77728	0.929031281
9.7895016	0.925850186
9.8017232	0.932894039
9.8139448	0.925395743
9.8261664	0.925774445
9.838388	0.91850337
9.8506096	0.924411119
9.8628312	0.911913959
9.8750528	0.921154283
9.8872744	0.893963493
9.899496	0.90168901
9.9117176	0.903582519
9.9239392	0.894872377
9.9361608	0.879497084
9.9483824	0.885329092
9.960604	0.894493676
9.9728256	0.88487465
9.9850472	0.876391729
9.9972688	0.875482845
10.0094904	0.859577369
10.021712	0.867530107
10.0339336	0.872831932
10.0461552	0.882072256
10.0583768	0.845413921
10.0705984	0.851170189
10.08282	0.84730743
10.0950416	0.852306294
10.1072632	0.844732258
10.1194848	0.849125199
10.1317064	0.836703779
10.143928	0.841929864
10.1561496	0.840339317
10.1683712	0.825872908
10.1805928	0.83268954
10.1928144	0.820798303
10.205036	0.823979399
10.2172576	0.836552299
10.2294792	0.829584185
10.2417008	0.814360373
10.2539224	0.815269257
10.266144	0.80330228
10.2783656	0.793607513
10.2905872	0.806028933
10.3028088	0.795576763
10.3150304	0.791335303
10.327252	0.798379156
10.3394736	0.788154207
10.3516952	0.787018102
10.3639168	0.776490192
10.3761384	0.774293721
10.38836	0.756949178
10.4005816	0.785806256
10.4128032	0.775657048
10.4250248	0.759978793
10.4372464	0.751192911
10.449468	0.747102931
10.4616896	0.762553965
10.4739112	0.752556237
10.4861328	0.747557373
10.4983544	0.752177535
10.510576	0.747936075
10.5227976	0.735363175
10.5350192	0.741119443
10.5472408	0.744224797
10.5594624	0.739453155
10.571684	0.728622283
10.5839056	0.736272059
10.5961272	0.725138226
10.6083488	0.722714535
10.6205704	0.731348936
10.632792	0.724532303
10.6450136	0.708096645
10.6572352	0.700143907
10.6694568	0.712565326
10.6816784	0.711429221
10.6939	0.699537984
10.7061216	0.696887071
10.7183432	0.710596077
10.7305648	0.702416118
10.7427864	0.676815875
10.755008	0.686359161
10.7672296	0.67787624
10.7794512	0.674013482
10.7916728	0.684465652
10.8038944	0.677270317
10.816116	0.665909263
10.8283376	0.664394456
10.8405592	0.672044232
10.8527808	0.658713929
10.8650024	0.676361433
10.877224	0.654169507
10.8894456	0.65068545
10.9016672	0.657426342
10.9138888	0.651367114
10.9261104	0.645459365
10.938332	0.647655836
10.9505536	0.640536242
10.9627752	0.651291373
10.9749968	0.653109142
10.9872184	0.638188291
10.99944	0.650079527
11.0116616	0.636900704
11.0238832	0.638642733
11.0361048	0.630159812
11.0483264	0.623040218
11.060548	0.639551617
11.0727696	0.621979853
11.0849912	0.630008331
11.0972128	0.596455351
11.1094344	0.612739529
11.121656	0.602666061
11.1338776	0.616147845
11.1460992	0.61304249
11.1583208	0.603044763
11.1705424	0.593122775
11.182764	0.601681436
11.1949856	0.594637582
11.2072072	0.591380747
11.2194288	0.594561842
11.2316504	0.588654094
11.243872	0.583806711
11.2560936	0.583125047
11.2683152	0.57123381
11.2805368	0.578807847
11.2927584	0.568885859
11.30498	0.576687117
11.3172016	0.574414906
11.3294232	0.573430281
11.3416448	0.567446792
11.3538664	0.561690525
11.366088	0.565174582
11.3783096	0.570779368
11.3905312	0.565780504
11.4027528	0.557903507
11.4149744	0.551541316
11.427196	0.546769674
11.4394176	0.546618193
11.4516392	0.546693933
11.4638608	0.544118761
11.4760824	0.525638113
11.488304	0.534196773
11.5005256	0.544800424
11.5127472	0.53563584
11.5249688	0.535863061
11.5371904	0.524199046
11.549412	0.542982655
11.5616336	0.536544725
11.5738552	0.526016814
11.5860768	0.525638113
11.5982984	0.521926835
11.61052	0.52094221
11.6227416	0.518594259
11.6349632	0.517458153
11.6471848	0.517230932
11.6594064	0.512989472
11.671628	0.514958722
11.6838496	0.515110202
11.6960712	0.505263955
11.7082928	0.499431947
11.7205144	0.510944482
11.732736	0.496326592
11.7449576	0.497689919
11.7571792	0.494811785
11.7694008	0.483829433
11.7816224	0.489888662
11.793844	0.496856775
11.8060656	0.491403469
11.8182872	0.498220101
11.8305088	0.495417708
11.8427304	0.486253124
11.854952	0.486404605
11.8671736	0.476709839
11.8793952	0.484662577
11.8916168	0.4770128
11.9038384	0.480648337
11.91606	0.471635234
11.9282816	0.46868136
11.9405032	0.472392638
11.9527248	0.471332273
11.9649464	0.468378399
11.977168	0.456865864
11.9893896	0.450655154
12.0016112	0.460577142
12.0138328	0.46451564
12.0260544	0.456790123
12.038276	0.453760509
12.0504976	0.455199576
12.0627192	0.445732031
12.0749408	0.448761645
12.0871624	0.448155722
12.099384	0.462016208
12.1116056	0.438385215
12.1238272	0.440960388
12.1360488	0.44762554
12.1482704	0.440127244
12.160492	0.444217223
12.1727136	0.441642051
12.1849352	0.436567447
12.1971568	0.441036128
12.2093784	0.434295236
12.2216	0.434219496
12.2338216	0.424524729
12.2460432	0.42460047
12.2582648	0.419374385
12.2704864	0.415132924
12.282708	0.431492843
12.2949296	0.42051049
12.3071512	0.41831402
12.3193728	0.417859577
12.3315944	0.418768462
12.343816	0.420661971
12.3560376	0.411876089
12.3682592	0.4184655
12.3804808	0.412936454
12.3927024	0.399151708
12.404924	0.414602742
12.4171456	0.411421647
12.4293672	0.409603878
12.4415888	0.400060592
12.4538104	0.404453533
12.466032	0.39740968
12.4782536	0.399227448
12.4904752	0.397939862
12.5026968	0.389608422
12.5149184	0.385291222
12.52714	0.391501931
12.5393616	0.387336211
12.5515832	0.386881769
12.5638048	0.393168219
12.5760264	0.383094751
12.588248	0.390971749
12.6004696	0.385972885
12.6126912	0.372491101
12.6249128	0.385442702
12.6371344	0.379307733
12.649356	0.383852155
12.6615776	0.380065137
12.6737992	0.380595319
12.6860208	0.38286753
12.6982424	0.373324244
12.710464	0.370521851
12.7226856	0.371733697
12.7349072	0.376884042
12.7471288	0.364386882
12.7593504	0.371657957
12.771572	0.364841324
12.7837936	0.369461486
12.7960152	0.362417632
12.8082368	0.37241536
12.8204584	0.358706355
12.83268	0.360221162
12.8449016	0.354086193
12.8571232	0.349087329
12.8693448	0.351283799
12.8815664	0.347496781
12.893788	0.359615239
12.9060096	0.343861244
12.9182312	0.350753617
12.9304528	0.346739377
12.9426744	0.347875483
12.954896	0.340225706
12.9671176	0.337574794
12.9793392	0.338332197
12.9915608	0.33265167
13.0037824	0.329925017
13.016004	0.32636522
13.0282256	0.33469666
13.0404472	0.3304552
13.0526688	0.331364084
13.0648904	0.325986518
13.077112	0.332803151
13.0893336	0.335226842
13.1015552	0.324926153
13.1137768	0.333636295
13.1259984	0.329091873
13.13822	0.319472847
13.1504416	0.319851549
13.1626632	0.319245626
13.1748848	0.318866924
13.1871064	0.324395971
13.199328	0.316821934
13.2115496	0.321290616
13.2237712	0.314246762
13.2359928	0.311065667
13.2482144	0.311595849
13.260436	0.304173294
13.2726576	0.313640839
13.2848792	0.304324775
13.2971008	0.304551996
13.3093224	0.31379232
13.321544	0.304173294
13.3337656	0.312428993
13.3459872	0.308566235
13.3582088	0.311368628
13.3704304	0.298947209
13.382652	0.306066803
13.3948736	0.294251307
13.4070952	0.308944937
13.4193168	0.295235931
13.4315384	0.29697796
13.44376	0.296069075
13.4559816	0.284632281
13.4682032	0.295463152
13.4804248	0.294554268
13.4926464	0.289858366
13.504868	0.277815648
13.5170896	0.289631144
13.5293112	0.28251155
13.5415328	0.277815648
13.5537544	0.28667727
13.565976	0.285389684
13.5781976	0.281375445
13.5904192	0.276679543
13.6026408	0.284102098
13.6148624	0.275619177
13.627084	0.276755283
13.6393056	0.283117473
13.6515272	0.272665303
13.6637488	0.26986291
13.6759704	0.273877149
13.688192	0.269332727
13.7004136	0.273044005
13.7126352	0.271377717
13.7248568	0.266681815
13.7370784	0.270165871
13.7493	0.267060517
13.7615216	0.264712565
13.7737432	0.263803681
13.7859648	0.263349239
13.7981864	0.257895933
13.810408	0.251609483
13.8226296	0.261077028
13.8348512	0.259335
13.8470728	0.256153904
13.8592944	0.26350072
13.871516	0.255017799
13.8837376	0.260243884
13.8959592	0.251155041
13.9081808	0.25320003
13.9204024	0.246686359
13.932624	0.250473377
13.9448456	0.261834432
13.9570672	0.250927819
13.9692888	0.254487616
13.9815104	0.244414148
13.993732	0.2510793
14.0059536	0.250094675
14.0181752	0.248049686
14.0303968	0.246534878
14.0426184	0.24479285
14.05484	0.233128834
14.0670616	0.23858214
14.0792832	0.241384534
14.0915048	0.242141937
14.1037264	0.244111187
14.115948	0.234946603
14.1281696	0.243581004
14.1403912	0.242369159
14.1526128	0.233810498
14.1648344	0.232901613
14.177056	0.233659017
14.1892776	0.241611755
14.2014992	0.23002348
14.2137208	0.235098084
14.2259424	0.232371431
14.238164	0.232598652
14.2503856	0.230932364
14.2626072	0.232371431
14.2748288	0.221389078
14.2870504	0.222146482
14.299272	0.220252973
14.3114936	0.226312202
14.3237152	0.228660153
14.3359368	0.225024616
14.3481584	0.219798531
14.36038	0.219116867
14.3726016	0.214875407
14.3848232	0.21555707
14.3970448	0.219116867
14.4092664	0.221313338
14.421488	0.21343634
14.4337096	0.220934636
14.4459312	0.214951147
14.4581528	0.218283723
14.4703744	0.214042263
14.482596	0.217450579
14.4948176	0.216390214
14.5070392	0.212906158
14.5192608	0.207377111
14.5314824	0.205332121
14.543704	0.206771188
14.5559256	0.208513217
14.5681472	0.201014921
14.5803688	0.210936908
14.5925904	0.20911914
14.604812	0.207831553
14.6170336	0.212906158
14.6292552	0.202151026
14.6414768	0.197455124
14.6536984	0.203817314
14.66592	0.202075286
14.6781416	0.204574718
14.6903632	0.201696584
14.7025848	0.196319018
14.7148064	0.202378247
14.727028	0.192229039
14.7392496	0.197152162
14.7514712	0.199651594
14.7636928	0.19669772
14.7759144	0.192229039
14.788136	0.193137923
14.8003576	0.188517761
14.8125792	0.184352041
14.8248008	0.194425509
14.8370224	0.192532
14.849244	0.19033553
14.8614656	0.199348633
14.8736872	0.189350905
14.8859088	0.188063319
14.8981304	0.180489283
14.910352	0.192759221
14.9225736	0.192607741
14.9347952	0.184655003
14.9470168	0.184276301
14.9592384	0.176096342
14.97146	0.184579262
14.9836816	0.1799591
14.9959032	0.179201697
15.0081248	0.178292812
15.0203464	0.180110581
15.032568	0.178444293
15.0447896	0.177459668
15.0570112	0.177232447
15.0692328	0.180792244
15.0814544	0.174127092
15.093676	0.172915247
15.1058976	0.174354313
15.1181192	0.172309324
15.1303408	0.167234719
15.1425624	0.172990987
15.154784	0.170264334
15.1670056	0.174960236
15.1792272	0.174733015
15.1914488	0.170945997
15.2036704	0.164508066
15.215892	0.167537681
15.2281136	0.170870257
15.2403352	0.164886768
15.2525568	0.168143604
15.2647784	0.167916383
15.277	0.164356586
15.2892216	0.164962509
15.3014432	0.167613421
15.3136648	0.16117549
15.3258864	0.164583807
15.338108	0.165113989
15.3503296	0.163977884
15.3625512	0.160796789
15.3747728	0.163447701
15.3869944	0.166401575
15.399216	0.16314474
15.4114376	0.165568431
15.4236592	0.155949405
15.4358808	0.15897902
15.4481024	0.146633341
15.460324	0.153222752
15.4725456	0.153449973
15.4847672	0.158600318
15.4969888	0.155949405
15.5092104	0.151329243
15.521432	0.144891313
15.5336536	0.153904416
15.5458752	0.152389608
15.5580968	0.153298493
15.5703184	0.155797925
15.58254	0.150268878
15.5947616	0.15057184
15.6069832	0.149814436
15.6192048	0.149511475
15.6314264	0.149208513
15.643648	0.150041657
15.6558696	0.14648186
15.6680912	0.150268878
15.6803128	0.143603726
15.6925344	0.144967053
15.704756	0.148375369
15.7169776	0.144739832
15.7291992	0.145497235
15.7414208	0.138226161
15.7536424	0.144133909
15.765864	0.136635613
15.7780856	0.144133909
15.7903072	0.142391881
15.8025288	0.138983564
15.8147504	0.140952814
15.826972	0.139816708
15.8391936	0.137165796
15.8514152	0.140422631
15.8636368	0.136711353
15.8758584	0.141937438
15.88808	0.134287662
15.9003016	0.138756343
15.9125232	0.142013179
15.9247448	0.139665228
15.9369664	0.135650988
15.949188	0.137695978
15.9614096	0.136938575
15.9736312	0.132166932
15.9858528	0.129061577
15.9980744	0.130121942
16.010296	0.130424903
16.0225176	0.135272287
16.0347392	0.130424903
16.0469608	0.12542604
16.0591824	0.129818981
16.071404	0.128985837
16.0836256	0.128531394
16.0958472	0.134817844
16.1080688	0.132015451
16.1202904	0.130121942
16.132512	0.125653261
16.1447336	0.118003484
16.1569552	0.122472165
16.1691768	0.130197682
16.1813984	0.130576384
16.19362	0.120730137
16.2058416	0.121639021
16.2180632	0.124668636
16.2302848	0.120048474
16.2425064	0.122775127
16.254728	0.118912368
16.2669496	0.120502916
16.2791712	0.123911232
16.2913928	0.122926608
16.3036144	0.12126032
16.315836	0.12557752
16.3280576	0.11929107
16.3402792	0.124895857
16.3525008	0.116034235
16.3647224	0.114292206
16.376944	0.117397561
16.3891656	0.124744376
16.4013872	0.119896993
16.4136088	0.121790502
16.4258304	0.115958494
16.438052	0.11292888
16.4502736	0.11088389
16.4624952	0.118382186
16.4747168	0.111565553
16.4869384	0.111565553
16.49916	0.110580929
16.5113816	0.115276831
16.5236032	0.1088389
16.5358248	0.113913505
16.5480464	0.115731273
16.560268	0.11088389
16.5724896	0.113231841
16.5847112	0.108914641
16.5969328	0.110505188
16.6091544	0.114443687
16.621376	0.110732409
16.6335976	0.110277967
16.6458192	0.106869651
16.6580408	0.106187988
16.6702624	0.107324093
16.682484	0.109823525
16.6947056	0.111944255
16.7069272	0.102779671
16.7191488	0.10664243
16.7313704	0.103612815
16.743592	0.102703931
16.7558136	0.106339468
16.7680352	0.105354844
16.7802568	0.105506324
16.7924784	0.105885026
16.8047	0.103158373
16.8169216	0.100658941
16.8291432	0.102249489
16.8413648	0.102249489
16.8535864	0.105051882
16.865808	0.103309854
16.8780296	0.103840036
16.8902512	0.104067257
16.9024728	0.099295615
16.9146944	0.103537075
16.926916	0.096341741
16.9391376	0.100128759
16.9513592	0.097402106
16.9635808	0.101037643
16.9758024	0.099598576
16.988024	0.101113383
17.0002456	0.095205635
17.0124672	0.098462471
17.0246888	0.099219874
17.0369104	0.093993789
17.049132	0.095357116
17.0613536	0.095205635
17.0735752	0.101492085
17.0857968	0.095508597
17.0980184	0.095811558
17.11024	0.093766568
17.1224616	0.090888434
17.1346832	0.096947663
17.1469048	0.09414527
17.1591264	0.093690828
17.171348	0.092933424
17.1835696	0.093160645
17.1957912	0.091570098
17.2080128	0.092176021
17.2202344	0.088389002
17.232456	0.092403242
17.2446776	0.085965311
17.2568992	0.09414527
17.2691208	0.09202454
17.2813424	0.088313262
17.293564	0.096796183
17.3057856	0.087707339
17.3180072	0.08573809
17.3302288	0.088237522
17.3424504	0.084299023
17.354672	0.089297887
17.3668936	0.088389002
17.3791152	0.089676589
17.3913368	0.097174884
17.4035584	0.085965311
17.41578	0.085359388
17.4280016	0.086495493
17.4402232	0.083844581
17.4524448	0.080133303
17.4646664	0.082102552
17.476888	0.082859956
17.4891096	0.083390139
17.5013312	0.082254033
17.5135528	0.083314398
17.5257744	0.086041051
17.537996	0.088010301
17.5502176	0.082935696
17.5624392	0.07952738
17.5746608	0.078997198
17.5868824	0.078012573
17.599104	0.080966447
17.6113256	0.082026812
17.6235472	0.079300159
17.6357688	0.080133303
17.6479904	0.078542755
17.660212	0.081951072
17.6724336	0.077027948
17.6846552	0.080814966
17.6968768	0.081345149
17.7090984	0.07740665
17.72132	0.075058699
17.7335416	0.07945164
17.7457632	0.079148678
17.7579848	0.075058699
17.7702064	0.079072938
17.782428	0.079830342
17.7946496	0.074755737
17.8068712	0.073543892
17.8190928	0.073543892
17.8313144	0.078618496
17.843536	0.076497766
17.8557576	0.0711202
17.8679792	0.077936833
17.8802008	0.073468151
17.8924224	0.073846853
17.904644	0.070135575
17.9168656	0.075664622
17.9290872	0.073543892
17.9413088	0.074755737
17.9535304	0.070741498
17.965752	0.073619632
17.9779736	0.072862228
17.9901952	0.070968719
18.0024168	0.068317807
18.0146384	0.063546164
18.02686	0.071347421
18.0390816	0.072332046
18.0513032	0.065212452
18.0635248	0.070287056
18.0757464	0.072862228
18.087968	0.069453912
18.1001896	0.074982958
18.1124112	0.068469287
18.1246328	0.070211316
18.1368544	0.070438537
18.149076	0.067257441
18.1612976	0.068393547
18.1735192	0.065742634
18.1857408	0.071574642
18.1979624	0.06695448
18.210184	0.070362796
18.2224056	0.065515413
18.2346272	0.068090585
18.2468488	0.064076346
18.2590704	0.066575778
18.271292	0.06687874
18.2835136	0.070438537
18.2957352	0.065969855
18.3079568	0.064682269
18.3201784	0.066802999
18.3324	0.064606529
18.3446216	0.064455048
18.3568432	0.064530788
18.3690648	0.064682269
18.3812864	0.061652655
18.393508	0.063167462
18.4057296	0.063924866
18.4179512	0.062258578
18.4301728	0.059531925
18.4423944	0.061652655
18.454616	0.061501174
18.4668376	0.060970991
18.4790592	0.063924866
18.4912808	0.057562675
18.5035024	0.063243202
18.515724	0.06059229
18.5279456	0.064303567
18.5401672	0.065136711
18.5523888	0.060819511
18.5646104	0.06059229
18.576832	0.063546164
18.5890536	0.059153223
18.6012752	0.060440809
18.6134968	0.062940241
18.6257184	0.059910626
18.63794	0.060970991
18.6501616	0.056805272
18.6623832	0.060440809
18.6746048	0.061425434
18.6868264	0.057032493
18.699048	0.058926002
18.7112696	0.058471559
18.7234912	0.053093994
18.7357128	0.057941377
18.7479344	0.058244338
18.760156	0.056805272
18.7723776	0.056275089
18.7845992	0.054002878
18.7968208	0.054987503
18.8090424	0.054684541
18.821264	0.049685677
18.8334856	0.054684541
18.8457072	0.053624176
18.8579288	0.055290464
18.8701504	0.055517685
18.882372	0.053851397
18.8945936	0.055972128
18.9068152	0.053321215
18.9190368	0.053245475
18.9312584	0.050064379
18.94348	0.057032493
18.9557016	0.05438158
18.9679232	0.051351965
18.9801448	0.051579187
18.9923664	0.053169734
19.004588	0.051579187
19.0168096	0.05438158
19.0290312	0.055138984
19.0412528	0.050518821
19.0534744	0.05233659
19.065696	0.055972128
19.0779176	0.053396955
19.0901392	0.047110505
19.1023608	0.050670302
19.1145824	0.051124744
19.126804	0.051351965
19.1390256	0.050821783
19.1512472	0.053927138
19.1634688	0.051049004
19.1756904	0.048246611
19.187912	0.04809513
19.2001336	0.051882148
19.2123552	0.049458456
19.2245768	0.046959024
19.2367984	0.047186246
19.24902	0.04817087
19.2612416	0.052109369
19.2734632	0.046807544
19.2856848	0.049534197
19.2979064	0.050518821
19.310128	0.048473832
19.3223496	0.047337726
19.3345712	0.051730667
19.3467928	0.046580323
19.3590144	0.047489207
19.371236	0.04400515
19.3834576	0.050064379
19.3956792	0.049458456
19.4079008	0.047186246
19.4201224	0.048928274
19.432344	0.044989775
19.4445656	0.045595698
19.4567872	0.044686814
19.4690088	0.049079755
19.4812304	0.044611073
19.493452	0.044080891
19.5056736	0.045671438
19.5178952	0.051276225
19.5301168	0.042717564
19.5423384	0.046883284
19.55456	0.042793305
19.5667816	0.04400515
19.5790032	0.047413467
19.5912248	0.045292736
19.6034464	0.046201621
19.615668	0.04400515
19.6278896	0.043626449
19.6401112	0.044686814
19.6523328	0.046883284
19.6645544	0.045368477
19.676776	0.042717564
19.6889976	0.040975536
19.7012192	0.042263122
19.7134408	0.040824055
19.7256624	0.043626449
19.737884	0.043020526
19.7501056	0.03968795
19.7623272	0.042263122
19.7745488	0.040748315
19.7867704	0.044535333
19.798992	0.041960161
19.8112136	0.043474968
19.8234352	0.039233508
19.8356568	0.042490343
19.8478784	0.040521094
19.8601	0.039990911
19.8723216	0.039612209
19.8845432	0.041127017
19.8967648	0.042717564
19.9089864	0.03968795
19.921208	0.03968795
19.9334296	0.037945921
19.9456512	0.036128153
19.9578728	0.040142392
19.9700944	0.037491479
19.982316	0.041127017
19.9945376	0.036279633
20.0067592	0.039915171
20.0189808	0.039990911
20.0312024	0.039915171
20.043424	0.039006286
20.0556456	0.041732939
20.0678672	0.039536469
20.0800888	0.03347724
20.0923104	0.040445353
20.104532	0.03559797
20.1167536	0.037188518
20.1289752	0.040142392
20.1411968	0.041127017
20.1534184	0.037037037
20.16564	0.037188518
20.1778616	0.039460729
20.1900832	0.037415739
20.2023048	0.034689086
20.2145264	0.035976672
20.226748	0.038400364
20.2389696	0.035976672
20.2511912	0.036809816
20.2634128	0.033098538
20.2756344	0.035749451
20.287856	0.038627585
20.3000776	0.034992047
20.3122992	0.033931682
20.3245208	0.03552223
20.3367424	0.035900932
20.348964	0.034992047
20.3611856	0.038248883
20.3734072	0.035295009
20.3856288	0.037188518
20.3978504	0.030750587
20.410072	0.034916307
20.4222936	0.035143528
20.4345152	0.035673711
20.4467368	0.035976672
20.4589584	0.034537605
20.47118	0.032568356
20.4834016	0.033250019
20.4956232	0.031659471
20.5078448	0.034310384
20.5200664	0.034916307
20.532288	0.031735212
20.5445096	0.034992047
20.5567312	0.0334015
20.5689528	0.032947057
20.5811744	0.0334015
20.593396	0.036052412
20.6056176	0.034386124
20.6178392	0.03355298
20.6300608	0.03355298
20.6422824	0.033704461
20.654504	0.032947057
20.6667256	0.029765962
20.6789472	0.030674847
20.6911688	0.030977808
20.7033904	0.032871317
20.715612	0.03143225
20.7278336	0.032113914
20.7400552	0.033022798
20.7522768	0.030523366
20.7644984	0.032492615
20.77672	0.02931152
20.7889416	0.031735212
20.8011632	0.032113914
20.8133848	0.029160039
20.8256064	0.032644096
20.837828	0.028932818
20.8500496	0.029463001
20.8622712	0.031810952
20.8744928	0.029765962
20.8867144	0.030220404
20.898936	0.031129289
20.9111576	0.031129289
20.9233792	0.031507991
20.9356008	0.028478376
20.9478224	0.031129289
20.960044	0.031053548
20.9722656	0.02938726
20.9844872	0.030220404
20.9967088	0.029993183
21.0089304	0.032265394
21.021152	0.026509127
21.0333736	0.027039309
21.0455952	0.029463001
21.0578168	0.029841703
21.0700384	0.029160039
21.08226	0.02726653
21.0944816	0.028099674
21.1067032	0.028023934
21.1189248	0.026584867
21.1311464	0.031583731
21.143368	0.02507006
21.1555896	0.024918579
21.1678112	0.02726653
21.1800328	0.026357646
21.1922544	0.029463001
21.204476	0.026509127
21.2166976	0.026736348
21.2289192	0.02923578
21.2411408	0.026357646
21.2533624	0.024615618
21.265584	0.030902068
21.2778056	0.025373021
21.2900272	0.027645232
21.3022488	0.026130425
21.3144704	0.026206165
21.326692	0.027872453
21.3389136	0.028251155
21.3511352	0.026963569
21.3633568	0.023403772
21.3755784	0.025978944
21.3878	0.024918579
21.4000216	0.024994319
21.4122432	0.026812088
21.4244648	0.027720973
21.4366864	0.027418011
21.448908	0.024767098
21.4611296	0.024842839
21.4733512	0.025448762
21.4855728	0.024767098
21.4977944	0.021586003
21.510016	0.022646368
21.5222376	0.026054685
21.5344592	0.024464137
21.5466808	0.026130425
21.5589024	0.024236916
21.571124	0.026054685
21.5833456	0.024161175
21.5955672	0.024085435
21.6077888	0.026281906
21.6200104	0.021586003
21.632232	0.025675983
21.6444536	0.022494888
21.6566752	0.023403772
21.6688968	0.022570628
21.6811184	0.026509127
21.69334	0.022267666
21.7055616	0.024388397
21.7177832	0.022419147
21.7300048	0.022419147
21.7422264	0.024388397
21.754448	0.024691358
21.7666696	0.022873589
21.7788912	0.022040445
21.7911128	0.023706733
21.8033344	0.022873589
21.815556	0.02507006
21.8277776	0.021813224
21.8399992	0.023403772
21.8522208	0.022116186
21.8644424	0.023630993
21.876664	0.022570628
21.8888856	0.021888965
21.9011072	0.022570628
21.9133288	0.021510263
21.9255504	0.022116186
21.937772	0.024539877
21.9499936	0.020677119
21.9622152	0.019919715
21.9744368	0.022419147
21.9866584	0.02098008
21.99888	0.021358782
22.0111016	0.023403772
22.0233232	0.023176551
22.0355448	0.021586003
22.0477664	0.020525638
22.059988	0.021131561
22.0722096	0.021358782
22.0844312	0.021207301
22.0966528	0.021888965
22.1088744	0.021131561
22.121096	0.017874725
22.1333176	0.02098008
22.1455392	0.022722109
22.1577608	0.019995456
22.1699824	0.021813224
22.182204	0.022343407
22.1944256	0.019162312
22.2066472	0.02098008
22.2188688	0.021358782
22.2310904	0.019086571
22.243312	0.021055821
22.2555336	0.022494888
22.2677552	0.020146936
22.2799768	0.021358782
22.2921984	0.02090434
22.30442	0.019768234
22.3166416	0.018026206
22.3288632	0.020449898
22.3410848	0.021661744
22.3533064	0.019465273
22.365528	0.019692494
22.3777496	0.018632129
22.3899712	0.020071196
22.4021928	0.019843975
22.4144144	0.017950466
22.426636	0.018935091
22.4388576	0.017798985
22.4510792	0.020222677
22.4633008	0.022570628
22.4755224	0.017798985
22.487744	0.018177687
22.4999656	0.01885935
22.5121872	0.019843975
22.5244088	0.017874725
22.5366304	0.019086571
22.548852	0.018026206
22.5610736	0.017950466
22.5732952	0.017420283
22.5855168	0.018556389
22.5977384	0.01681436
22.60996	0.018329168
22.6221816	0.017950466
22.6344032	0.019768234
22.6466248	0.017041581
22.6588464	0.017798985
22.671068	0.018707869
22.6832896	0.019010831
22.6955112	0.016208437
22.7077328	0.01878361
22.7199544	0.018632129
22.732176	0.017950466
22.7443976	0.018101947
22.7566192	0.014466409
22.7688408	0.018329168
22.7810624	0.018101947
22.793284	0.017193062
22.8055056	0.016132697
22.8177272	0.01666288
22.8299488	0.017193062
22.8421704	0.018177687
22.854392	0.017117322
22.8666136	0.016587139
22.8788352	0.015451034
22.8910568	0.017117322
22.9032784	0.016435659
22.9155	0.016056957
22.9277216	0.017874725
22.9399432	0.016284178
22.9521648	0.015526774
22.9643864	0.017874725
22.976608	0.015602515
22.9888296	0.018707869
23.0010512	0.016890101
23.0132728	0.015148072
23.0254944	0.017950466
23.037716	0.014845111
23.0499376	0.01454215
23.0621592	0.01454215
23.0743808	0.016587139
23.0866024	0.015753995
23.098824	0.016359918
23.1110456	0.016965841
23.1232672	0.013936227
23.1354888	0.014769371
23.1477104	0.017647504
23.159932	0.01666288
23.1721536	0.016359918
23.1843752	0.013027342
23.1965968	0.014390669
23.2088184	0.015678255
23.22104	0.016587139
23.2332616	0.015981216
23.2454832	0.015375293
23.2577048	0.015602515
23.2699264	0.015829736
23.282148	0.015223813
23.2943696	0.014011967
23.3065912	0.014087707
23.3188128	0.014163448
23.3310344	0.014769371
23.343256	0.015451034
23.3554776	0.015223813
23.3676992	0.014163448
23.3799208	0.014466409
23.3921424	0.015905476
23.404364	0.012724381
23.4165856	0.015072332
23.4288072	0.01681436
23.4410288	0.014390669
23.4532504	0.013784746
23.465472	0.012724381
23.4776936	0.01249716
23.4899152	0.012875862
23.5021368	0.014087707
23.5143584	0.01249716
23.52658	0.014087707
23.5388016	0.013178823
23.5510232	0.013254563
23.5632448	0.012194198
23.5754664	0.013784746
23.587688	0.015753995
23.5999096	0.014845111
23.6121312	0.012345679
23.6243528	0.013178823
23.6365744	0.012875862
23.648796	0.0125729
23.6610176	0.013709006
23.6732392	0.012345679
23.6854608	0.013784746
23.6976824	0.013481784
23.709904	0.012800121
23.7221256	0.013860486
23.7343472	0.01461789
23.7465688	0.01264864
23.7587904	0.012875862
23.771012	0.011588275
23.7832336	0.013406044
23.7954552	0.013633265
23.8076768	0.014011967
23.8198984	0.01249716
23.83212	0.01264864
23.8443416	0.014087707
23.8565632	0.013633265
23.8687848	0.012724381
23.8810064	0.013406044
23.893228	0.013254563
23.9054496	0.013027342
23.9176712	0.012042718
23.9298928	0.013784746
23.9421144	0.0125729
23.954336	0.011209574
23.9665576	0.011815496
23.9787792	0.012421419
23.9910008	0.011739756
24.0032224	0.011966977
24.015444	0.012345679
24.0276656	0.012800121
24.0398872	0.013784746
24.0521088	0.011891237
24.0643304	0.012800121
24.076552	0.009694766
24.0887736	0.012951602
24.1009952	0.011739756
24.1132168	0.013103083
24.1254384	0.011209574
24.13766	0.011361054
24.1498816	0.010982352
24.1621032	0.013481784
24.1743248	0.011512535
24.1865464	0.012194198
24.198768	0.011512535
24.2109896	0.010300689
24.2232112	0.011133833
24.2354328	0.010906612
24.2476544	0.011664016
24.259876	0.010982352
24.2720976	0.011361054
24.2843192	0.011966977
24.2965408	0.013330304
24.3087624	0.011966977
24.320984	0.012345679
24.3332056	0.01052791
24.3454272	0.009543286
24.3576488	0.011209574
24.3698704	0.010755131
24.382092	0.01052791
24.3943136	0.011512535
24.4065352	0.009088843
24.4187568	0.010603651
24.4309784	0.011436795
24.4432	0.011133833
24.4554216	0.010149209
24.4676432	0.009543286
24.4798648	0.011133833
24.4920864	0.01045217
24.504308	0.009694766
24.5165296	0.009997728
24.5287512	0.009770507
24.5409728	0.009391805
24.5531944	0.01249716
24.565416	0.010073468
24.5776376	0.010906612
24.5898592	0.009619026
24.6020808	0.010830872
24.6143024	0.010073468
24.626524	0.009921987
24.6387456	0.009467545
24.6509672	0.011739756
24.6631888	0.010603651
24.6754104	0.01052791
24.687632	0.011285314
24.6998536	0.009921987
24.7120752	0.01264864
24.7242968	0.011966977
24.7365184	0.010073468
24.74874	0.009619026
24.7609616	0.010982352
24.7731832	0.010149209
24.7854048	0.008482921
24.7976264	0.008937363
24.809848	0.009770507
24.8220696	0.010300689
24.8342912	0.007574036
24.8465128	0.01037643
24.8587344	0.008634401
24.870956	0.01045217
24.8831776	0.007649777
24.8953992	0.008710142
24.9076208	0.009240324
24.9198424	0.008634401
24.932064	0.008104219
24.9442856	0.011133833
24.9565072	0.009013103
24.9687288	0.009694766
24.9809504	0.010755131
24.993172	0.009997728
25.0053936	0.01037643
25.0176152	0.009619026
25.0298368	0.006892373
25.0420584	0.010755131
25.05428	0.009088843
25.0665016	0.008861622
25.0787232	0.007952738
25.0909448	0.008255699
25.1031664	0.009619026
25.115388	0.009088843
25.1276096	0.009543286
25.1398312	0.008482921
25.1520528	0.008710142
25.1642744	0.007346815
25.176496	0.009921987
25.1887176	0.009694766
25.2009392	0.006437931
25.2131608	0.007952738
25.2253824	0.010300689
25.237604	0.008255699
25.2498256	0.009240324
25.2620472	0.00833144
25.2742688	0.008937363
25.2864904	0.009013103
25.298712	0.008179959
25.3109336	0.008937363
25.3231552	0.007952738
25.3353768	0.008937363
25.3475984	0.008937363
25.35982	0.008255699
25.3720416	0.009543286
25.3842632	0.00833144
25.3964848	0.008861622
25.4087064	0.007952738
25.420928	0.007043854
25.4331496	0.006816633
25.4453712	0.008861622
25.4575928	0.006892373
25.4698144	0.007876998
25.482036	0.007725517
25.4942576	0.007876998
25.5064792	0.007876998
25.5187008	0.007725517
25.5309224	0.008861622
25.543144	0.008634401
25.5553656	0.007043854
25.5675872	0.006059229
25.5798088	0.006816633
25.5920304	0.006892373
25.604252	0.006740892
25.6164736	0.007725517
25.6286952	0.00636219
25.6409168	0.008482921
25.6531384	0.007271075
25.66536	0.007498296
25.6775816	0.006816633
25.6898032	0.008255699
25.7020248	0.007876998
25.7142464	0.007649777
25.726468	0.00840718
25.7386896	0.008028478
25.7509112	0.007725517
25.7631328	0.007801257
25.7753544	0.007119594
25.787576	0.009316065
25.7997976	0.007043854
25.8120192	0.00621071
25.8242408	0.006968113
25.8364624	0.007271075
25.848684	0.007346815
25.8609056	0.006589411
25.8731272	0.006513671
25.8853488	0.007952738
25.8975704	0.007195334
25.909792	0.006740892
25.9220136	0.007043854
25.9342352	0.006968113
25.9464568	0.006437931
25.9586784	0.008028478
25.9709	0.007346815
25.9831216	0.006513671
25.9953432	0.00621071
26.0075648	0.007801257
26.0197864	0.007043854
26.032008	0.007119594
26.0442296	0.006740892
26.0564512	0.006589411
26.0686728	0.007574036
26.0808944	0.006513671
26.093116	0.006134969
26.1053376	0.005983489
26.1175592	0.00621071
26.1297808	0.006513671
26.1420024	0.006589411
26.154224	0.005832008
26.1664456	0.006968113
26.1786672	0.006059229
26.1908888	0.007801257
26.2031104	0.007876998
26.215332	0.005529046
26.2275536	0.007422555
26.2397752	0.006513671
26.2519968	0.007195334
26.2642184	0.006059229
26.27644	0.005983489
26.2886616	0.006816633
26.3008832	0.007876998
26.3131048	0.005453306
26.3253264	0.00628645
26.337548	0.006816633
26.3497696	0.005907748
26.3619912	0.006134969
26.3742128	0.006740892
26.3864344	0.005529046
26.398656	0.005832008
26.4108776	0.00628645
26.4230992	0.007498296
26.4353208	0.005756268
26.4475424	0.005604787
26.459764	0.006513671
26.4719856	0.007574036
26.4842072	0.005756268
26.4964288	0.005529046
26.5086504	0.005074604
26.520872	0.005756268
26.5330936	0.006968113
26.5453152	0.00636219
26.5575368	0.005907748
26.5697584	0.00628645
26.58198	0.005301825
26.5942016	0.005907748
26.6064232	0.005074604
26.6186448	0.005453306
26.6308664	0.006059229
26.643088	0.004695902
26.6553096	0.005377566
26.6675312	0.005074604
26.6797528	0.005832008
26.6919744	0.005604787
26.704196	0.006968113
26.7164176	0.005074604
26.7286392	0.005074604
26.7408608	0.006059229
26.7530824	0.005301825
26.765304	0.004771643
26.7775256	0.005756268
26.7897472	0.005377566
26.8019688	0.004695902
26.8141904	0.005604787
26.826412	0.004923124
26.8386336	0.005907748
26.8508552	0.004998864
26.8630768	0.005301825
26.8752984	0.006134969
26.88752	0.004923124
26.8997416	0.005680527
26.9119632	0.005453306
26.9241848	0.005832008
26.9364064	0.005604787
26.948628	0.005529046
26.9608496	0.004847383
26.9730712	0.005301825
26.9852928	0.005150345
26.9975144	0.005604787
27.009736	0.005074604
27.0219576	0.004847383
27.0341792	0.003938499
27.0464008	0.005604787
27.0586224	0.004544422
27.070844	0.005453306
27.0830656	0.004544422
27.0952872	0.005680527
27.1075088	0.006059229
27.1197304	0.005226085
27.131952	0.005680527
27.1441736	0.004847383
27.1563952	0.003938499
27.1686168	0.004771643
27.1808384	0.005529046
27.19306	0.005377566
27.2052816	0.006589411
27.2175032	0.005453306
27.2297248	0.004847383
27.2419464	0.005074604
27.254168	0.004620162
27.2663896	0.00416572
27.2786112	0.004392941
27.2908328	0.006134969
27.3030544	0.005907748
27.315276	0.005604787
27.3274976	0.005453306
27.3397192	0.00621071
27.3519408	0.004544422
27.3641624	0.006437931
27.376384	0.005226085
27.3886056	0.005680527
27.4008272	0.004923124
27.4130488	0.005226085
27.4252704	0.003787018
27.437492	0.003938499
27.4497136	0.004695902
27.4619352	0.004014239
27.4741568	0.006059229
27.4863784	0.004392941
27.4986	0.00416572
27.5108216	0.003938499
27.5230432	0.005529046
27.5352648	0.00408998
27.5474864	0.005756268
27.559708	0.00416572
27.5719296	0.005074604
27.5841512	0.004771643
27.5963728	0.003787018
27.6085944	0.004771643
27.620816	0.00416572
27.6330376	0.00424146
27.6452592	0.004998864
27.6574808	0.004392941
27.6697024	0.004392941
27.681924	0.004923124
27.6941456	0.004317201
27.7063672	0.004771643
27.7185888	0.002802393
27.7308104	0.004771643
27.743032	0.004695902
27.7552536	0.004468681
27.7674752	0.00408998
27.7796968	0.004998864
27.7919184	0.00424146
27.80414	0.004620162
27.8163616	0.003862758
27.8285832	0.004392941
27.8408048	0.004923124
27.8530264	0.004771643
27.865248	0.003938499
27.8774696	0.004392941
27.8896912	0.00408998
27.9019128	0.00408998
27.9141344	0.003938499
27.926356	0.004317201
27.9385776	0.005150345
27.9507992	0.004923124
27.9630208	0.005377566
27.9752424	0.004392941
27.987464	0.004620162
27.9996856	0.004014239
28.0119072	0.00408998
28.0241288	0.004468681
28.0363504	0.004923124
28.048572	0.003711278
28.0607936	0.00408998
28.0730152	0.004392941
28.0852368	0.003408316
28.0974584	0.004620162
28.10968	0.003559797
28.1219016	0.003181095
28.1341232	0.003711278
28.1463448	0.004620162
28.1585664	0.004392941
28.170788	0.004620162
28.1830096	0.004847383
28.1952312	0.004014239
28.2074528	0.004620162
28.2196744	0.003938499
28.231896	0.003635537
28.2441176	0.004317201
28.2563392	0.003559797
28.2685608	0.002726653
28.2807824	0.00408998
28.293004	0.003862758
28.3052256	0.00416572
28.3174472	0.003408316
28.3296688	0.004620162
28.3418904	0.003787018
28.354112	0.00408998
28.3663336	0.003938499
28.3785552	0.003862758
28.3907768	0.004544422
28.4029984	0.003332576
28.41522	0.003029614
28.4274416	0.003711278
28.4396632	0.003256836
28.4518848	0.003862758
28.4641064	0.003559797
28.476328	0.003862758
28.4885496	0.003256836
28.5007712	0.003181095
28.5129928	0.003711278
28.5252144	0.004771643
28.537436	0.003408316
28.5496576	0.003711278
28.5618792	0.003332576
28.5741008	0.003711278
28.5863224	0.003484057
28.598544	0.002726653
28.6107656	0.003408316
28.6229872	0.003408316
28.6352088	0.004014239
28.6474304	0.003635537
28.659652	0.003408316
28.6718736	0.002953874
28.6840952	0.003635537
28.6963168	0.002878134
28.7085384	0.00424146
28.72076	0.00424146
28.7329816	0.002802393
28.7452032	0.003559797
28.7574248	0.003332576
28.7696464	0.003484057
28.781868	0.003787018
28.7940896	0.003181095
28.8063112	0.003332576
28.8185328	0.003029614
28.8307544	0.004014239
28.842976	0.003862758
28.8551976	0.003484057
28.8674192	0.003635537
28.8796408	0.003029614
28.8918624	0.003484057
28.904084	0.003105355
28.9163056	0.003029614
28.9285272	0.00416572
28.9407488	0.003787018
28.9529704	0.003938499
28.965192	0.003484057
28.9774136	0.002878134
28.9896352	0.002726653
29.0018568	0.003938499
29.0140784	0.003105355
29.0263	0.003256836
29.0385216	0.003787018
29.0507432	0.002953874
29.0629648	0.003029614
29.0751864	0.003484057
29.087408	0.003635537
29.0996296	0.00408998
29.1118512	0.003711278
29.1240728	0.003408316
29.1362944	0.003635537
29.148516	0.002423692
29.1607376	0.003559797
29.1729592	0.002802393
29.1851808	0.002423692
29.1974024	0.002575172
29.209624	0.002575172
29.2218456	0.003105355
29.2340672	0.003332576
29.2462888	0.003029614
29.2585104	0.002878134
29.270732	0.002347951
29.2829536	0.003256836
29.2951752	0.003408316
29.3073968	0.003256836
29.3196184	0.002878134
29.33184	0.002575172
29.3440616	0.002878134
29.3562832	0.003105355
29.3685048	0.003484057
29.3807264	0.003408316
29.392948	0.002650913
29.4051696	0.003484057
29.4173912	0.003029614
29.4296128	0.002953874
29.4418344	0.003559797
29.454056	0.002726653
29.4662776	0.002499432
29.4784992	0.002272211
29.4907208	0.002953874
29.5029424	0.003029614
29.515164	0.002272211
29.5273856	0.002423692
29.5396072	0.003105355
29.5518288	0.002650913
29.5640504	0.00219647
29.576272	0.003408316
29.5884936	0.002650913
29.6007152	0.003256836
29.6129368	0.003105355
29.6251584	0.003256836
29.63738	0.002272211
29.6496016	0.002802393
29.6618232	0.003408316
29.6740448	0.002499432
29.6862664	0.003181095
29.698488	0.002726653
29.7107096	0.002575172
29.7229312	0.002650913
29.7351528	0.003635537
29.7473744	0.002953874
29.759596	0.002802393
29.7718176	0.002423692
29.7840392	0.003105355
29.7962608	0.003181095
29.8084824	0.002802393
29.820704	0.00212073
29.8329256	0.003484057
29.8451472	0.002347951
29.8573688	0.003029614
29.8695904	0.003181095
29.881812	0.002802393
29.8940336	0.002272211
29.9062552	0.002423692
29.9184768	0.002272211
29.9306984	0.003181095
29.94292	0.002726653
29.9551416	0.002575172
29.9673632	0.002575172
29.9795848	0.002347951
29.9918064	0.003408316
30.004028	0.002650913
30.0162496	0.002802393
30.0284712	0.00204499
30.0406928	0.002499432
30.0529144	0.002423692
30.065136	0.002650913
30.0773576	0.00408998
30.0895792	0.002726653
30.1018008	0.002272211
30.1140224	0.00204499
30.126244	0.002499432
30.1384656	0.001514807
30.1506872	0.002953874
30.1629088	0.002272211
30.1751304	0.002272211
30.187352	0.002878134
30.1995736	0.001969249
30.2117952	0.003029614
30.2240168	0.002423692
30.2362384	0.00212073
30.24846	0.001742028
30.2606816	0.001893509
30.2729032	0.002423692
30.2851248	0.002423692
30.2973464	0.003862758
30.309568	0.002802393
30.3217896	0.003862758
30.3340112	0.003105355
30.3462328	0.002878134
30.3584544	0.002726653
30.370676	0.002499432
30.3828976	0.003484057
30.3951192	0.002423692
30.4073408	0.002347951
30.4195624	0.002499432
30.431784	0.001363327
30.4440056	0.002575172
30.4562272	0.003029614
30.4684488	0.001893509
30.4806704	0.002878134
30.492892	0.002802393
30.5051136	0.001969249
30.5173352	0.002953874
30.5295568	0.002499432
30.5417784	0.003105355
30.554	0.002575172
30.5662216	0.002650913
30.5784432	0.002423692
30.5906648	0.002423692
30.6028864	0.002272211
30.615108	0.002802393
30.6273296	0.002650913
30.6395512	0.00219647
30.6517728	0.002347951
30.6639944	0.002272211
30.676216	0.002650913
30.6884376	0.002575172
30.7006592	0.002423692
30.7128808	0.002726653
30.7251024	0.00204499
30.737324	0.002650913
30.7495456	0.002347951
30.7617672	0.002953874
30.7739888	0.002423692
30.7862104	0.002347951
30.798432	0.00219647
30.8106536	0.001893509
30.8228752	0.00204499
30.8350968	0.001969249
30.8473184	0.003256836
30.85954	0.00204499
30.8717616	0.002423692
30.8839832	0.001817769
30.8962048	0.002575172
30.9084264	0.002726653
30.920648	0.002423692
30.9328696	0.002650913
30.9450912	0.002272211
30.9573128	0.001817769
30.9695344	0.00212073
30.981756	0.002347951
30.9939776	0.001287586
31.0061992	0.002347951
31.0184208	0.001817769
31.0306424	0.001590548
31.042864	0.002499432
31.0550856	0.002272211
31.0673072	0.001439067
31.0795288	0.001742028
31.0917504	0.002802393
31.103972	0.001969249
31.1161936	0.002953874
31.1284152	0.001817769
31.1406368	0.001514807
31.1528584	0.002272211
31.16508	0.001439067
31.1773016	0.001969249
31.1895232	0.002423692
31.2017448	0.001817769
31.2139664	0.00219647
31.226188	0.001514807
31.2384096	0.001969249
31.2506312	0.001893509
31.2628528	0.002347951
31.2750744	0.001666288
31.287296	0.002499432
31.2995176	0.001817769
31.3117392	0.001893509
31.3239608	0.00219647
31.3361824	0.003105355
31.348404	0.00204499
31.3606256	0.002802393
31.3728472	0.002650913
31.3850688	0.001590548
31.3972904	0.001287586
31.409512	0.001666288
31.4217336	0.001742028
31.4339552	0.001666288
31.4461768	0.001742028
31.4583984	0.00219647
31.47062	0.002650913
31.4828416	0.001969249
31.4950632	0.00204499
31.5072848	0.002272211
31.5195064	0.00204499
31.531728	0.001666288
31.5439496	0.001893509
31.5561712	0.00219647
31.5683928	0.001969249
31.5806144	0.001893509
31.592836	0.000984625
31.6050576	0.001514807
31.6172792	0.001590548
31.6295008	0.001590548
31.6417224	0.001590548
31.653944	0.001969249
31.6661656	0.001666288
31.6783872	0.001969249
31.6906088	0.001817769
31.7028304	0.001514807
31.715052	0.001514807
31.7272736	0.001742028
31.7394952	0.001969249
31.7517168	0.000984625
31.7639384	0.001590548
31.77616	0.001893509
31.7883816	0.001817769
31.8006032	0.002272211
31.8128248	0.001893509
31.8250464	0.001969249
31.837268	0.002650913
31.8494896	0.001590548
31.8617112	0.001666288
31.8739328	0.001969249
31.8861544	0.001893509
31.898376	0.00204499
31.9105976	0.002423692
31.9228192	0.001514807
31.9350408	0.00212073
31.9472624	0.001439067
31.959484	0.001590548
31.9717056	0.001439067
31.9839272	0.001742028
31.9961488	0.001666288
32.0083704	0.00204499
32.020592	0.001590548
32.0328136	0.001893509
32.0450352	0.001060365
32.0572568	0.002802393
32.0694784	0.001666288
32.0817	0.001893509
32.0939216	0.001060365
32.1061432	0.002347951
32.1183648	0.001363327
32.1305864	0.001817769
32.142808	0.00219647
32.1550296	0.001817769
32.1672512	0.001363327
32.1794728	0.001439067
32.1916944	0.001136105
32.203916	0.001666288
32.2161376	0.00219647
32.2283592	0.00204499
32.2405808	0.001969249
32.2528024	0.001514807
32.265024	0.001287586
32.2772456	0.001514807
32.2894672	0.001439067
32.3016888	0.001666288
32.3139104	0.00219647
32.326132	0.001590548
32.3383536	0.001969249
32.3505752	0.00219647
32.3627968	0.001211846
32.3750184	0.001514807
32.38724	0.001969249
32.3994616	0.001211846
32.4116832	0.001893509
32.4239048	0.001287586
32.4361264	0.001439067
32.448348	0.001363327
32.4605696	0.001514807
32.4727912	0.001817769
32.4850128	0.001666288
32.4972344	0.001211846
32.509456	0.001211846
32.5216776	0.00212073
32.5338992	0.001969249
32.5461208	0.001060365
32.5583424	0.001817769
32.570564	0.001590548
32.5827856	0.001590548
32.5950072	0.001514807
32.6072288	0.001363327
32.6194504	0.001363327
32.631672	0.001666288
32.6438936	0.001666288
32.6561152	0.001666288
32.6683368	0.001439067
32.6805584	0.001817769
32.69278	0.001439067
32.7050016	0.001439067
32.7172232	0.001817769
32.7294448	0.001514807
32.7416664	0.001742028
32.753888	0.001211846
32.7661096	0.001817769
32.7783312	0.000757404
32.7905528	0.001060365
32.8027744	0.001211846
32.814996	0.001439067
32.8272176	0.001969249
32.8394392	0.001439067
32.8516608	0.001742028
32.8638824	0.001060365
32.876104	0.001514807
32.8883256	0.001363327
32.9005472	0.001666288
32.9127688	0.001817769
32.9249904	0.001211846
32.937212	0.001590548
32.9494336	0.000908884
32.9616552	0.001363327
32.9738768	0.001287586
32.9860984	0.001287586
32.99832	0.000908884
33.0105416	0.001666288
33.0227632	0.001893509
33.0349848	0.001514807
33.0472064	0.001439067
33.059428	0.000984625
33.0716496	0.001514807
33.0838712	0.001287586
33.0960928	0.001893509
33.1083144	0.001287586
33.120536	0.002272211
33.1327576	0.001514807
33.1449792	0.001211846
33.1572008	0.001666288
33.1694224	0.001893509
33.181644	0.001969249
33.1938656	0.001363327
33.2060872	0.001742028
33.2183088	0.001287586
33.2305304	0.001514807
33.242752	0.001060365
33.2549736	0.001287586
33.2671952	0.000984625
33.2794168	0.000833144
33.2916384	0.001742028
33.30386	0.001666288
33.3160816	0.001969249
33.3283032	0.001287586
33.3405248	0.001439067
33.3527464	0.001363327
33.364968	0.001211846
33.3771896	0.001287586
33.3894112	0.001060365
33.4016328	0.001439067
33.4138544	0.001666288
33.426076	0.001287586
33.4382976	0.001439067
33.4505192	0.001287586
33.4627408	0.001514807
33.4749624	0.001514807
33.487184	0.001211846
33.4994056	0.001439067
33.5116272	0.001590548
33.5238488	0.001136105
33.5360704	0.001590548
33.548292	0.001439067
33.5605136	0.001893509
33.5727352	0.001211846
33.5849568	0.001211846
33.5971784	0.000984625
33.6094	0.001287586
33.6216216	0.001742028
33.6338432	0.001514807
33.6460648	0.001211846
33.6582864	0.000833144
33.670508	0.000908884
33.6827296	0.001211846
33.6949512	0.001439067
33.7071728	0.001817769
33.7193944	0.001060365
33.731616	0.00219647
33.7438376	0.001590548
33.7560592	0.001211846
33.7682808	0.000757404
33.7805024	0.001211846
33.792724	0.001136105
33.8049456	0.001363327
33.8171672	0.001439067
33.8293888	0.001969249
33.8416104	0.00204499
33.853832	0.001514807
33.8660536	0.001060365
33.8782752	0.001590548
33.8904968	0.001893509
33.9027184	0.001666288
33.91494	0.001666288
33.9271616	0.000984625
33.9393832	0.001060365
33.9516048	0.001211846
33.9638264	0.001817769
33.976048	0.000908884
33.9882696	0.001363327
34.0004912	0.001211846
34.0127128	0.000908884
34.0249344	0.001363327
34.037156	0.001287586
34.0493776	0.000908884
34.0615992	0.001439067
34.0738208	0.001439067
34.0860424	0.001514807
34.098264	0.001514807
34.1104856	0.001060365
34.1227072	0.001439067
34.1349288	0.000908884
34.1471504	0.000757404
34.159372	0.001817769
34.1715936	0.001287586
34.1838152	0.000833144
34.1960368	0.001439067
34.2082584	0.000984625
34.22048	0.001969249
34.2327016	0.000681663
34.2449232	0.001817769
34.2571448	0.001287586
34.2693664	0.000833144
34.281588	0.000833144
34.2938096	0.001136105
34.3060312	0.001211846
34.3182528	0.001060365
34.3304744	0.001817769
34.342696	0.000984625
34.3549176	0.001060365
34.3671392	0.001211846
34.3793608	0.000833144
34.3915824	0.001060365
34.403804	0.001060365
34.4160256	0.001514807
34.4282472	0.001211846
34.4404688	0.000984625
34.4526904	0.001287586
34.464912	0.001060365
34.4771336	0.000681663
34.4893552	0.001590548
34.5015768	0.000984625
34.5137984	0.001136105
34.52602	0.001287586
34.5382416	0.001363327
34.5504632	0.001211846
34.5626848	0.001060365
34.5749064	0.000908884
34.587128	0.001514807
34.5993496	0.000833144
34.6115712	0.000984625
34.6237928	0.001590548
34.6360144	0.001817769
34.648236	0.001590548
34.6604576	0.000833144
34.6726792	0.001060365
34.6849008	0.001136105
34.6971224	0.000984625
34.709344	0.001060365
34.7215656	0.001363327
34.7337872	0.001363327
34.7460088	0.001136105
34.7582304	0.000908884
34.770452	0.001363327
34.7826736	0.001363327
34.7948952	0.000908884
34.8071168	0.001211846
34.8193384	0.001514807
34.83156	0.000454442
34.8437816	0.000681663
34.8560032	0.001136105
34.8682248	0.001211846
34.8804464	0.001363327
34.892668	0.000984625
34.9048896	0.000833144
34.9171112	0.001136105
34.9293328	0.001211846
34.9415544	0.001211846
34.953776	0.001590548
34.9659976	0.000833144
34.9782192	0.001363327
34.9904408	0.001969249
35.0026624	0.001060365
35.014884	0.001136105
35.0271056	0.001287586
35.0393272	0.000757404
35.0515488	0.001287586
35.0637704	0.000757404
35.075992	0.001136105
35.0882136	0.001136105
35.1004352	0.000833144
35.1126568	0.000833144
35.1248784	0.000757404
35.1371	0.000757404
35.1493216	0.000908884
35.1615432	0.000605923
35.1737648	0.001439067
35.1859864	0.001136105
35.198208	0.000984625
35.2104296	0.001060365
35.2226512	0.000833144
35.2348728	0.001136105
35.2470944	0.000681663
35.259316	0.001060365
35.2715376	0.000833144
35.2837592	0.000605923
35.2959808	0.001666288
35.3082024	0.001287586
35.320424	0.001211846
35.3326456	0.000908884
35.3448672	0.000984625
35.3570888	0.000984625
35.3693104	0.001363327
35.381532	0.000833144
35.3937536	0.001136105
35.4059752	0.000833144
35.4181968	0.000908884
35.4304184	0.000833144
35.44264	0.001211846
35.4548616	0.000908884
35.4670832	0.000681663
35.4793048	0.000757404
35.4915264	0.000833144
35.503748	0.001287586
35.5159696	0.000984625
35.5281912	0.000984625
35.5404128	0.000984625
35.5526344	0.000681663
35.564856	0.000984625
35.5770776	0.000681663
35.5892992	0.001514807
35.6015208	0.001439067
35.6137424	0.000908884
35.625964	0.000605923
35.6381856	0.000681663
35.6504072	0.000833144
35.6626288	0.000984625
35.6748504	0.001060365
35.687072	0.000833144
35.6992936	0.000984625
35.7115152	0.001211846
35.7237368	0.000757404
35.7359584	0.000681663
35.74818	0.000833144
35.7604016	0.000908884
35.7726232	0.001514807
35.7848448	0.000833144
35.7970664	0.000908884
35.809288	0.000833144
35.8215096	0.001211846
35.8337312	0.001136105
35.8459528	0.001060365
35.8581744	0.001060365
35.870396	0.000833144
35.8826176	0.001211846
35.8948392	0.000757404
35.9070608	0.000681663
35.9192824	0.001060365
35.931504	0.001514807
35.9437256	0.000605923
35.9559472	0.000833144
35.9681688	0.000908884
35.9803904	0.000681663
35.992612	0.001287586
36.0048336	0.000605923
36.0170552	0.001211846
36.0292768	0.001287586
36.0414984	0.001211846
36.05372	0.001060365
36.0659416	0.000908884
36.0781632	0.000908884
36.0903848	0.001287586
36.1026064	0.000530183
36.114828	0.001590548
36.1270496	0.000984625
36.1392712	0.001439067
36.1514928	0.000605923
36.1637144	0.000833144
36.175936	0.000908884
36.1881576	0.001060365
36.2003792	0.000681663
36.2126008	0.000984625
36.2248224	0.001363327
36.237044	0.000530183
36.2492656	0.001136105
36.2614872	0.000681663
36.2737088	0.001287586
36.2859304	0.001136105
36.298152	0.000908884
36.3103736	0.000681663
36.3225952	0.000681663
36.3348168	0.000605923
36.3470384	0.001666288
36.35926	0.001136105
36.3714816	0.000681663
36.3837032	0.001136105
36.3959248	0.000681663
36.4081464	0.001136105
36.420368	0.000757404
36.4325896	0.000984625
36.4448112	0.001211846
36.4570328	0.000984625
36.4692544	0.000984625
36.481476	0.000984625
36.4936976	0.001363327
36.5059192	0.001211846
36.5181408	0.001136105
36.5303624	0.001060365
36.542584	0.000908884
36.5548056	0.000605923
36.5670272	0.000454442
36.5792488	0.001211846
36.5914704	0.000530183
36.603692	0.001060365
36.6159136	0.001211846
36.6281352	0.000530183
36.6403568	0.000833144
36.6525784	0.000681663
36.6648	0.000908884
36.6770216	0.000908884
36.6892432	0.000757404
36.7014648	0.001060365
36.7136864	0.000605923
36.725908	0.000833144
36.7381296	0.000454442
36.7503512	0.001060365
36.7625728	0.000454442
36.7747944	0.000833144
36.787016	0.000908884
36.7992376	0.000757404
36.8114592	0.001060365
36.8236808	0.000681663
36.8359024	0.000681663
36.848124	0.000757404
36.8603456	0.000530183
36.8725672	0.000681663
36.8847888	0.000530183
36.8970104	0.000984625
36.909232	0.000833144
36.9214536	0.000530183
36.9336752	0.001136105
36.9458968	0.000151481
36.9581184	0.000908884
36.97034	0.000681663
36.9825616	0.000984625
36.9947832	0.000833144
37.0070048	0.000681663
37.0192264	0.000908884
37.031448	0.000605923
37.0436696	0.001060365
37.0558912	0.001287586
37.0681128	0.000757404
37.0803344	0.000908884
37.092556	0.000908884
37.1047776	0.001211846
37.1169992	0.000681663
37.1292208	0.000530183
37.1414424	0.000530183
37.153664	0.000757404
37.1658856	0.000378702
37.1781072	0.001136105
37.1903288	0.001211846
37.2025504	0.000454442
37.214772	0.000757404
37.2269936	0.000833144
37.2392152	0.000833144
37.2514368	0.000530183
37.2636584	0.000681663
37.27588	0.000757404
37.2881016	0.000605923
37.3003232	0.000681663
37.3125448	0.000984625
37.3247664	0.000454442
37.336988	0.001136105
37.3492096	0.000908884
37.3614312	0.000757404
37.3736528	0.000681663
37.3858744	0.000757404
37.398096	0.000681663
37.4103176	0.000833144
37.4225392	0.000833144
37.4347608	0.000833144
37.4469824	0.000833144
37.459204	0.000984625
37.4714256	0.000908884
37.4836472	0.001060365
37.4958688	0.000681663
37.5080904	0.000757404
37.520312	0.000454442
37.5325336	0.001211846
37.5447552	0.001136105
37.5569768	0.000984625
37.5691984	0.000605923
37.58142	0.000454442
37.5936416	0.000984625
37.6058632	0.001363327
37.6180848	0.000908884
37.6303064	0.000681663
37.642528	0.000681663
37.6547496	0.000757404
37.6669712	0.000833144
37.6791928	0.001060365
37.6914144	0.000757404
37.703636	0.000908884
37.7158576	0.001363327
37.7280792	0.000908884
37.7403008	0.001211846
37.7525224	0.000681663
37.764744	0.000530183
37.7769656	0.000530183
37.7891872	0.000605923
37.8014088	0.000681663
37.8136304	0.001514807
37.825852	0.000984625
37.8380736	0.000757404
37.8502952	0.000908884
37.8625168	0.000833144
37.8747384	0.001060365
37.88696	0.001439067
37.8991816	0.001060365
37.9114032	0.001211846
37.9236248	0.000757404
37.9358464	0.001363327
37.948068	0.001060365
37.9602896	0.000454442
37.9725112	0.000378702
37.9847328	0.001590548
37.9969544	0.001211846
38.009176	0.000833144
38.0213976	0.000530183
38.0336192	0.000378702
38.0458408	0.000681663
38.0580624	0.000530183
38.070284	0.000454442
38.0825056	0.000984625
38.0947272	0.000757404
38.1069488	0.000681663
38.1191704	0.001136105
38.131392	0.000605923
38.1436136	0.000605923
38.1558352	0.000757404
38.1680568	0.000908884
38.1802784	0.000757404
38.1925	0.000681663
38.2047216	0.000378702
38.2169432	0.000984625
38.2291648	0.000681663
38.2413864	0.000378702
38.253608	0.001136105
38.2658296	0.001136105
38.2780512	0.001211846
38.2902728	0.000530183
38.3024944	0.001287586
38.314716	0.000681663
38.3269376	0.000454442
38.3391592	0.000681663
38.3513808	0.000757404
38.3636024	0.000605923
38.375824	0.000378702
38.3880456	0.000681663
38.4002672	0.000908884
38.4124888	0.000605923
38.4247104	0.000454442
38.436932	0.000530183
38.4491536	0.000605923
38.4613752	0.000757404
38.4735968	0.000530183
38.4858184	0.000454442
38.49804	0.000908884
38.5102616	0.000605923
38.5224832	0.000681663
38.5347048	0.001060365
38.5469264	0.000984625
38.559148	0.000757404
38.5713696	0.000605923
38.5835912	0.001060365
38.5958128	0.000984625
38.6080344	0.000833144
38.620256	0.000757404
38.6324776	0.000530183
38.6446992	0.000605923
38.6569208	0.000833144
38.6691424	0.000984625
38.681364	0.000605923
38.6935856	0.000227221
38.7058072	0.000984625
38.7180288	0.000681663
38.7302504	0.000530183
38.742472	0.000530183
38.7546936	0.000530183
38.7669152	0.000530183
38.7791368	0.001136105
38.7913584	0.000530183
38.80358	0.000984625
38.8158016	0.000151481
38.8280232	0.000378702
38.8402448	0.000984625
38.8524664	0.000302961
38.864688	0.000757404
38.8769096	0.000605923
38.8891312	0.000984625
38.9013528	0.000605923
38.9135744	0.000757404
38.925796	0.000833144
38.9380176	0.000908884
38.9502392	0.000681663
38.9624608	0.000605923
38.9746824	0.000833144
38.986904	0.000908884
38.9991256	0.000833144
39.0113472	0.001136105
39.0235688	0.001060365
39.0357904	0.000530183
39.048012	0.000984625
39.0602336	0.000454442
39.0724552	0.000757404
39.0846768	0.000530183
39.0968984	0.000757404
39.10912	0.000605923
39.1213416	0.000757404
39.1335632	0.000757404
39.1457848	0.000757404
39.1580064	0.000530183
39.170228	0.000681663
39.1824496	0.000681663
39.1946712	0.001136105
39.2068928	0.001136105
39.2191144	0.000454442
39.231336	0.000757404
39.2435576	0.000302961
39.2557792	0.000833144
39.2680008	0.000681663
39.2802224	0.000530183
39.292444	0.000757404
39.3046656	0.000605923
39.3168872	0.000681663
39.3291088	0.000530183
39.3413304	0.000530183
39.353552	0.000681663
39.3657736	0.000984625
39.3779952	0.000908884
39.3902168	0.000757404
39.4024384	0.000984625
39.41466	0.000757404
39.4268816	0.000833144
39.4391032	0.000378702
39.4513248	0.000833144
39.4635464	0.000454442
39.475768	0.000833144
39.4879896	0.000530183
39.5002112	0.001060365
39.5124328	0.000833144
39.5246544	0.001060365
39.536876	0.000530183
39.5490976	0.000454442
39.5613192	0.000681663
39.5735408	0.000833144
39.5857624	0.000833144
39.597984	0.001060365
39.6102056	0.000833144
39.6224272	0.000530183
39.6346488	0.000757404
39.6468704	0.001060365
39.659092	0.000378702
39.6713136	0.000605923
39.6835352	0.000908884
39.6957568	0.000908884
39.7079784	0.000605923
39.7202	0.000605923
39.7324216	0.000454442
39.7446432	0.000605923
39.7568648	0.000605923
39.7690864	0.000302961
39.781308	0.000757404
39.7935296	0.000454442
39.8057512	0.000681663
39.8179728	0.000757404
39.8301944	0.000908884
39.842416	0.001136105
39.8546376	0.000757404
39.8668592	0.000681663
39.8790808	0.000757404
39.8913024	0.000681663
39.903524	0.000757404
39.9157456	0.000833144
39.9279672	0.000530183
39.9401888	0.000681663
39.9524104	0.000605923
39.964632	0.000757404
39.9768536	0.000605923
39.9890752	0.001211846
40.0012968	0.000605923
40.0135184	0.000833144
40.02574	0.000984625
40.0379616	0.000454442
40.0501832	0.000833144
40.0624048	0.000378702
40.0746264	0.000833144
40.086848	0.000833144
40.0990696	0.001060365
40.1112912	0.000454442
40.1235128	0.000605923
40.1357344	0.000454442
40.147956	0.001060365
40.1601776	0.000681663
40.1723992	0.000530183
40.1846208	0.001060365
40.1968424	0.000605923
40.209064	0.000454442
40.2212856	0.000454442
40.2335072	0.000757404
40.2457288	0.000454442
40.2579504	0.000833144
40.270172	0.000984625
40.2823936	0.000605923
40.2946152	0.000833144
40.3068368	0.000833144
40.3190584	0.000833144
40.33128	0.000530183
40.3435016	0.000605923
40.3557232	0.000757404
40.3679448	0.000681663
40.3801664	0.000757404
40.392388	0.000378702
40.4046096	0.000454442
40.4168312	0.000605923
40.4290528	0.000833144
40.4412744	0.000227221
40.453496	0.000605923
40.4657176	0.000530183
40.4779392	0.000757404
40.4901608	0.000833144
40.5023824	0.001060365
40.514604	0.000908884
40.5268256	0.000833144
40.5390472	0.000530183
40.5512688	0.000833144
40.5634904	0.001136105
40.575712	0.000681663
40.5879336	0.000378702
40.6001552	0.000378702
40.6123768	0.000833144
40.6245984	0.000302961
40.63682	0.000908884
40.6490416	0.000530183
40.6612632	0.000378702
40.6734848	0.000681663
40.6857064	0.000833144
40.697928	0.000530183
40.7101496	0.000530183
40.7223712	0.000605923
40.7345928	0.000605923
40.7468144	0.000605923
40.759036	0.000605923
40.7712576	0.000908884
40.7834792	0.000605923
40.7957008	0.001136105
40.8079224	0.000151481
40.820144	0.000530183
40.8323656	0.000454442
40.8445872	0.000681663
40.8568088	0.000681663
40.8690304	0.000302961
40.881252	0.000454442
40.8934736	0.000984625
40.9056952	0.000454442
40.9179168	0.001060365
40.9301384	0.000984625
40.94236	0.000530183
40.9545816	0.000833144
40.9668032	0.000833144
40.9790248	0.000908884
40.9912464	0.000605923
41.003468	0.000605923
41.0156896	0.000530183
41.0279112	0.000833144
41.0401328	0.000833144
41.0523544	0.000984625
41.064576	0.000530183
41.0767976	0.000833144
41.0890192	0.000681663
41.1012408	0.000984625
41.1134624	0.001136105
41.125684	0.000757404
41.1379056	0.000454442
41.1501272	0.000378702
41.1623488	0.000757404
41.1745704	0.001287586
41.186792	0.000454442
41.1990136	0.001136105
41.2112352	0.000681663
41.2234568	0.000530183
41.2356784	0.000454442
41.2479	0.000605923
41.2601216	0.000302961
41.2723432	0.000605923
41.2845648	0.000378702
41.2967864	0.000833144
41.309008	0.000530183
41.3212296	0.000378702
41.3334512	0.000833144
41.3456728	0.000681663
41.3578944	0.000605923
41.370116	0.000454442
41.3823376	0.000908884
41.3945592	0.000454442
41.4067808	0.000530183
41.4190024	0.001060365
41.431224	0.000908884
41.4434456	0.001060365
41.4556672	0.000605923
41.4678888	0.000302961
41.4801104	0.000757404
41.492332	0.000833144
41.5045536	0.000757404
41.5167752	0.000530183
41.5289968	0.000984625
41.5412184	0.000984625
41.55344	0.000681663
41.5656616	0.000681663
41.5778832	0.000530183
41.5901048	0.000605923
41.6023264	0.000605923
41.614548	0.000833144
41.6267696	0.000757404
41.6389912	0.000757404
41.6512128	0.000605923
41.6634344	0.000833144
41.675656	0.000530183
41.6878776	0.000530183
41.7000992	0.000833144
41.7123208	0.000833144
41.7245424	0.000302961
41.736764	0.000833144
41.7489856	0.000378702
41.7612072	0.000908884
41.7734288	0.000378702
41.7856504	0.000984625
41.797872	0.000378702
41.8100936	0.000530183
41.8223152	0.000378702
41.8345368	0.000984625
41.8467584	0.000605923
41.85898	0.000681663
41.8712016	0.000530183
41.8834232	0.000757404
41.8956448	0.000908884
41.9078664	0.000757404
41.920088	0.000530183
41.9323096	0.000757404
41.9445312	0.000984625
41.9567528	0.000833144
41.9689744	0.000833144
41.981196	0.000757404
41.9934176	0.000454442
42.0056392	0.000833144
42.0178608	0.000605923
42.0300824	0.000833144
42.042304	0.000984625
42.0545256	0.000908884
42.0667472	0.000454442
42.0789688	0.000681663
42.0911904	0.000454442
42.103412	0.000605923
42.1156336	0.000454442
42.1278552	0.000605923
42.1400768	0.000378702
42.1522984	0.000984625
42.16452	0.000757404
42.1767416	0.000681663
42.1889632	0.000605923
42.2011848	0.000833144
42.2134064	0.000530183
42.225628	0.000378702
42.2378496	0.001060365
42.2500712	0.000908884
42.2622928	0.000833144
42.2745144	0.000984625
42.286736	0.000454442
42.2989576	0.000454442
42.3111792	0.000302961
42.3234008	0.000681663
42.3356224	0.000302961
42.347844	0.000378702
42.3600656	0.000605923
42.3722872	0.000833144
42.3845088	0.000151481
42.3967304	0.000454442
42.408952	0.000378702
42.4211736	0.000605923
42.4333952	0.000530183
42.4456168	0.000757404
42.4578384	0.000302961
42.47006	0.000454442
42.4822816	0.000454442
42.4945032	0.000530183
42.5067248	0.000681663
42.5189464	0.000454442
42.531168	0.000908884
42.5433896	0.000833144
42.5556112	0.000454442
42.5678328	0.000530183
42.5800544	0.000681663
42.592276	0.001060365
42.6044976	0.000757404
42.6167192	0.000530183
42.6289408	0.000681663
42.6411624	0.000227221
42.653384	0.000681663
42.6656056	0.000757404
42.6778272	0.000833144
42.6900488	0.000378702
42.7022704	0.000530183
42.714492	0.000833144
42.7267136	0.000302961
42.7389352	0.000908884
42.7511568	0.000757404
42.7633784	0.000681663
42.7756	0.000530183
42.7878216	0.000530183
42.8000432	0.000908884
42.8122648	0.000530183
42.8244864	0.000605923
42.836708	0.000378702
42.8489296	0.000454442
42.8611512	0.000605923
42.8733728	0.000530183
42.8855944	0.000530183
42.897816	0.000833144
42.9100376	0.000681663
42.9222592	0.000908884
42.9344808	0.001136105
42.9467024	0.000454442
42.958924	0.000530183
42.9711456	0.000833144
42.9833672	0.000454442
42.9955888	0.000454442
43.0078104	0.000757404
43.020032	0.000757404
43.0322536	0.000454442
43.0444752	0.000605923
43.0566968	0.000833144
43.0689184	0.000757404
43.08114	0.000530183
43.0933616	0.000454442
43.1055832	0.000151481
43.1178048	0.000530183
43.1300264	0.000757404
43.142248	0.000530183
43.1544696	0.000681663
43.1666912	0.000681663
43.1789128	0.000530183
43.1911344	0.000681663
43.203356	0.000757404
43.2155776	0.000757404
43.2277992	0.000530183
43.2400208	0.000605923
43.2522424	0.000757404
43.264464	0.000833144
43.2766856	0.000454442
43.2889072	0.000454442
43.3011288	0.000530183
43.3133504	0.000681663
43.325572	0.000454442
43.3377936	0.000908884
43.3500152	0.000454442
43.3622368	0.000681663
43.3744584	0.000984625
43.38668	0.000605923
43.3989016	0.000530183
43.4111232	0.000605923
43.4233448	0.000454442
43.4355664	0.000681663
43.447788	0.000757404
43.4600096	0.000984625
43.4722312	0.000908884
43.4844528	0.000454442
43.4966744	0.001060365
43.508896	0.000378702
43.5211176	0.000833144
43.5333392	0.000454442
43.5455608	0.000378702
43.5577824	0.000757404
43.570004	0.000681663
43.5822256	0.000454442
43.5944472	0.000833144
43.6066688	0.000530183
43.6188904	0.000681663
43.631112	0.000605923
43.6433336	0.000454442
43.6555552	0.000833144
43.6677768	0.000605923
43.6799984	0.000984625
43.69222	0.000302961
43.7044416	0.000605923
43.7166632	0.000302961
43.7288848	0.000681663
43.7411064	0.000605923
43.753328	0.000833144
43.7655496	0.000378702
43.7777712	0.000605923
43.7899928	0.000681663
43.8022144	0.000530183
43.814436	0.000530183
43.8266576	0.000605923
43.8388792	0.000605923
43.8511008	0.000454442
43.8633224	0.000302961
43.875544	0.000378702
43.8877656	0.000681663
43.8999872	0.000302961
43.9122088	0.000757404
43.9244304	0.000302961
43.936652	0.000605923
43.9488736	0.000302961
43.9610952	0.001060365
43.9733168	0.001060365
43.9855384	0.000530183
43.99776	0.000454442
44.0099816	0.000378702
44.0222032	0.001060365
44.0344248	0.000908884
44.0466464	0.000757404
44.058868	0.000757404
44.0710896	0.000605923
44.0833112	0.000530183
44.0955328	0.000378702
44.1077544	0.000681663
44.119976	0.001060365
44.1321976	0.000605923
44.1444192	0.000605923
44.1566408	0.000757404
44.1688624	0.000757404
44.181084	0.000454442
44.1933056	0.000378702
44.2055272	0.000757404
44.2177488	0.000757404
44.2299704	0.000605923
44.242192	0.000302961
44.2544136	0.000454442
44.2666352	0.000302961
44.2788568	0.000757404
44.2910784	0.000530183
44.3033	0.000378702
44.3155216	0.000605923
44.3277432	0.000530183
44.3399648	0.000530183
44.3521864	0.001060365
44.364408	0.000378702
44.3766296	0.000605923
44.3888512	0.000530183
44.4010728	0.001060365
44.4132944	0.000681663
44.425516	0.000833144
44.4377376	0.000302961
44.4499592	0.000454442
44.4621808	0.000757404
44.4744024	0.000681663
44.486624	0.001060365
44.4988456	0.000605923
44.5110672	0.000908884
44.5232888	0.000984625
44.5355104	0.000530183
44.547732	0.000605923
44.5599536	0.000605923
44.5721752	0.000378702
44.5843968	0.000605923
44.5966184	7.57E-05
44.60884	0.000757404
44.6210616	0.000605923
44.6332832	0.000757404
44.6455048	0.000454442
44.6577264	0.000378702
44.669948	0.000908884
44.6821696	0.000605923
44.6943912	0.000454442
44.7066128	0.000454442
44.7188344	0.000605923
44.731056	0.000605923
44.7432776	0.000227221
44.7554992	0.001136105
44.7677208	0.000378702
44.7799424	0.000454442
44.792164	0.000378702
44.8043856	0.000530183
44.8166072	0.000378702
44.8288288	0.000454442
44.8410504	0.001287586
44.853272	0.000302961
44.8654936	0.000681663
44.8777152	0.000681663
44.8899368	0.000454442
44.9021584	0.000378702
44.91438	0.001136105
44.9266016	0.000530183
44.9388232	0.000605923
44.9510448	0.000908884
44.9632664	0.000833144
44.975488	0.000605923
44.9877096	0.000530183
44.9999312	0.000302961
45.0121528	0.000908884
45.0243744	0.000681663
45.036596	0.000302961
45.0488176	0.000227221
45.0610392	0.000378702
45.0732608	0.000530183
45.0854824	0.000530183
45.097704	0.000605923
45.1099256	0.000605923
45.1221472	0.000454442
45.1343688	0.000605923
45.1465904	0.000454442
45.158812	0.000681663
45.1710336	0.000833144
45.1832552	0.000454442
45.1954768	0.000151481
45.2076984	0.000833144
45.21992	0.000605923
45.2321416	0.000530183
45.2443632	0.000302961
45.2565848	0.000605923
45.2688064	0.000454442
45.281028	0.000530183
45.2932496	0.000454442
45.3054712	0.000908884
45.3176928	0.000833144
45.3299144	0.000530183
45.342136	0.000378702
45.3543576	0.000454442
45.3665792	0.000530183
45.3788008	0.000757404
45.3910224	0.000757404
45.403244	0.000833144
45.4154656	0.000908884
45.4276872	0.000681663
45.4399088	0.000454442
45.4521304	0.000757404
45.464352	0.000984625
45.4765736	0.000681663
45.4887952	0.000454442
45.5010168	0.000681663
45.5132384	0.000757404
45.52546	0.000605923
45.5376816	0.000757404
45.5499032	0.000833144
45.5621248	0.000605923
45.5743464	0.000302961
45.586568	0.000378702
45.5987896	0.000908884
45.6110112	0.000757404
45.6232328	0.000530183
45.6354544	0.000454442
45.647676	0.000378702
45.6598976	0.000757404
45.6721192	0.000378702
45.6843408	0.000530183
45.6965624	0.000757404
45.708784	0.000302961
45.7210056	0.000908884
45.7332272	0.000530183
45.7454488	0.000605923
45.7576704	0.000681663
45.769892	0.000605923
45.7821136	0.000605923
45.7943352	0.000908884
45.8065568	0.000757404
45.8187784	0.000530183
45.831	0.000378702
45.8432216	0.000378702
45.8554432	0.000378702
45.8676648	0.000454442
45.8798864	0.000530183
45.892108	0.000757404
45.9043296	0.000378702
45.9165512	0.000908884
45.9287728	0.000757404
45.9409944	0.000530183
45.953216	0.000530183
45.9654376	0.000530183
45.9776592	0.000454442
45.9898808	0.000681663
46.0021024	0.000378702
46.014324	0.000605923
46.0265456	0.000833144
46.0387672	0.000454442
46.0509888	0.000454442
46.0632104	0.000605923
46.075432	0.000605923
46.0876536	0.000984625
46.0998752	0.000908884
46.1120968	0.000833144
46.1243184	0.000757404
46.13654	0.000908884
46.1487616	0.000530183
46.1609832	0.000908884
46.1732048	0.000605923
46.1854264	0.000681663
46.197648	0.000530183
46.2098696	0.000605923
46.2220912	0.001060365
46.2343128	0.000681663
46.2465344	0.000681663
46.258756	0.000757404
46.2709776	0.000378702
46.2831992	0.000908884
46.2954208	0.000681663
46.3076424	0.000530183
46.319864	0.000530183
46.3320856	0.000757404
46.3443072	0.000302961
46.3565288	0.000833144
46.3687504	0.000833144
46.380972	0.000605923
46.3931936	0.000605923
46.4054152	0.000454442
46.4176368	0.000605923
46.4298584	0.000605923
46.44208	0.000378702
46.4543016	0.000908884
46.4665232	0.000833144
46.4787448	0.000757404
46.4909664	0.001363327
46.503188	0.000681663
46.5154096	0.000605923
46.5276312	0.000681663
46.5398528	0.000681663
46.5520744	0.000454442
46.564296	0.000530183
46.5765176	0.000908884
46.5887392	0.000681663
46.6009608	0.000757404
46.6131824	0.000681663
46.625404	0.000833144
46.6376256	0.000378702
46.6498472	0.000908884
46.6620688	0.000454442
46.6742904	0.000454442
46.686512	0.000681663
46.6987336	0.000757404
46.7109552	0.000302961
46.7231768	0.000757404
46.7353984	0.000530183
46.74762	0.000681663
46.7598416	0.000757404
46.7720632	0.000757404
46.7842848	0.000757404
46.7965064	0.000454442
46.808728	0.000984625
46.8209496	0.000530183
46.8331712	0.000681663
46.8453928	0.000302961
46.8576144	0.000681663
46.869836	0.000454442
46.8820576	0.000605923
46.8942792	0.000530183
46.9065008	0.000681663
46.9187224	0.000908884
46.930944	0.000681663
46.9431656	0.000908884
46.9553872	0.000833144
46.9676088	0.000681663
46.9798304	0.000984625
46.992052	0.000454442
47.0042736	0.000833144
47.0164952	0.000681663
47.0287168	0.001060365
47.0409384	0.000681663
47.05316	0.000984625
47.0653816	0.000984625
47.0776032	0.000757404
47.0898248	0.000530183
47.1020464	0.000302961
47.114268	0.000530183
47.1264896	0.000530183
47.1387112	0.000605923
47.1509328	0.000302961
47.1631544	0.000681663
47.175376	0.000378702
47.1875976	0.000605923
47.1998192	0.000757404
47.2120408	0.001136105
47.2242624	0.000757404
47.236484	0.000530183
47.2487056	0.000454442
47.2609272	0.000454442
47.2731488	0.000984625
47.2853704	0.000757404
47.297592	0.001060365
47.3098136	0.000605923
47.3220352	0.000530183
47.3342568	0.000984625
47.3464784	0.001060365
47.3587	0.000833144
47.3709216	0.000302961
47.3831432	0.000454442
47.3953648	0.000757404
47.4075864	0.000833144
47.419808	0.000757404
47.4320296	0.000605923
47.4442512	0.001060365
47.4564728	0.000605923
47.4686944	0.000984625
47.480916	0.000984625
47.4931376	0.001060365
47.5053592	0.000530183
47.5175808	0.001060365
47.5298024	0.000605923
47.542024	0.000908884
47.5542456	0.000605923
47.5664672	0.001211846
47.5786888	0.000681663
47.5909104	0.000984625
47.603132	0.000908884
47.6153536	0.001060365
47.6275752	0.000908884
47.6397968	0.001136105
47.6520184	0.000833144
47.66424	0.001439067
47.6764616	0.000833144
47.6886832	0.001590548
47.7009048	0.001211846
47.7131264	0.001211846
47.725348	0.001742028
47.7375696	0.001893509
47.7497912	0.001742028
47.7620128	0.001514807
47.7742344	0.000908884
47.786456	0.001817769
47.7986776	0.002499432
47.8108992	0.001590548
47.8231208	0.00219647
47.8353424	0.002347951
47.847564	0.001363327
47.8597856	0.003105355
47.8720072	0.004014239
47.8842288	0.003408316
47.8964504	0.003332576
47.908672	0.001514807
47.9208936	0.000454442
47.9331152	7.57E-05
47.9453368	0
47.9575584	0
47.96978	0
47.9820016	0
47.9942232	0
48.0064448	0
48.0186664	0
48.030888	0
48.0431096	0
48.0553312	0
48.0675528	0
48.0797744	0
48.091996	0
48.1042176	0
48.1164392	0
48.1286608	7.57E-05
48.1408824	7.57E-05
48.153104	7.57E-05
48.1653256	7.57E-05
48.1775472	7.57E-05
48.1897688	7.57E-05
48.2019904	0
48.214212	0
48.2264336	0
48.2386552	7.57E-05
48.2508768	7.57E-05
48.2630984	7.57E-05
48.27532	7.57E-05
48.2875416	0
48.2997632	0
48.3119848	0
48.3242064	0
48.336428	0
48.3486496	0
48.3608712	0
48.3730928	0
48.3853144	0
48.397536	0
48.4097576	0
48.4219792	0
48.4342008	0
48.4464224	0
48.458644	0
48.4708656	0
48.4830872	0
48.4953088	0
48.5075304	0
48.519752	0
48.5319736	0
48.5441952	0
48.5564168	0
48.5686384	0
48.58086	0
48.5930816	0
48.6053032	0
48.6175248	0
48.6297464	0
48.641968	0
48.6541896	7.57E-05
48.6664112	7.57E-05
48.6786328	0
48.6908544	0
48.703076	0
48.7152976	0
48.7275192	0
48.7397408	0
48.7519624	0
48.764184	0
48.7764056	0
48.7886272	0
48.8008488	0
48.8130704	0
48.825292	0
48.8375136	0.000151481
48.8497352	0.000151481
48.8619568	0
48.8741784	0
48.8864	7.57E-05
48.8986216	7.57E-05
48.9108432	0
48.9230648	0
48.9352864	0
48.947508	0
48.9597296	0
48.9719512	0
48.9841728	0
48.9963944	0
49.008616	0
49.0208376	0
49.0330592	0
49.0452808	0
49.0575024	0
49.069724	0
49.0819456	0
49.0941672	0
49.1063888	0
49.1186104	0
49.130832	0
49.1430536	0
49.1552752	0
49.1674968	0
49.1797184	0
49.19194	0
49.2041616	0
49.2163832	0
49.2286048	0
49.2408264	0
49.253048	0
49.2652696	0
49.2774912	0
49.2897128	0
49.3019344	0
49.314156	0
49.3263776	0
49.3385992	0
49.3508208	0
49.3630424	0
49.375264	0
49.3874856	0
49.3997072	0
49.4119288	0
49.4241504	0
49.436372	7.57E-05
49.4485936	7.57E-05
49.4608152	0
49.4730368	0
49.4852584	0
49.49748	0
49.5097016	0
49.5219232	0
49.5341448	0
49.5463664	0
49.558588	7.57E-05
49.5708096	7.57E-05
49.5830312	0
49.5952528	0
49.6074744	0
49.619696	0.000151481
49.6319176	0.000151481
49.6441392	0
49.6563608	0
49.6685824	0
49.680804	0
49.6930256	0
49.7052472	0
49.7174688	0
49.7296904	0
49.741912	0
49.7541336	0
49.7663552	0
49.7785768	0
49.7907984	0
49.80302	7.57E-05
49.8152416	7.57E-05
49.8274632	0
49.8396848	0
49.8519064	7.57E-05
49.864128	7.57E-05
49.8763496	0
49.8885712	7.57E-05
49.9007928	7.57E-05
49.9130144	0
49.925236	7.57E-05
49.9374576	0.000151481
49.9496792	7.57E-05
49.9619008	0
49.9741224	7.57E-05
49.986344	7.57E-05
49.9985656	0
50.0107872	0
50.0230088	0
50.0352304	0
50.047452	0