#time	counts
0	0
0.0122216	0
0.0244432	0
0.0366648	0
0.0488864	0
0.061108	0
0.0733296	0
0.0855512	0
0.0977728	0
0.1099944	0
0.122216	0
0.1344376	0
0.1466592	0
0.1588808	0
0.1711024	0
0.183324	0
0.1955456	0
0.2077672	0
0.2199888	0
0.2322104	0
0.244432	0
0.2566536	0
0.2688752	0
0.2810968	0
0.2933184	0
0.30554	0
0.3177616	0
0.3299832	0
0.3422048	0
0.3544264	0
0.366648	0
0.3788696	0
0.3910912	0
0.4033128	0
0.4155344	0
0.427756	0
0.4399776	0
0.4521992	0
0.4644208	0
0.4766424	0.000239034
0.488864	0.000119517
0.5010856	0.000597586
0.5133072	0.000478069
0.5255288	0.000597586
0.5377504	0
0.549972	0.000358551
0.5621936	0.000358551
0.5744152	0.000478069
0.5866368	0.000478069
0.5988584	0.000478069
0.61108	0.000358551
0.6233016	0.000119517
0.6355232	0.000717103
0.6477448	0.000478069
0.6599664	0.000119517
0.672188	0.000358551
0.6844096	0
0.6966312	0
0.7088528	0.000239034
0.7210744	0.000358551
0.733296	0.000478069
0.7455176	0.000717103
0.7577392	0.000478069
0.7699608	0.000358551
0.7821824	0.000119517
0.794404	0.000239034
0.8066256	0.000478069
0.8188472	0.000478069
0.8310688	0.000597586
0.8432904	0.000717103
0.855512	0.000239034
0.8677336	0.000478069
0.8799552	0.000119517
0.8921768	0.000478069
0.9043984	0.000717103
0.91662	0.000239034
0.9288416	0.000597586
0.9410632	0.000597586
0.9532848	0.000597586
0.9655064	0.000597586
0.977728	0.000119517
0.9899496	0.00083662
1.0021712	0.000478069
1.0143928	0.00083662
1.0266144	0.000478069
1.038836	0.001075654
1.0510576	0.000597586
1.0632792	0.000597586
1.0755008	0.000717103
1.0877224	0.000478069
1.099944	0.00083662
1.1121656	0.000478069
1.1243872	0.000717103
1.1366088	0.000478069
1.1488304	0.000597586
1.161052	0.000717103
1.1732736	0
1.1854952	0.00083662
1.1977168	0.000239034
1.2099384	0.000239034
1.22216	0.000717103
1.2343816	0.000358551
1.2466032	0.000956137
1.2588248	0.000717103
1.2710464	0.000478069
1.283268	0.000239034
1.2954896	0.000717103
1.3077112	0.00083662
1.3199328	0.000239034
1.3321544	0.000597586
1.344376	0.000358551
1.3565976	0.000597586
1.3688192	0.000358551
1.3810408	0.000478069
1.3932624	0.001075654
1.405484	0.000358551
1.4177056	0.00083662
1.4299272	0.000717103
1.4421488	0.000239034
1.4543704	0.000717103
1.466592	0.000478069
1.4788136	0.001314689
1.4910352	0.000478069
1.5032568	0.000956137
1.5154784	0.000956137
1.5277	0.000597586
1.5399216	0.000358551
1.5521432	0.000239034
1.5643648	0.000358551
1.5765864	0.000717103
1.588808	0.00083662
1.6010296	0.000478069
1.6132512	0.000358551
1.6254728	0.000956137
1.6376944	0.000717103
1.649916	0.000597586
1.6621376	0.000478069
1.6743592	0.001075654
1.6865808	0.000358551
1.6988024	0.000478069
1.711024	0.000597586
1.7232456	0.000597586
1.7354672	0.000478069
1.7476888	0.000358551
1.7599104	0.000597586
1.772132	0.000239034
1.7843536	0.000478069
1.7965752	0.000478069
1.8087968	0.000478069
1.8210184	0.000717103
1.83324	0.000717103
1.8454616	0.000597586
1.8576832	0.000358551
1.8699048	0.000597586
1.8821264	0.000478069
1.894348	0.000478069
1.9065696	0.000478069
1.9187912	0.000597586
1.9310128	0.000956137
1.9432344	0.000478069
1.955456	0.001075654
1.9676776	0.000358551
1.9798992	0.00083662
1.9921208	0.000478069
2.0043424	0.000239034
2.016564	0.001075654
2.0287856	0.000358551
2.0410072	0.000956137
2.0532288	0.000717103
2.0654504	0.000597586
2.077672	0.001075654
2.0898936	0.000597586
2.1021152	0.000597586
2.1143368	0.000478069
2.1265584	0.000478069
2.13878	0.001434206
2.1510016	0.000597586
2.1632232	0.000717103
2.1754448	0.001195172
2.1876664	0.000358551
2.199888	0.000478069
2.2121096	0.000597586
2.2243312	0.000717103
2.2365528	0.000717103
2.2487744	0.000478069
2.260996	0.000717103
2.2732176	0.00083662
2.2854392	0.001553723
2.2976608	0.001195172
2.3098824	0.00083662
2.322104	0.00083662
2.3343256	0.001075654
2.3465472	0.000956137
2.3587688	0.001195172
2.3709904	0.000956137
2.383212	0.000597586
2.3954336	0.000597586
2.4076552	0.000597586
2.4198768	0.00083662
2.4320984	0.00083662
2.44432	0.000956137
2.4565416	0.000956137
2.4687632	0.000597586
2.4809848	0.001075654
2.4932064	0.000956137
2.505428	0.000717103
2.5176496	0.000717103
2.5298712	0.00083662
2.5420928	0.000956137
2.5543144	0.000358551
2.566536	0.000478069
2.5787576	0.000956137
2.5909792	0.000717103
2.6032008	0.001195172
2.6154224	0.001314689
2.627644	0.000239034
2.6398656	0.000956137
2.6520872	0.000717103
2.6643088	0.000956137
2.6765304	0.000956137
2.688752	0.000358551
2.7009736	0.000597586
2.7131952	0.000717103
2.7254168	0.001314689
2.7376384	0.001553723
2.74986	0.00083662
2.7620816	0.001434206
2.7743032	0.00083662
2.7865248	0.000239034
2.7987464	0.000956137
2.810968	0.00083662
2.8231896	0.000717103
2.8354112	0.00083662
2.8476328	0.000478069
2.8598544	0.001434206
2.872076	0.001075654
2.8842976	0.000956137
2.8965192	0.000956137
2.9087408	0.000358551
2.9209624	0.000478069
2.933184	0.001195172
2.9454056	0.000717103
2.9576272	0.00083662
2.9698488	0.000956137
2.9820704	0.001075654
2.994292	0.000956137
3.0065136	0.001075654
3.0187352	0.00083662
3.0309568	0.00083662
3.0431784	0.00083662
3.0554	0.001075654
3.0676216	0.000478069
3.0798432	0.000478069
3.0920648	0.001195172
3.1042864	0.000597586
3.116508	0.00083662
3.1287296	0.000717103
3.1409512	0.001075654
3.1531728	0.000478069
3.1653944	0.000358551
3.177616	0.000956137
3.1898376	0.000239034
3.2020592	0.000478069
3.2142808	0.000717103
3.2265024	0.000119517
3.238724	0.000717103
3.2509456	0.000597586
3.2631672	0.000717103
3.2753888	0.001314689
3.2876104	0.000717103
3.299832	0.000478069
3.3120536	0.000597586
3.3242752	0.000597586
3.3364968	0.000597586
3.3487184	0.00083662
3.36094	0.000597586
3.3731616	0.001075654
3.3853832	0.000597586
3.3976048	0.000358551
3.4098264	0.000478069
3.422048	0.000358551
3.4342696	0.000358551
3.4464912	0.000956137
3.4587128	0.000478069
3.4709344	0.000717103
3.483156	0.00083662
3.4953776	0.00083662
3.5075992	0.000717103
3.5198208	0.000358551
3.5320424	0.000119517
3.544264	0.000717103
3.5564856	0.000239034
3.5687072	0.000717103
3.5809288	0.000597586
3.5931504	0.00083662
3.605372	0.000358551
3.6175936	0.001314689
3.6298152	0.001314689
3.6420368	0.000597586
3.6542584	0.000717103
3.66648	0.000358551
3.6787016	0.000717103
3.6909232	0.000478069
3.7031448	0.000956137
3.7153664	0.00083662
3.727588	0.00083662
3.7398096	0.000717103
3.7520312	0.000597586
3.7642528	0.00083662
3.7764744	0.001075654
3.788696	0.001075654
3.8009176	0.00083662
3.8131392	0.000358551
3.8253608	0.001195172
3.8375824	0.000597586
3.849804	0.000478069
3.8620256	0.000478069
3.8742472	0.000597586
3.8864688	0.000478069
3.8986904	0.000597586
3.910912	0.000478069
3.9231336	0.000956137
3.9353552	0.001314689
3.9475768	0.001075654
3.9597984	0.000239034
3.97202	0.000597586
3.9842416	0.001075654
3.9964632	0.000956137
4.0086848	0
4.0209064	0.000358551
4.033128	0.001195172
4.0453496	0.000239034
4.0575712	0.00083662
4.0697928	0.000358551
4.0820144	0.000956137
4.094236	0.000717103
4.1064576	0.001075654
4.1186792	0.000956137
4.1309008	0.00083662
4.1431224	0.000597586
4.155344	0.00083662
4.1675656	0.000717103
4.1797872	0.000717103
4.1920088	0
4.2042304	0.001195172
4.216452	0.001075654
4.2286736	0.000358551
4.2408952	0.000597586
4.2531168	0.000717103
4.2653384	0.00083662
4.27756	0.001075654
4.2897816	0.000717103
4.3020032	0.000717103
4.3142248	0.000119517
4.3264464	0.000956137
4.338668	0.001314689
4.3508896	0.00083662
4.3631112	0.001314689
4.3753328	0.000358551
4.3875544	0.000717103
4.399776	0.00083662
4.4119976	0.000956137
4.4242192	0.000956137
4.4364408	0.000239034
4.4486624	0.000358551
4.460884	0.000717103
4.4731056	0.000717103
4.4853272	0.000478069
4.4975488	0.000597586
4.5097704	0.000478069
4.521992	0.000597586
4.5342136	0.000358551
4.5464352	0.000956137
4.5586568	0.000239034
4.5708784	0.000478069
4.5831	0.00083662
4.5953216	0.000478069
4.6075432	0.00083662
4.6197648	0.000358551
4.6319864	0.000597586
4.644208	0.000239034
4.6564296	0.000478069
4.6686512	0.000717103
4.6808728	0.000597586
4.6930944	0.000478069
4.705316	0.000956137
4.7175376	0.000478069
4.7297592	0.000956137
4.7419808	0.000478069
4.7542024	0.000239034
4.766424	0.00083662
4.7786456	0.001075654
4.7908672	0.000597586
4.8030888	0.000478069
4.8153104	0.000358551
4.827532	0.00083662
4.8397536	0.00083662
4.8519752	0.000478069
4.8641968	0.000597586
4.8764184	0.000717103
4.88864	0.000956137
4.9008616	0.00083662
4.9130832	0.00083662
4.9253048	0.000358551
4.9375264	0.00083662
4.949748	0.000358551
4.9619696	0.000717103
4.9741912	0.000597586
4.9864128	0.000717103
4.9986344	0.00083662
5.010856	0.000717103
5.0230776	0.001314689
5.0352992	0.000717103
5.0475208	0.001434206
5.0597424	0.000717103
5.071964	0.00083662
5.0841856	0.000358551
5.0964072	0.000358551
5.1086288	0.000597586
5.1208504	0.000478069
5.133072	0.00083662
5.1452936	0.00083662
5.1575152	0.000717103
5.1697368	0.000956137
5.1819584	0.000717103
5.19418	0.00083662
5.2064016	0.001075654
5.2186232	0.000597586
5.2308448	0.00083662
5.2430664	0.001075654
5.255288	0.000597586
5.2675096	0.000956137
5.2797312	0.000358551
5.2919528	0.000478069
5.3041744	0.00083662
5.316396	0.00083662
5.3286176	0.000597586
5.3408392	0.000478069
5.3530608	0.001434206
5.3652824	0.000478069
5.377504	0.001075654
5.3897256	0.000717103
5.4019472	0.000239034
5.4141688	0.000597586
5.4263904	0.000478069
5.438612	0.000239034
5.4508336	0.000717103
5.4630552	0.000717103
5.4752768	0.000717103
5.4874984	0.000956137
5.49972	0.001075654
5.5119416	0.000478069
5.5241632	0.001195172
5.5363848	0.001195172
5.5486064	0.000478069
5.560828	0.000956137
5.5730496	0.000478069
5.5852712	0.00083662
5.5974928	0.000358551
5.6097144	0.001195172
5.621936	0.000956137
5.6341576	0.00083662
5.6463792	0.000478069
5.6586008	0.000239034
5.6708224	0.001075654
5.683044	0.000119517
5.6952656	0.000597586
5.7074872	0.000597586
5.7197088	0.000717103
5.7319304	0.000597586
5.744152	0.000717103
5.7563736	0.00083662
5.7685952	0.000597586
5.7808168	0.001195172
5.7930384	0.00083662
5.80526	0.001195172
5.8174816	0.000717103
5.8297032	0.000597586
5.8419248	0.000956137
5.8541464	0.000956137
5.866368	0.001314689
5.8785896	0.000717103
5.8908112	0.000597586
5.9030328	0.000358551
5.9152544	0.00083662
5.927476	0.000597586
5.9396976	0.000717103
5.9519192	0.001075654
5.9641408	0.001075654
5.9763624	0.000597586
5.988584	0.000597586
6.0008056	0.00083662
6.0130272	0.000717103
6.0252488	0.000956137
6.0374704	0.000956137
6.049692	0.000717103
6.0619136	0.001434206
6.0741352	0.000717103
6.0863568	0.00083662
6.0985784	0.000597586
6.1108	0.000358551
6.1230216	0.000239034
6.1352432	0.000597586
6.1474648	0.000358551
6.1596864	0.000358551
6.171908	0.00083662
6.1841296	0.000239034
6.1963512	0.001075654
6.2085728	0.000597586
6.2207944	0.000119517
6.233016	0.000597586
6.2452376	0.000358551
6.2574592	0.000239034
6.2696808	0.001075654
6.2819024	0.000717103
6.294124	0.00083662
6.3063456	0.000717103
6.3185672	0.000956137
6.3307888	0.000478069
6.3430104	0.000478069
6.355232	0.000717103
6.3674536	0.001912274
6.3796752	0.000956137
6.3918968	0.000717103
6.4041184	0.001195172
6.41634	0.000358551
6.4285616	0.000358551
6.4407832	0.001075654
6.4530048	0.000597586
6.4652264	0.000478069
6.477448	0.00083662
6.4896696	0.000478069
6.5018912	0.001075654
6.5141128	0.000478069
6.5263344	0.000358551
6.538556	0.000478069
6.5507776	0.000478069
6.5629992	0.001075654
6.5752208	0.001075654
6.5874424	0.000717103
6.599664	0.001314689
6.6118856	0.00083662
6.6241072	0.000717103
6.6363288	0.000597586
6.6485504	0.000956137
6.660772	0.000239034
6.6729936	0.000358551
6.6852152	0.000597586
6.6974368	0.000597586
6.7096584	0.000478069
6.72188	0.000717103
6.7341016	0.000239034
6.7463232	0.000478069
6.7585448	0.000597586
6.7707664	0.001314689
6.782988	0.000717103
6.7952096	0.001314689
6.8074312	0.000597586
6.8196528	0.001075654
6.8318744	0.000597586
6.844096	0.000717103
6.8563176	0.001075654
6.8685392	0.001195172
6.8807608	0.001314689
6.8929824	0.000597586
6.905204	0.000239034
6.9174256	0.001195172
6.9296472	0.000478069
6.9418688	0.001195172
6.9540904	0.00083662
6.966312	0.001075654
6.9785336	0.000358551
6.9907552	0.00083662
7.0029768	0.00083662
7.0151984	0.000717103
7.02742	0.000358551
7.0396416	0.00083662
7.0518632	0.000717103
7.0640848	0.000358551
7.0763064	0.000478069
7.088528	0.000717103
7.1007496	0.000956137
7.1129712	0.001075654
7.1251928	0.000358551
7.1374144	0.001195172
7.149636	0.000358551
7.1618576	0.000478069
7.1740792	0.001075654
7.1863008	0.000717103
7.1985224	0.000597586
7.210744	0.001195172
7.2229656	0.00083662
7.2351872	0.000478069
7.2474088	0.000239034
7.2596304	0.000717103
7.271852	0.000956137
7.2840736	0.000717103
7.2962952	0.000478069
7.3085168	0.000717103
7.3207384	0.001314689
7.33296	0.000956137
7.3451816	0.000956137
7.3574032	0.000956137
7.3696248	0.000717103
7.3818464	0.000956137
7.394068	0.000717103
7.4062896	0.000239034
7.4185112	0.00083662
7.4307328	0.000478069
7.4429544	0.000956137
7.455176	0.000478069
7.4673976	0.000597586
7.4796192	0.000956137
7.4918408	0.000239034
7.5040624	0.000717103
7.516284	0.00083662
7.5285056	0.000717103
7.5407272	0.000717103
7.5529488	0.000717103
7.5651704	0.000597586
7.577392	0.000478069
7.5896136	0.001075654
7.6018352	0.00083662
7.6140568	0.000358551
7.6262784	0.000717103
7.6385	0.000597586
7.6507216	0.001195172
7.6629432	0.001075654
7.6751648	0.000956137
7.6873864	0.000597586
7.699608	0.000956137
7.7118296	0.000956137
7.7240512	0.000956137
7.7362728	0.000597586
7.7484944	0.000717103
7.760716	0.000956137
7.7729376	0.000358551
7.7851592	0.000478069
7.7973808	0.000478069
7.8096024	0.001314689
7.821824	0.000239034
7.8340456	0.000597586
7.8462672	0.000717103
7.8584888	0.000717103
7.8707104	0.001075654
7.882932	0.00083662
7.8951536	0.000358551
7.9073752	0.00083662
7.9195968	0.000717103
7.9318184	0.000478069
7.94404	0.000956137
7.9562616	0.00167324
7.9684832	0.000239034
7.9807048	0.001075654
7.9929264	0.001075654
8.005148	0.000717103
8.0173696	0.00083662
8.0295912	0.001434206
8.0418128	0.001075654
8.0540344	0.000358551
8.066256	0.00083662
8.0784776	0.000956137
8.0906992	0.001075654
8.1029208	0.000597586
8.1151424	0.000478069
8.127364	0.000478069
8.1395856	0.000597586
8.1518072	0.000717103
8.1640288	0.000597586
8.1762504	0.000597586
8.188472	0.000478069
8.2006936	0.001075654
8.2129152	0.00083662
8.2251368	0.001195172
8.2373584	0.00083662
8.24958	0.000597586
8.2618016	0.001314689
8.2740232	0.000717103
8.2862448	0.000717103
8.2984664	0.000358551
8.310688	0.001075654
8.3229096	0.000956137
8.3351312	0.001314689
8.3473528	0.000597586
8.3595744	0.00083662
8.371796	0.001195172
8.3840176	0.000956137
8.3962392	0.000956137
8.4084608	0.000956137
8.4206824	0.00167324
8.432904	0.000717103
8.4451256	0.000597586
8.4573472	0.000956137
8.4695688	0.000239034
8.4817904	0.000478069
8.494012	0.000597586
8.5062336	0.000597586
8.5184552	0.00167324
8.5306768	0.000717103
8.5428984	0.000478069
8.55512	0.000597586
8.5673416	0.001195172
8.5795632	0.00083662
8.5917848	0.00083662
8.6040064	0.00083662
8.616228	0.000597586
8.6284496	0.000597586
8.6406712	0.000478069
8.6528928	0.000956137
8.6651144	0.00083662
8.677336	0.000358551
8.6895576	0.001553723
8.7017792	0.00083662
8.7140008	0.001195172
8.7262224	0.000597586
8.738444	0.000597586
8.7506656	0.001075654
8.7628872	0.000478069
8.7751088	0.000597586
8.7873304	0.000717103
8.799552	0.000597586
8.8117736	0.001075654
8.8239952	0.00083662
8.8362168	0.001195172
8.8484384	0.000597586
8.86066	0.000478069
8.8728816	0.000478069
8.8851032	0.000358551
8.8973248	0.000597586
8.9095464	0.000597586
8.921768	0.000597586
8.9339896	0.000597586
8.9462112	0.000956137
8.9584328	0.001314689
8.9706544	0.000597586
8.982876	0.000597586
8.9950976	0.000478069
9.0073192	0.000956137
9.0195408	0.000956137
9.0317624	0.001314689
9.043984	0.001075654
9.0562056	0.001912274
9.0684272	0.005258755
9.0806488	0.01553723
9.0928704	0.031672045
9.105092	0.070634636
9.1173136	0.119875702
9.1295352	0.215250388
9.1417568	0.3414605
9.1539784	0.469463368
9.1662	0.573443289
9.1784216	0.693199474
9.1906432	0.804469941
9.2028648	0.841281224
9.2150864	0.875224095
9.227308	0.929604398
9.2395296	0.916457512
9.2517512	0.949444245
9.2639728	0.95721286
9.2761944	0.972630572
9.288416	0.968686507
9.3006376	0.961634995
9.3128592	0.979801602
9.3250808	0.990319111
9.3373024	0.98362615
9.349524	1
9.3617456	0.980518704
9.3739672	0.989123939
9.3861888	0.971315884
9.3984104	0.989243456
9.410632	0.963547269
9.4228536	0.956973826
9.4350752	0.983267599
9.4472968	0.964383889
9.4595184	0.964383889
9.47174	0.956017689
9.4839616	0.95386638
9.4961832	0.963666786
9.5084048	0.970479264
9.5206264	0.945380662
9.532848	0.954224931
9.5450696	0.943468388
9.5572912	0.958408032
9.5695128	0.943707422
9.5817344	0.956615274
9.593956	0.969762161
9.6061776	0.96139596
9.6183992	0.947173419
9.6306208	0.955659137
9.6428424	0.948727142
9.655064	0.946336799
9.6672856	0.950400382
9.6795072	0.942153699
9.6917288	0.93414605
9.7039504	0.93247281
9.716172	0.936536393
9.7283936	0.923748058
9.7406152	0.906298554
9.7528368	0.91693558
9.7650584	0.900920282
9.77728	0.910720688
9.7895016	0.889805187
9.8017232	0.89554201
9.8139448	0.89303215
9.8261664	0.894824907
9.838388	0.873550855
9.8506096	0.876180232
9.8628312	0.889446636
9.8750528	0.847137564
9.8872744	0.86243576
9.899496	0.870921477
9.9117176	0.852157285
9.9239392	0.861957691
9.9361608	0.863033345
9.9483824	0.848691287
9.960604	0.831480817
9.9728256	0.851559699
9.9850472	0.827656269
9.9972688	0.834588263
10.0094904	0.831122266
10.021712	0.823234134
10.0339336	0.819170551
10.0461552	0.82634158
10.0583768	0.82885144
10.0705984	0.827895303
10.08282	0.804708976
10.0950416	0.810923868
10.1072632	0.795386638
10.1194848	0.805545596
10.1317064	0.782598303
10.143928	0.774710171
10.1561496	0.798494084
10.1683712	0.786303335
10.1805928	0.803155253
10.1928144	0.760009561
10.205036	0.772678379
10.2172576	0.75797777
10.2294792	0.75630453
10.2417008	0.751404327
10.2539224	0.75546791
10.266144	0.745069918
10.2783656	0.736942751
10.2905872	0.751882395
10.3028088	0.742679575
10.3150304	0.730249791
10.327252	0.739213577
10.3394736	0.731086411
10.3516952	0.725947173
10.3639168	0.721644556
10.3761384	0.719612764
10.38836	0.721286005
10.4005816	0.713397873
10.4128032	0.704195052
10.4250248	0.712800287
10.4372464	0.711605115
10.449468	0.718895662
10.4616896	0.696187403
10.4739112	0.699414366
10.4861328	0.692243337
10.4983544	0.671686387
10.510576	0.680650173
10.5227976	0.669535078
10.5350192	0.681008725
10.5472408	0.680530656
10.5594624	0.666666667
10.571684	0.664037289
10.5839056	0.642524202
10.5961272	0.664037289
10.6083488	0.667025218
10.6205704	0.647304888
10.632792	0.653041711
10.6450136	0.6543564
10.6572352	0.63547269
10.6694568	0.642524202
10.6816784	0.634277519
10.6939	0.633679933
10.7061216	0.622564838
10.7183432	0.63296283
10.7305648	0.628062627
10.7427864	0.631170073
10.755008	0.626389387
10.7672296	0.605354368
10.7794512	0.62459663
10.7916728	0.613840086
10.8038944	0.614796223
10.816116	0.600334648
10.8283376	0.596151548
10.8405592	0.588980519
10.8527808	0.600573682
10.8650024	0.600215131
10.877224	0.588143899
10.8894456	0.579658181
10.9016672	0.588861002
10.9138888	0.58766583
10.9261104	0.584080316
10.938332	0.579777698
10.9505536	0.557308474
10.9627752	0.565794191
10.9749968	0.561850125
10.9872184	0.56543564
10.99944	0.569140672
11.0116616	0.56125254
11.0238832	0.575953149
11.0361048	0.555993785
11.0483264	0.556113302
11.060548	0.53734911
11.0727696	0.532329389
11.0849912	0.529221943
11.0972128	0.540217521
11.1094344	0.540934624
11.121656	0.551332616
11.1338776	0.544759173
11.1460992	0.54320545
11.1583208	0.531612286
11.1705424	0.525277877
11.182764	0.527548703
11.1949856	0.523365603
11.2072072	0.533763595
11.2194288	0.520855743
11.2316504	0.506633202
11.243872	0.509023545
11.2560936	0.515836022
11.2683152	0.505916099
11.2805368	0.498386518
11.2927584	0.510816302
11.30498	0.496952313
11.3172016	0.492052109
11.3294232	0.500896379
11.3416448	0.495637624
11.3538664	0.490139835
11.366088	0.490259352
11.3783096	0.488825146
11.3905312	0.503167204
11.4027528	0.468626748
11.4149744	0.471375642
11.427196	0.473407434
11.4394176	0.473765985
11.4516392	0.469104817
11.4638608	0.468985299
11.4760824	0.472570814
11.488304	0.456675033
11.5005256	0.459543444
11.5127472	0.462053305
11.5249688	0.462770408
11.5371904	0.45093821
11.549412	0.454165173
11.5616336	0.4362376
11.5738552	0.456555516
11.5860768	0.441615872
11.5982984	0.444245249
11.61052	0.448906418
11.6227416	0.449145452
11.6349632	0.444125732
11.6471848	0.441615872
11.6594064	0.438986495
11.671628	0.435640014
11.6838496	0.43121788
11.6960712	0.438986495
11.7082928	0.4278714
11.7205144	0.429066571
11.732736	0.4362376
11.7449576	0.426437194
11.7571792	0.420819888
11.7694008	0.426676228
11.7816224	0.419744233
11.793844	0.405043624
11.8060656	0.414963547
11.8182872	0.416278236
11.8305088	0.407912035
11.8427304	0.409585275
11.854952	0.404924107
11.8671736	0.405163141
11.8793952	0.395840803
11.8916168	0.400741006
11.9038384	0.389625911
11.91606	0.393091909
11.9282816	0.396199355
11.9405032	0.391896737
11.9527248	0.380542608
11.9649464	0.385323294
11.977168	0.386996534
11.9893896	0.38424764
12.0016112	0.383530537
12.0138328	0.386159914
12.0260544	0.38508426
12.038276	0.368590893
12.0504976	0.382932951
12.0627192	0.36285407
12.0749408	0.377315645
12.0871624	0.368351858
12.099384	0.367276204
12.1116056	0.375044819
12.1238272	0.360224692
12.1360488	0.361061312
12.1482704	0.370144616
12.160492	0.356280626
12.1727136	0.355802558
12.1849352	0.35317318
12.1971568	0.339787259
12.2093784	0.362973587
12.2216	0.352097526
12.2338216	0.341580017
12.2460432	0.340862914
12.2582648	0.353053663
12.2704864	0.34313374
12.282708	0.34480698
12.2949296	0.345882634
12.3071512	0.339309191
12.3193728	0.343731325
12.3315944	0.342655671
12.343816	0.338233537
12.3560376	0.345882634
12.3682592	0.331301542
12.3804808	0.328313613
12.3927024	0.328672164
12.404924	0.314330106
12.4171456	0.32759651
12.4293672	0.325684236
12.4415888	0.309190869
12.4538104	0.328791682
12.466032	0.322457273
12.4782536	0.317557069
12.4904752	0.316839967
12.5026968	0.32675989
12.5149184	0.320784033
12.52714	0.310744592
12.5393616	0.317318035
12.5515832	0.310027489
12.5638048	0.308115215
12.5760264	0.305724872
12.588248	0.314330106
12.6004696	0.313852038
12.6126912	0.301302737
12.6249128	0.309907972
12.6371344	0.308593283
12.649356	0.301780806
12.6615776	0.30954942
12.6737992	0.296761085
12.6860208	0.30118322
12.6982424	0.292458468
12.710464	0.302139357
12.7226856	0.30787618
12.7349072	0.297597705
12.7471288	0.282538544
12.7593504	0.280984821
12.771572	0.30118322
12.7837936	0.293295088
12.7960152	0.291860882
12.8082368	0.288394885
12.8204584	0.275487032
12.83268	0.286243576
12.8449016	0.272618621
12.8571232	0.28480937
12.8693448	0.27811641
12.8815664	0.277996893
12.893788	0.28480937
12.9060096	0.281582407
12.9182312	0.270467312
12.9304528	0.282897096
12.9426744	0.275726067
12.954896	0.276084618
12.9671176	0.274530895
12.9793392	0.267240349
12.9915608	0.256603323
13.0037824	0.260666906
13.016004	0.262937732
13.0282256	0.259949803
13.0404472	0.254093462
13.0526688	0.253973945
13.0648904	0.255408151
13.077112	0.251225051
13.0893336	0.2592327
13.1015552	0.250627465
13.1137768	0.234970718
13.1259984	0.249790845
13.13822	0.263057249
13.1504416	0.259352217
13.1626632	0.248834708
13.1748848	0.243336919
13.1871064	0.257798494
13.199328	0.241783196
13.2115496	0.246444365
13.2237712	0.243217402
13.2359928	0.239153819
13.2482144	0.242380782
13.260436	0.246324848
13.2726576	0.236763476
13.2848792	0.23700251
13.2971008	0.245129676
13.3093224	0.234731684
13.321544	0.240109956
13.3337656	0.226963069
13.3459872	0.239990439
13.3582088	0.234134098
13.3704304	0.233177961
13.382652	0.23700251
13.3948736	0.233895064
13.4070952	0.222779969
13.4193168	0.229592447
13.4315384	0.229711964
13.44376	0.235568304
13.4559816	0.23281941
13.4682032	0.22397514
13.4804248	0.229353412
13.4926464	0.223855623
13.504868	0.21560894
13.5170896	0.215250388
13.5293112	0.221345763
13.5415328	0.219313972
13.5537544	0.216923629
13.565976	0.215250388
13.5781976	0.215011354
13.5904192	0.214413768
13.6026408	0.209155014
13.6148624	0.211545357
13.627084	0.19421537
13.6393056	0.209155014
13.6515272	0.204493845
13.6637488	0.218835903
13.6759704	0.202342536
13.688192	0.199713159
13.7004136	0.212142943
13.7126352	0.200669296
13.7248568	0.194334887
13.7370784	0.194932473
13.7493	0.196366679
13.7615216	0.202342536
13.7737432	0.193856818
13.7859648	0.197083782
13.7981864	0.204374328
13.810408	0.192781164
13.8226296	0.205928051
13.8348512	0.195769093
13.8470728	0.203059639
13.8592944	0.202820605
13.871516	0.192303095
13.8837376	0.18835903
13.8959592	0.19254213
13.9081808	0.187641927
13.9204024	0.189076132
13.932624	0.181188
13.9448456	0.182622206
13.9570672	0.19254213
13.9692888	0.182622206
13.9815104	0.183100275
13.993732	0.189793235
14.0059536	0.178917175
14.0181752	0.180112346
14.0303968	0.182861241
14.0426184	0.184414964
14.05484	0.178797657
14.0670616	0.189673718
14.0792832	0.187044341
14.0915048	0.180829449
14.1037264	0.168877734
14.115948	0.182144138
14.1281696	0.168399665
14.1403912	0.175570694
14.1526128	0.17114856
14.1648344	0.169236285
14.177056	0.1770049
14.1892776	0.171626628
14.2014992	0.161587188
14.2137208	0.175929246
14.2259424	0.183219792
14.238164	0.161228636
14.2503856	0.170670491
14.2626072	0.162543325
14.2748288	0.164216565
14.2870504	0.166726425
14.299272	0.168280148
14.3114936	0.172582766
14.3237152	0.170790008
14.3359368	0.164336082
14.3481584	0.160631051
14.36038	0.160033465
14.3726016	0.155372296
14.3848232	0.162901876
14.3970448	0.15812119
14.4092664	0.155730847
14.421488	0.152623401
14.4337096	0.155372296
14.4459312	0.162304291
14.4581528	0.158240708
14.4703744	0.151906299
14.482596	0.152025816
14.4948176	0.163977531
14.5070392	0.155372296
14.5192608	0.14640851
14.5314824	0.150950161
14.543704	0.150113541
14.5559256	0.156567467
14.5681472	0.152742919
14.5803688	0.143779132
14.5925904	0.152742919
14.604812	0.139954583
14.6170336	0.142703478
14.6292552	0.14724513
14.6414768	0.141269272
14.6536984	0.141508306
14.66592	0.149157404
14.6781416	0.144854787
14.6903632	0.139117963
14.7025848	0.138878929
14.7148064	0.146528027
14.727028	0.138639895
14.7392496	0.143540098
14.7514712	0.142225409
14.7636928	0.139237481
14.7759144	0.144496235
14.788136	0.136608103
14.8003576	0.138042309
14.8125792	0.141986375
14.8248008	0.136369069
14.8370224	0.137325206
14.849244	0.132425003
14.8614656	0.131468866
14.8736872	0.134456795
14.8859088	0.132783554
14.8981304	0.133022589
14.910352	0.13338114
14.9225736	0.126807697
14.9347952	0.135891
14.9470168	0.128719971
14.9592384	0.132305486
14.97146	0.127644317
14.9836816	0.12501494
14.9959032	0.12585156
15.0081248	0.128959006
15.0203464	0.122863631
15.032568	0.128600454
15.0447896	0.123939285
15.0570112	0.12501494
15.0692328	0.132185969
15.0814544	0.123102665
15.093676	0.128600454
15.1058976	0.125253974
15.1181192	0.117485359
15.1303408	0.126807697
15.1425624	0.115214533
15.154784	0.117604876
15.1670056	0.122863631
15.1792272	0.118919565
15.1914488	0.118561014
15.2036704	0.126927214
15.215892	0.11617067
15.2281136	0.12417832
15.2403352	0.112704673
15.2525568	0.114138879
15.2647784	0.122744114
15.277	0.113780327
15.2892216	0.112704673
15.3014432	0.117246325
15.3136648	0.11449743
15.3258864	0.109119159
15.338108	0.11449743
15.3503296	0.118202462
15.3625512	0.111629019
15.3747728	0.115095016
15.3869944	0.108282539
15.399216	0.107923987
15.4114376	0.112226605
15.4236592	0.114377913
15.4358808	0.104099438
15.4481024	0.113302259
15.460324	0.110672882
15.4725456	0.103979921
15.4847672	0.108880124
15.4969888	0.107206884
15.5092104	0.106728816
15.521432	0.106370264
15.5336536	0.111389984
15.5458752	0.104816541
15.5580968	0.10864109
15.5703184	0.100035855
15.58254	0.10362137
15.5947616	0.105533644
15.6069832	0.100752958
15.6192048	0.101350544
15.6314264	0.103143301
15.643648	0.107684953
15.6558696	0.094418549
15.6680912	0.098482132
15.6803128	0.102306681
15.6925344	0.098721166
15.704756	0.102426198
15.7169776	0.10445799
15.7291992	0.094777101
15.7414208	0.095733238
15.7536424	0.100035855
15.765864	0.099557787
15.7780856	0.09226724
15.7903072	0.101350544
15.8025288	0.090833035
15.8147504	0.095494203
15.826972	0.094418549
15.8391936	0.095494203
15.8514152	0.092028206
15.8636368	0.094538066
15.8758584	0.096091789
15.88808	0.095613721
15.9003016	0.094538066
15.9125232	0.094896618
15.9247448	0.087486554
15.9369664	0.096330823
15.949188	0.098243098
15.9614096	0.090713517
15.9736312	0.095494203
15.9858528	0.091669655
15.9980744	0.087964623
16.010296	0.088323174
16.0225176	0.091072069
16.0347392	0.088801243
16.0469608	0.087486554
16.0591824	0.087606071
16.071404	0.08892076
16.0836256	0.089996414
16.0958472	0.087128003
16.1080688	0.086888969
16.1202904	0.089279312
16.132512	0.08808414
16.1447336	0.088801243
16.1569552	0.083183937
16.1691768	0.083303454
16.1813984	0.083422971
16.19362	0.081630214
16.2058416	0.081749731
16.2180632	0.08557428
16.2302848	0.077447114
16.2425064	0.076251942
16.254728	0.086171866
16.2669496	0.082705868
16.2791712	0.080674077
16.2913928	0.075534839
16.3036144	0.075893391
16.315836	0.079120354
16.3280576	0.077327597
16.3402792	0.074339668
16.3525008	0.074937253
16.3647224	0.076969045
16.376944	0.081152145
16.3891656	0.077447114
16.4013872	0.079837457
16.4136088	0.077925182
16.4258304	0.078761802
16.438052	0.073144496
16.4502736	0.076012908
16.4624952	0.078044699
16.4747168	0.077566631
16.4869384	0.074220151
16.49916	0.076969045
16.5113816	0.075893391
16.5236032	0.073981116
16.5358248	0.075056771
16.5480464	0.066332019
16.560268	0.074698219
16.5724896	0.06836381
16.5847112	0.075295805
16.5969328	0.075176288
16.6091544	0.073861599
16.621376	0.073503048
16.6335976	0.074100633
16.6458192	0.073144496
16.6580408	0.070515119
16.6702624	0.074459185
16.682484	0.069080913
16.6947056	0.073383531
16.7069272	0.071471256
16.7191488	0.068124776
16.7313704	0.073383531
16.743592	0.072307876
16.7558136	0.070515119
16.7680352	0.070993188
16.7802568	0.073383531
16.7924784	0.071112705
16.8047	0.06836381
16.8169216	0.06752719
16.8291432	0.062985538
16.8413648	0.069439465
16.8535864	0.063583124
16.865808	0.072307876
16.8780296	0.068961396
16.8902512	0.06501733
16.9024728	0.068483327
16.9146944	0.069558982
16.926916	0.058563404
16.9391376	0.065973467
16.9513592	0.06501733
16.9635808	0.06250747
16.9758024	0.063224573
16.988024	0.064300227
17.0002456	0.061312298
17.0124672	0.062029401
17.0246888	0.065375881
17.0369104	0.060117127
17.049132	0.061790367
17.0613536	0.064061193
17.0735752	0.060475678
17.0857968	0.06250747
17.0980184	0.061909884
17.11024	0.059280507
17.1224616	0.057129198
17.1346832	0.057009681
17.1469048	0.059280507
17.1591264	0.057846301
17.171348	0.060475678
17.1835696	0.05999761
17.1957912	0.05999761
17.2080128	0.055575475
17.2202344	0.059758575
17.232456	0.061909884
17.2446776	0.058443887
17.2568992	0.058921955
17.2691208	0.058443887
17.2813424	0.060714713
17.293564	0.053543684
17.3057856	0.058921955
17.3180072	0.057607267
17.3302288	0.057965818
17.3424504	0.056292578
17.354672	0.057009681
17.3668936	0.052587546
17.3791152	0.053902235
17.3913368	0.053065615
17.4035584	0.05916099
17.41578	0.049002032
17.4280016	0.05031672
17.4402232	0.054499821
17.4524448	0.058204852
17.4646664	0.056890164
17.476888	0.055455958
17.4891096	0.050794789
17.5013312	0.055934027
17.5135528	0.054141269
17.5257744	0.058085335
17.537996	0.053782718
17.5502176	0.051870443
17.5624392	0.051272858
17.5746608	0.048404446
17.5868824	0.052946098
17.599104	0.05031672
17.6113256	0.049360583
17.6235472	0.052587546
17.6357688	0.050914306
17.6479904	0.054858372
17.660212	0.053782718
17.6724336	0.046611689
17.6846552	0.051272858
17.6968768	0.047687343
17.7090984	0.049360583
17.72132	0.044938449
17.7335416	0.049958169
17.7457632	0.04697024
17.7579848	0.054738855
17.7702064	0.047926377
17.782428	0.050197203
17.7946496	0.045057966
17.8068712	0.046850723
17.8190928	0.048284929
17.8313144	0.043982311
17.843536	0.045416517
17.8557576	0.051392375
17.8679792	0.048045895
17.8802008	0.048284929
17.8924224	0.043145691
17.904644	0.04864348
17.9168656	0.046731206
17.9290872	0.048165412
17.9413088	0.044699414
17.9535304	0.043504243
17.965752	0.049002032
17.9779736	0.046253137
17.9901952	0.044221346
18.0024168	0.044938449
18.0146384	0.045416517
18.02686	0.043265209
18.0390816	0.042309071
18.0513032	0.043862794
18.0635248	0.041233417
18.0757464	0.044101829
18.087968	0.041711486
18.1001896	0.045416517
18.1124112	0.044101829
18.1246328	0.046014103
18.1368544	0.044938449
18.149076	0.039799211
18.1612976	0.046850723
18.1735192	0.044579897
18.1857408	0.043862794
18.1979624	0.044340863
18.210184	0.043145691
18.2224056	0.043265209
18.2346272	0.03609418
18.2468488	0.040755348
18.2590704	0.038245488
18.271292	0.037408868
18.2835136	0.042189554
18.2957352	0.041711486
18.3079568	0.037528385
18.3201784	0.041233417
18.3324	0.0411139
18.3446216	0.038245488
18.3568432	0.038843074
18.3690648	0.040635831
18.3812864	0.043982311
18.393508	0.0411139
18.4057296	0.037408868
18.4179512	0.036572248
18.4301728	0.037050317
18.4423944	0.039082108
18.454616	0.042309071
18.4668376	0.038484523
18.4790592	0.0369308
18.4912808	0.036811282
18.5035024	0.03860404
18.515724	0.034899008
18.5279456	0.037169834
18.5401672	0.040635831
18.5523888	0.035138042
18.5646104	0.036572248
18.576832	0.037528385
18.5890536	0.0369308
18.6012752	0.038365005
18.6134968	0.032986734
18.6257184	0.03860404
18.63794	0.038843074
18.6501616	0.035735628
18.6623832	0.030835425
18.6746048	0.0369308
18.6868264	0.035855145
18.699048	0.034420939
18.7112696	0.037408868
18.7234912	0.035138042
18.7357128	0.035018525
18.7479344	0.033225768
18.760156	0.032030596
18.7723776	0.035138042
18.7845992	0.033703837
18.7968208	0.035138042
18.8090424	0.034779491
18.821264	0.034062388
18.8334856	0.037886937
18.8457072	0.032389148
18.8579288	0.032747699
18.8701504	0.033823354
18.882372	0.032150114
18.8945936	0.033703837
18.9068152	0.032030596
18.9190368	0.031313493
18.9312584	0.032508665
18.94348	0.033942871
18.9557016	0.032867216
18.9679232	0.029759771
18.9801448	0.033345285
18.9923664	0.030954942
19.004588	0.031552528
19.0168096	0.031911079
19.0290312	0.034181905
19.0412528	0.031313493
19.0534744	0.036691765
19.065696	0.031313493
19.0779176	0.030954942
19.0901392	0.034062388
19.1023608	0.032628182
19.1145824	0.030237839
19.126804	0.030715908
19.1390256	0.031074459
19.1512472	0.031911079
19.1634688	0.030118322
19.1756904	0.031552528
19.187912	0.02892315
19.2001336	0.031552528
19.2123552	0.033106251
19.2245768	0.033225768
19.2367984	0.032628182
19.24902	0.027608462
19.2612416	0.02557667
19.2734632	0.030357356
19.2856848	0.02892315
19.2979064	0.029998805
19.310128	0.029520736
19.3223496	0.026891359
19.3345712	0.025218119
19.3467928	0.030835425
19.3590144	0.027010876
19.371236	0.026054739
19.3834576	0.026771842
19.3956792	0.027608462
19.4079008	0.028445082
19.4201224	0.027130393
19.432344	0.032628182
19.4445656	0.029640253
19.4567872	0.029640253
19.4690088	0.030237839
19.4812304	0.025815705
19.493452	0.02892315
19.5056736	0.027608462
19.5178952	0.02557667
19.5301168	0.028206048
19.5423384	0.026293773
19.55456	0.026054739
19.5667816	0.02557667
19.5790032	0.025696187
19.5912248	0.026293773
19.6034464	0.025098602
19.615668	0.026532807
19.6278896	0.030715908
19.6401112	0.026891359
19.6523328	0.025696187
19.6645544	0.029281702
19.676776	0.025935222
19.6889976	0.025935222
19.7012192	0.026771842
19.7134408	0.027010876
19.7256624	0.027488945
19.737884	0.02641329
19.7501056	0.022588741
19.7623272	0.024142464
19.7745488	0.026652325
19.7867704	0.026174256
19.798992	0.026174256
19.8112136	0.02474005
19.8234352	0.025935222
19.8356568	0.024620533
19.8478784	0.023664396
19.8601	0.022708259
19.8723216	0.02474005
19.8845432	0.024261982
19.8967648	0.02390343
19.9089864	0.02641329
19.921208	0.024381499
19.9334296	0.024979084
19.9456512	0.025218119
19.9578728	0.024022947
19.9700944	0.02306681
19.982316	0.024501016
19.9945376	0.022110673
20.0067592	0.023544879
20.0189808	0.028803633
20.0312024	0.024261982
20.043424	0.02641329
20.0556456	0.023544879
20.0678672	0.02223019
20.0800888	0.022110673
20.0923104	0.024022947
20.104532	0.023425362
20.1167536	0.023305844
20.1289752	0.021752121
20.1411968	0.021632604
20.1534184	0.023544879
20.16564	0.022110673
20.1778616	0.024381499
20.1900832	0.022469224
20.2023048	0.021991156
20.2145264	0.022827776
20.226748	0.020317916
20.2389696	0.022947293
20.2511912	0.022708259
20.2634128	0.021154536
20.2756344	0.021871639
20.287856	0.019839847
20.3000776	0.020915501
20.3122992	0.021035019
20.3245208	0.020198398
20.3367424	0.022947293
20.348964	0.02055695
20.3611856	0.021154536
20.3734072	0.019361778
20.3856288	0.020676467
20.3978504	0.019003227
20.410072	0.01972033
20.4222936	0.020795984
20.4345152	0.019839847
20.4467368	0.020437433
20.4589584	0.021513087
20.47118	0.01888371
20.4834016	0.019003227
20.4956232	0.018525158
20.5078448	0.020198398
20.5200664	0.02055695
20.532288	0.017449504
20.5445096	0.019959364
20.5567312	0.01721047
20.5689528	0.01972033
20.5811744	0.01804709
20.593396	0.022708259
20.6056176	0.017927573
20.6178392	0.022947293
20.6300608	0.01804709
20.6422824	0.018764193
20.654504	0.016851918
20.6667256	0.020676467
20.6789472	0.019959364
20.6911688	0.020198398
20.7033904	0.020317916
20.715612	0.017688538
20.7278336	0.018405641
20.7400552	0.016612884
20.7522768	0.020915501
20.7644984	0.016971435
20.77672	0.016971435
20.7889416	0.018644676
20.8011632	0.018644676
20.8133848	0.017090953
20.8256064	0.016134815
20.837828	0.021154536
20.8500496	0.016612884
20.8622712	0.015417712
20.8744928	0.016493367
20.8867144	0.020078881
20.898936	0.017688538
20.9111576	0.018525158
20.9233792	0.015417712
20.9356008	0.019959364
20.9478224	0.018405641
20.960044	0.017808055
20.9722656	0.017569021
20.9844872	0.016493367
20.9967088	0.019481296
21.0089304	0.019481296
21.021152	0.016612884
21.0333736	0.018644676
21.0455952	0.017449504
21.0578168	0.014820127
21.0700384	0.016732401
21.08226	0.016134815
21.0944816	0.013505438
21.1067032	0.014103024
21.1189248	0.01470061
21.1311464	0.015298195
21.143368	0.015059161
21.1555896	0.018166607
21.1678112	0.019003227
21.1800328	0.015178678
21.1922544	0.017569021
21.204476	0.017688538
21.2166976	0.012190749
21.2289192	0.015298195
21.2411408	0.016015298
21.2533624	0.018525158
21.265584	0.017090953
21.2778056	0.012668818
21.2900272	0.01637385
21.3022488	0.016254332
21.3144704	0.014581092
21.326692	0.017329987
21.3389136	0.014939644
21.3511352	0.01637385
21.3633568	0.013385921
21.3755784	0.016612884
21.3878	0.012788335
21.4000216	0.015178678
21.4122432	0.016971435
21.4244648	0.016015298
21.4366864	0.015059161
21.448908	0.015417712
21.4611296	0.014342058
21.4733512	0.013505438
21.4855728	0.013624955
21.4977944	0.015776264
21.510016	0.015417712
21.5222376	0.012549301
21.5344592	0.012907852
21.5466808	0.01553723
21.5589024	0.012668818
21.571124	0.014461575
21.5833456	0.012310267
21.5955672	0.01470061
21.6077888	0.014342058
21.6200104	0.015298195
21.632232	0.013863989
21.6444536	0.013863989
21.6566752	0.012429784
21.6688968	0.013863989
21.6811184	0.013146887
21.69334	0.016134815
21.7055616	0.010397992
21.7177832	0.014820127
21.7300048	0.017688538
21.7422264	0.013624955
21.754448	0.012907852
21.7666696	0.014581092
21.7788912	0.011832198
21.7911128	0.011712681
21.8033344	0.013624955
21.815556	0.014342058
21.8277776	0.011712681
21.8399992	0.013505438
21.8522208	0.013863989
21.8644424	0.013624955
21.876664	0.011951715
21.8888856	0.011234612
21.9011072	0.012907852
21.9133288	0.013146887
21.9255504	0.011115095
21.937772	0.015895781
21.9499936	0.013863989
21.9622152	0.011593164
21.9744368	0.014222541
21.9866584	0.011593164
21.99888	0.01470061
22.0111016	0.013863989
22.0233232	0.013385921
22.0355448	0.014461575
22.0477664	0.011712681
22.059988	0.013266404
22.0722096	0.011832198
22.0844312	0.011593164
22.0966528	0.011593164
22.1088744	0.014461575
22.121096	0.010517509
22.1333176	0.015298195
22.1455392	0.014222541
22.1577608	0.013385921
22.1699824	0.011832198
22.182204	0.013266404
22.1944256	0.013027369
22.2066472	0.012190749
22.2188688	0.013385921
22.2310904	0.011593164
22.243312	0.009800406
22.2555336	0.011115095
22.2677552	0.013027369
22.2799768	0.009322338
22.2921984	0.010517509
22.30442	0.013863989
22.3166416	0.010995578
22.3288632	0.010876061
22.3410848	0.011712681
22.3533064	0.011473646
22.365528	0.012549301
22.3777496	0.012429784
22.3899712	0.011712681
22.4021928	0.012190749
22.4144144	0.012190749
22.426636	0.010995578
22.4388576	0.010876061
22.4510792	0.010039441
22.4633008	0.010517509
22.4755224	0.009919924
22.487744	0.012071232
22.4999656	0.010397992
22.5121872	0.011473646
22.5244088	0.009561372
22.5366304	0.010876061
22.548852	0.009680889
22.5610736	0.009561372
22.5732952	0.011115095
22.5855168	0.010397992
22.5977384	0.012310267
22.60996	0.011234612
22.6221816	0.010039441
22.6344032	0.009202821
22.6466248	0.010039441
22.6588464	0.012190749
22.671068	0.010876061
22.6832896	0.010995578
22.6955112	0.010278475
22.7077328	0.009322338
22.7199544	0.009202821
22.732176	0.009800406
22.7443976	0.009441855
22.7566192	0.012549301
22.7688408	0.012310267
22.7810624	0.012788335
22.793284	0.010278475
22.8055056	0.009680889
22.8177272	0.010637026
22.8299488	0.009800406
22.8421704	0.012071232
22.854392	0.009441855
22.8666136	0.009919924
22.8788352	0.010039441
22.8910568	0.008605235
22.9032784	0.011712681
22.9155	0.008246683
22.9277216	0.009680889
22.9399432	0.009561372
22.9521648	0.008963786
22.9643864	0.008246683
22.976608	0.010039441
22.9888296	0.009800406
23.0010512	0.009322338
23.0132728	0.008127166
23.0254944	0.010756544
23.037716	0.009441855
23.0499376	0.008366201
23.0621592	0.008724752
23.0743808	0.008844269
23.0866024	0.007171029
23.098824	0.010995578
23.1110456	0.009561372
23.1232672	0.008724752
23.1354888	0.009083303
23.1477104	0.010637026
23.159932	0.011115095
23.1721536	0.008485718
23.1843752	0.008485718
23.1965968	0.008127166
23.2088184	0.008963786
23.22104	0.008844269
23.2332616	0.009919924
23.2454832	0.012071232
23.2577048	0.010397992
23.2699264	0.007888132
23.282148	0.008844269
23.2943696	0.009441855
23.3065912	0.008485718
23.3188128	0.009083303
23.3310344	0.008605235
23.343256	0.009202821
23.3554776	0.007290546
23.3676992	0.008127166
23.3799208	0.010039441
23.3921424	0.007171029
23.404364	0.008246683
23.4165856	0.008963786
23.4288072	0.007171029
23.4410288	0.007649098
23.4532504	0.008485718
23.465472	0.010397992
23.4776936	0.007888132
23.4899152	0.006931995
23.5021368	0.008127166
23.5143584	0.007768615
23.52658	0.010517509
23.5388016	0.006214892
23.5510232	0.009202821
23.5632448	0.009800406
23.5754664	0.008366201
23.587688	0.006931995
23.5999096	0.007290546
23.6121312	0.008127166
23.6243528	0.008366201
23.6365744	0.008007649
23.648796	0.007768615
23.6610176	0.00752958
23.6732392	0.006334409
23.6854608	0.008127166
23.6976824	0.008605235
23.709904	0.009083303
23.7221256	0.007410063
23.7343472	0.007290546
23.7465688	0.009322338
23.7587904	0.007290546
23.771012	0.005975858
23.7832336	0.007768615
23.7954552	0.008007649
23.8076768	0.00669296
23.8198984	0.008485718
23.83212	0.006812478
23.8443416	0.00752958
23.8565632	0.00752958
23.8687848	0.008127166
23.8810064	0.005139237
23.893228	0.006214892
23.9054496	0.005497789
23.9176712	0.006453926
23.9298928	0.008605235
23.9421144	0.007768615
23.954336	0.008605235
23.9665576	0.008007649
23.9787792	0.007171029
23.9910008	0.00669296
24.0032224	0.00752958
24.015444	0.007410063
24.0276656	0.007649098
24.0398872	0.008246683
24.0521088	0.007290546
24.0643304	0.007290546
24.076552	0.006931995
24.0887736	0.006812478
24.1009952	0.00752958
24.1132168	0.006095375
24.1254384	0.007649098
24.13766	0.006214892
24.1498816	0.006931995
24.1621032	0.00752958
24.1743248	0.007051512
24.1865464	0.008366201
24.198768	0.007290546
24.2109896	0.006573443
24.2232112	0.006931995
24.2354328	0.006812478
24.2476544	0.008007649
24.259876	0.007171029
24.2720976	0.007888132
24.2843192	0.005736823
24.2965408	0.00669296
24.3087624	0.005975858
24.320984	0.006453926
24.3332056	0.007171029
24.3454272	0.005617306
24.3576488	0.006453926
24.3698704	0.00501972
24.382092	0.006095375
24.3943136	0.007171029
24.4065352	0.007410063
24.4187568	0.006214892
24.4309784	0.006095375
24.4432	0.006573443
24.4554216	0.006573443
24.4676432	0.006095375
24.4798648	0.007051512
24.4920864	0.007051512
24.504308	0.006334409
24.5165296	0.005736823
24.5287512	0.004302617
24.5409728	0.006095375
24.5531944	0.006812478
24.565416	0.00501972
24.5776376	0.006095375
24.5898592	0.004302617
24.6020808	0.005497789
24.6143024	0.007290546
24.626524	0.005975858
24.6387456	0.006573443
24.6509672	0.006334409
24.6631888	0.004900203
24.6754104	0.004422135
24.687632	0.005617306
24.6998536	0.006453926
24.7120752	0.005736823
24.7242968	0.005258755
24.7365184	0.00585634
24.74874	0.005975858
24.7609616	0.007171029
24.7731832	0.004422135
24.7854048	0.00501972
24.7976264	0.004661169
24.809848	0.006453926
24.8220696	0.007649098
24.8342912	0.005497789
24.8465128	0.003824549
24.8587344	0.00669296
24.870956	0.005497789
24.8831776	0.006812478
24.8953992	0.005497789
24.9076208	0.005617306
24.9198424	0.004900203
24.932064	0.005258755
24.9442856	0.005497789
24.9565072	0.00501972
24.9687288	0.003824549
24.9809504	0.006095375
24.993172	0.005617306
25.0053936	0.004661169
25.0176152	0.006812478
25.0298368	0.006214892
25.0420584	0.005139237
25.05428	0.005497789
25.0665016	0.005378272
25.0787232	0.00501972
25.0909448	0.007290546
25.1031664	0.00669296
25.115388	0.006334409
25.1276096	0.003226963
25.1398312	0.004661169
25.1520528	0.00501972
25.1642744	0.005139237
25.176496	0.004780686
25.1887176	0.006095375
25.2009392	0.004422135
25.2131608	0.004422135
25.2253824	0.005378272
25.237604	0.004661169
25.2498256	0.00501972
25.2620472	0.005736823
25.2742688	0.005617306
25.2864904	0.005497789
25.298712	0.004780686
25.3109336	0.006334409
25.3231552	0.006453926
25.3353768	0.007649098
25.3475984	0.004541652
25.35982	0.004900203
25.3720416	0.004900203
25.3842632	0.004900203
25.3964848	0.005736823
25.4087064	0.004302617
25.420928	0.006214892
25.4331496	0.005258755
25.4453712	0.00501972
25.4575928	0.005258755
25.4698144	0.004422135
25.482036	0.004541652
25.4942576	0.005258755
25.5064792	0.004780686
25.5187008	0.005378272
25.5309224	0.004900203
25.543144	0.005258755
25.5553656	0.00501972
25.5675872	0.0041831
25.5798088	0.005258755
25.5920304	0.003944066
25.604252	0.004422135
25.6164736	0.00585634
25.6286952	0.004422135
25.6409168	0.005139237
25.6531384	0.005258755
25.66536	0.003465997
25.6775816	0.004541652
25.6898032	0.004661169
25.7020248	0.004422135
25.7142464	0.003705032
25.726468	0.004900203
25.7386896	0.005139237
25.7509112	0.003944066
25.7631328	0.004541652
25.7753544	0.002987929
25.787576	0.003226963
25.7997976	0.005139237
25.8120192	0.004900203
25.8242408	0.003705032
25.8364624	0.003944066
25.848684	0.005497789
25.8609056	0.0041831
25.8731272	0.004063583
25.8853488	0.0041831
25.8975704	0.003944066
25.909792	0.004063583
25.9220136	0.004900203
25.9342352	0.004780686
25.9464568	0.005139237
25.9586784	0.004900203
25.9709	0.005378272
25.9831216	0.003585515
25.9953432	0.004063583
26.0075648	0.004302617
26.0197864	0.005378272
26.032008	0.003585515
26.0442296	0.00585634
26.0564512	0.00334648
26.0686728	0.0041831
26.0808944	0.00501972
26.093116	0.00501972
26.1053376	0.002868412
26.1175592	0.003944066
26.1297808	0.003226963
26.1420024	0.003944066
26.154224	0.003824549
26.1664456	0.003585515
26.1786672	0.004302617
26.1908888	0.003824549
26.2031104	0.004661169
26.215332	0.003585515
26.2275536	0.003944066
26.2397752	0.003585515
26.2519968	0.003705032
26.2642184	0.003944066
26.27644	0.003705032
26.2886616	0.003465997
26.3008832	0.003465997
26.3131048	0.003465997
26.3253264	0.003585515
26.337548	0.003585515
26.3497696	0.004422135
26.3619912	0.003824549
26.3742128	0.003465997
26.3864344	0.003585515
26.398656	0.005736823
26.4108776	0.003824549
26.4230992	0.002987929
26.4353208	0.002868412
26.4475424	0.002987929
26.459764	0.00501972
26.4719856	0.0041831
26.4842072	0.004422135
26.4964288	0.003705032
26.5086504	0.003585515
26.520872	0.004780686
26.5330936	0.003944066
26.5453152	0.003824549
26.5575368	0.003465997
26.5697584	0.005617306
26.58198	0.004302617
26.5942016	0.003585515
26.6064232	0.0041831
26.6186448	0.003107446
26.6308664	0.00167324
26.643088	0.002748894
26.6553096	0.004541652
26.6675312	0.002390343
26.6797528	0.004063583
26.6919744	0.003465997
26.704196	0.003585515
26.7164176	0.00334648
26.7286392	0.003585515
26.7408608	0.003465997
26.7530824	0.003107446
26.765304	0.002987929
26.7775256	0.002868412
26.7897472	0.004063583
26.8019688	0.003585515
26.8141904	0.003705032
26.826412	0.003705032
26.8386336	0.004302617
26.8508552	0.003824549
26.8630768	0.002390343
26.8752984	0.00250986
26.88752	0.003705032
26.8997416	0.002748894
26.9119632	0.002748894
26.9241848	0.002987929
26.9364064	0.002868412
26.948628	0.004302617
26.9608496	0.003465997
26.9730712	0.002748894
26.9852928	0.004063583
26.9975144	0.002390343
27.009736	0.003107446
27.0219576	0.002748894
27.0341792	0.002748894
27.0464008	0.004302617
27.0586224	0.003585515
27.070844	0.00334648
27.0830656	0.003107446
27.0952872	0.002390343
27.1075088	0.003824549
27.1197304	0.003705032
27.131952	0.002629377
27.1441736	0.003226963
27.1563952	0.003944066
27.1686168	0.002390343
27.1808384	0.002748894
27.19306	0.003465997
27.2052816	0.002987929
27.2175032	0.002151309
27.2297248	0.002868412
27.2419464	0.00250986
27.254168	0.002270826
27.2663896	0.003944066
27.2786112	0.003465997
27.2908328	0.004661169
27.3030544	0.002270826
27.315276	0.002390343
27.3274976	0.00334648
27.3397192	0.003824549
27.3519408	0.002270826
27.3641624	0.002748894
27.376384	0.002868412
27.3886056	0.003465997
27.4008272	0.002031792
27.4130488	0.002868412
27.4252704	0.003465997
27.437492	0.002390343
27.4497136	0.002629377
27.4619352	0.002390343
27.4741568	0.002868412
27.4863784	0.00334648
27.4986	0.002748894
27.5108216	0.004541652
27.5230432	0.00250986
27.5352648	0.002868412
27.5474864	0.002390343
27.559708	0.002987929
27.5719296	0.003107446
27.5841512	0.003465997
27.5963728	0.002270826
27.6085944	0.004063583
27.620816	0.004063583
27.6330376	0.002748894
27.6452592	0.001912274
27.6574808	0.003585515
27.6697024	0.002270826
27.681924	0.00250986
27.6941456	0.001912274
27.7063672	0.002629377
27.7185888	0.002987929
27.7308104	0.002868412
27.743032	0.004063583
27.7552536	0.002748894
27.7674752	0.002868412
27.7796968	0.00167324
27.7919184	0.003226963
27.80414	0.003107446
27.8163616	0.002629377
27.8285832	0.004541652
27.8408048	0.00250986
27.8530264	0.002270826
27.865248	0.002390343
27.8774696	0.001912274
27.8896912	0.00250986
27.9019128	0.004063583
27.9141344	0.002270826
27.926356	0.002748894
27.9385776	0.002151309
27.9507992	0.002151309
27.9630208	0.002987929
27.9752424	0.003465997
27.987464	0.002270826
27.9996856	0.00334648
28.0119072	0.00250986
28.0241288	0.002031792
28.0363504	0.00167324
28.048572	0.003465997
28.0607936	0.001792757
28.0730152	0.002748894
28.0852368	0.002748894
28.0974584	0.002270826
28.10968	0.00334648
28.1219016	0.002868412
28.1341232	0.004541652
28.1463448	0.002390343
28.1585664	0.001792757
28.170788	0.002151309
28.1830096	0.002868412
28.1952312	0.00250986
28.2074528	0.002031792
28.2196744	0.001912274
28.231896	0.002629377
28.2441176	0.002629377
28.2563392	0.002987929
28.2685608	0.003705032
28.2807824	0.002031792
28.293004	0.00250986
28.3052256	0.002629377
28.3174472	0.00334648
28.3296688	0.002629377
28.3418904	0.002270826
28.354112	0.003226963
28.3663336	0.004422135
28.3785552	0.002270826
28.3907768	0.003585515
28.4029984	0.002390343
28.41522	0.003226963
28.4274416	0.003465997
28.4396632	0.002390343
28.4518848	0.00167324
28.4641064	0.002868412
28.476328	0.002151309
28.4885496	0.002270826
28.5007712	0.002151309
28.5129928	0.00250986
28.5252144	0.00334648
28.537436	0.00250986
28.5496576	0.00250986
28.5618792	0.002031792
28.5741008	0.002629377
28.5863224	0.002748894
28.598544	0.00250986
28.6107656	0.00167324
28.6229872	0.002270826
28.6352088	0.00250986
28.6474304	0.002868412
28.659652	0.002629377
28.6718736	0.00250986
28.6840952	0.001912274
28.6963168	0.002390343
28.7085384	0.002270826
28.72076	0.00250986
28.7329816	0.002151309
28.7452032	0.002270826
28.7574248	0.002151309
28.7696464	0.002629377
28.781868	0.002270826
28.7940896	0.002270826
28.8063112	0.00250986
28.8185328	0.00334648
28.8307544	0.00250986
28.842976	0.002031792
28.8551976	0.002151309
28.8674192	0.00334648
28.8796408	0.002031792
28.8918624	0.001912274
28.904084	0.00250986
28.9163056	0.002151309
28.9285272	0.003107446
28.9407488	0.001792757
28.9529704	0.001314689
28.965192	0.002031792
28.9774136	0.001912274
28.9896352	0.001912274
29.0018568	0.002629377
29.0140784	0.002629377
29.0263	0.00167324
29.0385216	0.002151309
29.0507432	0.001912274
29.0629648	0.002629377
29.0751864	0.001912274
29.087408	0.001434206
29.0996296	0.001434206
29.1118512	0.002748894
29.1240728	0.001553723
29.1362944	0.001792757
29.148516	0.00167324
29.1607376	0.001553723
29.1729592	0.001912274
29.1851808	0.001553723
29.1974024	0.002031792
29.209624	0.002270826
29.2218456	0.002629377
29.2340672	0.001434206
29.2462888	0.002031792
29.2585104	0.00167324
29.270732	0.001792757
29.2829536	0.002629377
29.2951752	0.001912274
29.3073968	0.001195172
29.3196184	0.002629377
29.33184	0.002987929
29.3440616	0.001912274
29.3562832	0.002390343
29.3685048	0.002151309
29.3807264	0.001314689
29.392948	0.001912274
29.4051696	0.00167324
29.4173912	0.00083662
29.4296128	0.001434206
29.4418344	0.002151309
29.454056	0.002151309
29.4662776	0.002151309
29.4784992	0.001434206
29.4907208	0.001553723
29.5029424	0.002270826
29.515164	0.002390343
29.5273856	0.001553723
29.5396072	0.001912274
29.5518288	0.002270826
29.5640504	0.001195172
29.576272	0.001195172
29.5884936	0.002031792
29.6007152	0.002270826
29.6129368	0.003226963
29.6251584	0.002031792
29.63738	0.00167324
29.6496016	0.001314689
29.6618232	0.001792757
29.6740448	0.002390343
29.6862664	0.002270826
29.698488	0.001912274
29.7107096	0.002031792
29.7229312	0.00250986
29.7351528	0.001792757
29.7473744	0.001553723
29.759596	0.002868412
29.7718176	0.002987929
29.7840392	0.002390343
29.7962608	0.001912274
29.8084824	0.00167324
29.820704	0.001553723
29.8329256	0.002270826
29.8451472	0.002390343
29.8573688	0.002151309
29.8695904	0.002748894
29.881812	0.001434206
29.8940336	0.001912274
29.9062552	0.001912274
29.9184768	0.00167324
29.9306984	0.002031792
29.94292	0.003107446
29.9551416	0.002390343
29.9673632	0.00167324
29.9795848	0.001075654
29.9918064	0.00167324
30.004028	0.001075654
30.0162496	0.002031792
30.0284712	0.001553723
30.0406928	0.002270826
30.0529144	0.001553723
30.065136	0.001434206
30.0773576	0.002270826
30.0895792	0.002629377
30.1018008	0.001075654
30.1140224	0.001912274
30.126244	0.001314689
30.1384656	0.00167324
30.1506872	0.001792757
30.1629088	0.001553723
30.1751304	0.001314689
30.187352	0.001314689
30.1995736	0.001912274
30.2117952	0.002270826
30.2240168	0.002390343
30.2362384	0.001434206
30.24846	0.002031792
30.2606816	0.002270826
30.2729032	0.002151309
30.2851248	0.00167324
30.2973464	0.001314689
30.309568	0.001434206
30.3217896	0.001314689
30.3340112	0.001792757
30.3462328	0.002390343
30.3584544	0.001434206
30.370676	0.001314689
30.3828976	0.00167324
30.3951192	0.001434206
30.4073408	0.001553723
30.4195624	0.001792757
30.431784	0.002151309
30.4440056	0.001314689
30.4562272	0.00167324
30.4684488	0.002031792
30.4806704	0.001195172
30.492892	0.002151309
30.5051136	0.00167324
30.5173352	0.00167324
30.5295568	0.001434206
30.5417784	0.002270826
30.554	0.002151309
30.5662216	0.001434206
30.5784432	0.001434206
30.5906648	0.001553723
30.6028864	0.002151309
30.615108	0.001434206
30.6273296	0.001075654
30.6395512	0.001434206
30.6517728	0.002151309
30.6639944	0.000956137
30.676216	0.00250986
30.6884376	0.000956137
30.7006592	0.002151309
30.7128808	0.001314689
30.7251024	0.002748894
30.737324	0.000956137
30.7495456	0.001434206
30.7617672	0.001434206
30.7739888	0.002031792
30.7862104	0.001792757
30.798432	0.001912274
30.8106536	0.001553723
30.8228752	0.001553723
30.8350968	0.00167324
30.8473184	0.00167324
30.85954	0.001075654
30.8717616	0.001075654
30.8839832	0.001314689
30.8962048	0.001792757
30.9084264	0.001434206
30.920648	0.002151309
30.9328696	0.001553723
30.9450912	0.001195172
30.9573128	0.001434206
30.9695344	0.001195172
30.981756	0.000956137
30.9939776	0.001553723
31.0061992	0.00167324
31.0184208	0.001912274
31.0306424	0.000956137
31.042864	0.001553723
31.0550856	0.002151309
31.0673072	0.00167324
31.0795288	0.002031792
31.0917504	0.001075654
31.103972	0.001792757
31.1161936	0.002270826
31.1284152	0.001195172
31.1406368	0.001314689
31.1528584	0.001195172
31.16508	0.001912274
31.1773016	0.001792757
31.1895232	0.001912274
31.2017448	0.001314689
31.2139664	0.001434206
31.226188	0.001912274
31.2384096	0.001314689
31.2506312	0.00167324
31.2628528	0.001912274
31.2750744	0.001314689
31.287296	0.001912274
31.2995176	0.000956137
31.3117392	0.001314689
31.3239608	0.001553723
31.3361824	0.001195172
31.348404	0.000956137
31.3606256	0.000956137
31.3728472	0.00167324
31.3850688	0.001792757
31.3972904	0.00167324
31.409512	0.00083662
31.4217336	0.000717103
31.4339552	0.001792757
31.4461768	0.001912274
31.4583984	0.001314689
31.47062	0.001075654
31.4828416	0.001075654
31.4950632	0.00083662
31.5072848	0.002031792
31.5195064	0.001195172
31.531728	0.001434206
31.5439496	0.001792757
31.5561712	0.002031792
31.5683928	0.001314689
31.5806144	0.001553723
31.592836	0.001314689
31.6050576	0.000956137
31.6172792	0.001434206
31.6295008	0.002868412
31.6417224	0.001792757
31.653944	0.000478069
31.6661656	0.001912274
31.6783872	0.001792757
31.6906088	0.002031792
31.7028304	0.001792757
31.715052	0.001434206
31.7272736	0.001434206
31.7394952	0.001075654
31.7517168	0.000717103
31.7639384	0.001075654
31.77616	0.001553723
31.7883816	0.001553723
31.8006032	0.001434206
31.8128248	0.001792757
31.8250464	0.001792757
31.837268	0.000717103
31.8494896	0.00250986
31.8617112	0.001314689
31.8739328	0.001553723
31.8861544	0.001195172
31.898376	0.000478069
31.9105976	0.00083662
31.9228192	0.001434206
31.9350408	0.001792757
31.9472624	0.001792757
31.959484	0.001075654
31.9717056	0.001912274
31.9839272	0.001195172
31.9961488	0.001792757
32.0083704	0.00083662
32.020592	0.002151309
32.0328136	0.002151309
32.0450352	0.001553723
32.0572568	0.001314689
32.0694784	0.00083662
32.0817	0.001195172
32.0939216	0.001792757
32.1061432	0.000956137
32.1183648	0.001434206
32.1305864	0.00167324
32.142808	0.000717103
32.1550296	0.001792757
32.1672512	0.001314689
32.1794728	0.001553723
32.1916944	0.000717103
32.203916	0.001075654
32.2161376	0.001075654
32.2283592	0.002151309
32.2405808	0.002031792
32.2528024	0.002151309
32.265024	0.00083662
32.2772456	0.001075654
32.2894672	0.00167324
32.3016888	0.001912274
32.3139104	0.002270826
32.326132	0.001314689
32.3383536	0.000956137
32.3505752	0.00167324
32.3627968	0.001075654
32.3750184	0.001314689
32.38724	0.001195172
32.3994616	0.000956137
32.4116832	0.001792757
32.4239048	0.001553723
32.4361264	0.001912274
32.448348	0.001314689
32.4605696	0.001195172
32.4727912	0.001075654
32.4850128	0.001434206
32.4972344	0.001553723
32.509456	0.001075654
32.5216776	0.001792757
32.5338992	0.00167324
32.5461208	0.00083662
32.5583424	0.001434206
32.570564	0.000478069
32.5827856	0.001195172
32.5950072	0.001075654
32.6072288	0.001553723
32.6194504	0.001195172
32.631672	0.000956137
32.6438936	0.001434206
32.6561152	0.001075654
32.6683368	0.001314689
32.6805584	0.000717103
32.69278	0.002031792
32.7050016	0.001075654
32.7172232	0.000717103
32.7294448	0.000956137
32.7416664	0.000956137
32.753888	0.001792757
32.7661096	0.000597586
32.7783312	0.00083662
32.7905528	0.00167324
32.8027744	0.00083662
32.814996	0.000597586
32.8272176	0.001434206
32.8394392	0.00083662
32.8516608	0.001195172
32.8638824	0.001314689
32.876104	0.001792757
32.8883256	0.001195172
32.9005472	0.000956137
32.9127688	0.001434206
32.9249904	0.001553723
32.937212	0.000597586
32.9494336	0.00167324
32.9616552	0.000597586
32.9738768	0.001553723
32.9860984	0.001195172
32.99832	0.000358551
33.0105416	0.001195172
33.0227632	0.000956137
33.0349848	0.000956137
33.0472064	0.000717103
33.059428	0.001195172
33.0716496	0.001195172
33.0838712	0.001314689
33.0960928	0.001314689
33.1083144	0.001553723
33.120536	0.001075654
33.1327576	0.000717103
33.1449792	0.00083662
33.1572008	0.001553723
33.1694224	0.000956137
33.181644	0.001553723
33.1938656	0.001195172
33.2060872	0.000956137
33.2183088	0.001195172
33.2305304	0.001434206
33.242752	0.001553723
33.2549736	0.001553723
33.2671952	0.001195172
33.2794168	0.001434206
33.2916384	0.001553723
33.30386	0.001792757
33.3160816	0.000119517
33.3283032	0.001553723
33.3405248	0.00083662
33.3527464	0.001792757
33.364968	0.00083662
33.3771896	0.000956137
33.3894112	0.00167324
33.4016328	0.001314689
33.4138544	0.001075654
33.426076	0.002270826
33.4382976	0.000956137
33.4505192	0.001553723
33.4627408	0.001553723
33.4749624	0.001314689
33.487184	0.000956137
33.4994056	0.001434206
33.5116272	0.001075654
33.5238488	0.001075654
33.5360704	0.001792757
33.548292	0.000597586
33.5605136	0.001314689
33.5727352	0.001912274
33.5849568	0.001195172
33.5971784	0.00167324
33.6094	0.00083662
33.6216216	0.001075654
33.6338432	0.000956137
33.6460648	0.001553723
33.6582864	0.001792757
33.670508	0.001912274
33.6827296	0.001314689
33.6949512	0.001434206
33.7071728	0.001195172
33.7193944	0.001792757
33.731616	0.001075654
33.7438376	0.000597586
33.7560592	0.001195172
33.7682808	0.001075654
33.7805024	0.001553723
33.792724	0.001314689
33.8049456	0.001075654
33.8171672	0.001553723
33.8293888	0.001075654
33.8416104	0.001314689
33.853832	0.001434206
33.8660536	0.001553723
33.8782752	0.001314689
33.8904968	0.000717103
33.9027184	0.000956137
33.91494	0.000956137
33.9271616	0.001195172
33.9393832	0.000717103
33.9516048	0.001075654
33.9638264	0.001195172
33.976048	0.000239034
33.9882696	0.00083662
34.0004912	0.000717103
34.0127128	0.000956137
34.0249344	0.001314689
34.037156	0.000597586
34.0493776	0.000597586
34.0615992	0.00083662
34.0738208	0.00167324
34.0860424	0.000597586
34.098264	0.00083662
34.1104856	0.000717103
34.1227072	0.001314689
34.1349288	0.00083662
34.1471504	0.000717103
34.159372	0.000478069
34.1715936	0.000597586
34.1838152	0.000956137
34.1960368	0.00083662
34.2082584	0.000956137
34.22048	0.001195172
34.2327016	0.001314689
34.2449232	0.00167324
34.2571448	0.000717103
34.2693664	0.00083662
34.281588	0.00167324
34.2938096	0.000597586
34.3060312	0.001314689
34.3182528	0.000717103
34.3304744	0.001075654
34.342696	0.000956137
34.3549176	0.001912274
34.3671392	0.001075654
34.3793608	0.001075654
34.3915824	0.000478069
34.403804	0.001075654
34.4160256	0.001075654
34.4282472	0.00083662
34.4404688	0.000956137
34.4526904	0.001195172
34.464912	0.001434206
34.4771336	0.000717103
34.4893552	0.000478069
34.5015768	0.001075654
34.5137984	0.00083662
34.52602	0.00083662
34.5382416	0.000717103
34.5504632	0.000358551
34.5626848	0.000597586
34.5749064	0.001075654
34.587128	0.00083662
34.5993496	0.000717103
34.6115712	0.001912274
34.6237928	0.001314689
34.6360144	0.000717103
34.648236	0.000956137
34.6604576	0.000597586
34.6726792	0.001195172
34.6849008	0.001553723
34.6971224	0.001195172
34.709344	0.001195172
34.7215656	0.000717103
34.7337872	0.000597586
34.7460088	0.001195172
34.7582304	0.000717103
34.770452	0.000478069
34.7826736	0.001314689
34.7948952	0.001434206
34.8071168	0.00083662
34.8193384	0.001314689
34.83156	0.001075654
34.8437816	0.000956137
34.8560032	0.000717103
34.8682248	0.000956137
34.8804464	0.000478069
34.892668	0.000717103
34.9048896	0.000597586
34.9171112	0.000478069
34.9293328	0.000597586
34.9415544	0.001434206
34.953776	0.000956137
34.9659976	0.001314689
34.9782192	0.000478069
34.9904408	0.001195172
35.0026624	0.000717103
35.014884	0.001314689
35.0271056	0.001314689
35.0393272	0.000478069
35.0515488	0.00083662
35.0637704	0.001434206
35.075992	0.001314689
35.0882136	0.000597586
35.1004352	0.000358551
35.1126568	0.000478069
35.1248784	0.000597586
35.1371	0.001075654
35.1493216	0.001075654
35.1615432	0.000478069
35.1737648	0.001434206
35.1859864	0.000956137
35.198208	0.000956137
35.2104296	0.000956137
35.2226512	0.00083662
35.2348728	0.00083662
35.2470944	0.001434206
35.259316	0.000717103
35.2715376	0.001434206
35.2837592	0.001075654
35.2959808	0.00083662
35.3082024	0.000597586
35.320424	0.001195172
35.3326456	0.001075654
35.3448672	0.001434206
35.3570888	0.001195172
35.3693104	0.000597586
35.381532	0.000478069
35.3937536	0.000478069
35.4059752	0.00083662
35.4181968	0.00167324
35.4304184	0.001314689
35.44264	0.000956137
35.4548616	0.000717103
35.4670832	0.00083662
35.4793048	0.000717103
35.4915264	0.001553723
35.503748	0.000478069
35.5159696	0.000956137
35.5281912	0.001195172
35.5404128	0.000717103
35.5526344	0.000597586
35.564856	0.001075654
35.5770776	0.00083662
35.5892992	0.000956137
35.6015208	0.000956137
35.6137424	0.000717103
35.625964	0.000358551
35.6381856	0.001553723
35.6504072	0.001792757
35.6626288	0.00083662
35.6748504	0.000956137
35.687072	0.000478069
35.6992936	0.001075654
35.7115152	0.00083662
35.7237368	0.001434206
35.7359584	0.000478069
35.74818	0.001314689
35.7604016	0.001075654
35.7726232	0.00167324
35.7848448	0.001195172
35.7970664	0.00083662
35.809288	0.00083662
35.8215096	0.001434206
35.8337312	0.00083662
35.8459528	0.001314689
35.8581744	0.00083662
35.870396	0.000358551
35.8826176	0.000956137
35.8948392	0.001434206
35.9070608	0.001075654
35.9192824	0.000717103
35.931504	0.000597586
35.9437256	0.000956137
35.9559472	0.00083662
35.9681688	0.00083662
35.9803904	0.001792757
35.992612	0.000956137
36.0048336	0.000956137
36.0170552	0.001195172
36.0292768	0.001553723
36.0414984	0.00083662
36.05372	0.00083662
36.0659416	0.001075654
36.0781632	0.001314689
36.0903848	0.000717103
36.1026064	0.000239034
36.114828	0.000717103
36.1270496	0.000358551
36.1392712	0.000478069
36.1514928	0.001553723
36.1637144	0.000597586
36.175936	0.000358551
36.1881576	0.001314689
36.2003792	0.001075654
36.2126008	0.000717103
36.2248224	0.001195172
36.237044	0.000717103
36.2492656	0.001434206
36.2614872	0.000358551
36.2737088	0.001434206
36.2859304	0.000717103
36.298152	0.000956137
36.3103736	0.001075654
36.3225952	0.001075654
36.3348168	0.000478069
36.3470384	0.001434206
36.35926	0.000956137
36.3714816	0.00083662
36.3837032	0.00083662
36.3959248	0.00083662
36.4081464	0.000478069
36.420368	0.000717103
36.4325896	0.000478069
36.4448112	0.001075654
36.4570328	0.000597586
36.4692544	0.000956137
36.481476	0.000358551
36.4936976	0.00083662
36.5059192	0.001075654
36.5181408	0.000358551
36.5303624	0.000597586
36.542584	0.000597586
36.5548056	0.001434206
36.5670272	0.001314689
36.5792488	0.001075654
36.5914704	0.000597586
36.603692	0.000597586
36.6159136	0.000239034
36.6281352	0.000597586
36.6403568	0.000358551
36.6525784	0.000717103
36.6648	0.000478069
36.6770216	0.000358551
36.6892432	0.000717103
36.7014648	0.000358551
36.7136864	0.001075654
36.725908	0.001075654
36.7381296	0.000358551
36.7503512	0.000956137
36.7625728	0.000717103
36.7747944	0.000597586
36.787016	0.001314689
36.7992376	0.00083662
36.8114592	0.000597586
36.8236808	0.000478069
36.8359024	0.000358551
36.848124	0.001195172
36.8603456	0.000358551
36.8725672	0.000597586
36.8847888	0.000597586
36.8970104	0.00083662
36.909232	0.00083662
36.9214536	0.00083662
36.9336752	0.000239034
36.9458968	0.00083662
36.9581184	0.000956137
36.97034	0.000717103
36.9825616	0.000478069
36.9947832	0.000597586
37.0070048	0.000717103
37.0192264	0.000717103
37.031448	0.001075654
37.0436696	0.001195172
37.0558912	0.001075654
37.0681128	0.000478069
37.0803344	0.000956137
37.092556	0.000358551
37.1047776	0.000717103
37.1169992	0.001075654
37.1292208	0.000478069
37.1414424	0.000358551
37.153664	0.000119517
37.1658856	0.001075654
37.1781072	0.000478069
37.1903288	0.00083662
37.2025504	0.000956137
37.214772	0.001075654
37.2269936	0.00083662
37.2392152	0.001314689
37.2514368	0.00167324
37.2636584	0.000717103
37.27588	0.000717103
37.2881016	0.001314689
37.3003232	0.000478069
37.3125448	0.000239034
37.3247664	0.000358551
37.336988	0.001195172
37.3492096	0.000478069
37.3614312	0.000478069
37.3736528	0.00083662
37.3858744	0.001075654
37.398096	0.000597586
37.4103176	0.000478069
37.4225392	0.000956137
37.4347608	0.000717103
37.4469824	0.00083662
37.459204	0.00083662
37.4714256	0.00083662
37.4836472	0.00083662
37.4958688	0.000956137
37.5080904	0.001553723
37.520312	0.001553723
37.5325336	0.001195172
37.5447552	0.000956137
37.5569768	0.00083662
37.5691984	0.000956137
37.58142	0.000597586
37.5936416	0.000597586
37.6058632	0.000239034
37.6180848	0.001314689
37.6303064	0.000597586
37.642528	0.000478069
37.6547496	0.00083662
37.6669712	0.000597586
37.6791928	0.000358551
37.6914144	0.000717103
37.703636	0.001195172
37.7158576	0.000597586
37.7280792	0.001434206
37.7403008	0.000717103
37.7525224	0.00083662
37.764744	0.001553723
37.7769656	0.000717103
37.7891872	0.001075654
37.8014088	0.000597586
37.8136304	0.000717103
37.825852	0.000478069
37.8380736	0.000597586
37.8502952	0.000956137
37.8625168	0.000597586
37.8747384	0.000717103
37.88696	0.000717103
37.8991816	0.001075654
37.9114032	0.000717103
37.9236248	0.001314689
37.9358464	0.000956137
37.948068	0.000597586
37.9602896	0.000717103
37.9725112	0.00083662
37.9847328	0.00083662
37.9969544	0.00083662
38.009176	0.000358551
38.0213976	0.000478069
38.0336192	0.001075654
38.0458408	0.000956137
38.0580624	0.00083662
38.070284	0.00083662
38.0825056	0.000717103
38.0947272	0.00083662
38.1069488	0.000239034
38.1191704	0.000597586
38.131392	0.001195172
38.1436136	0.000597586
38.1558352	0.000717103
38.1680568	0.001075654
38.1802784	0.000358551
38.1925	0.00083662
38.2047216	0.000717103
38.2169432	0.000597586
38.2291648	0.000956137
38.2413864	0.000717103
38.253608	0.001195172
38.2658296	0.000717103
38.2780512	0.000717103
38.2902728	0.000597586
38.3024944	0.000358551
38.314716	0.000717103
38.3269376	0.00083662
38.3391592	0.000956137
38.3513808	0.000956137
38.3636024	0.00167324
38.375824	0.000478069
38.3880456	0.000956137
38.4002672	0.000956137
38.4124888	0.000717103
38.4247104	0.00083662
38.436932	0.000956137
38.4491536	0.000119517
38.4613752	0.000478069
38.4735968	0.000597586
38.4858184	0.000717103
38.49804	0.00083662
38.5102616	0.000956137
38.5224832	0.000956137
38.5347048	0.001314689
38.5469264	0.001075654
38.559148	0.000358551
38.5713696	0.000717103
38.5835912	0.000956137
38.5958128	0.000478069
38.6080344	0.001075654
38.620256	0.000597586
38.6324776	0.000597586
38.6446992	0.000956137
38.6569208	0.001553723
38.6691424	0.00083662
38.681364	0.00083662
38.6935856	0.000717103
38.7058072	0
38.7180288	0.000956137
38.7302504	0.000478069
38.742472	0.001075654
38.7546936	0.001195172
38.7669152	0.001075654
38.7791368	0.000358551
38.7913584	0.001195172
38.80358	0.000956137
38.8158016	0.001195172
38.8280232	0.000717103
38.8402448	0.00167324
38.8524664	0.000239034
38.864688	0.000956137
38.8769096	0.001195172
38.8891312	0.000478069
38.9013528	0.000717103
38.9135744	0.000597586
38.925796	0.00083662
38.9380176	0.000717103
38.9502392	0.000478069
38.9624608	0.001195172
38.9746824	0.001195172
38.986904	0.000956137
38.9991256	0.000956137
39.0113472	0.000597586
39.0235688	0.00083662
39.0357904	0.000717103
39.048012	0.001434206
39.0602336	0.000717103
39.0724552	0.00083662
39.0846768	0.000956137
39.0968984	0.000956137
39.10912	0.000239034
39.1213416	0.000956137
39.1335632	0.000956137
39.1457848	0.000956137
39.1580064	0.000358551
39.170228	0.00083662
39.1824496	0.000597586
39.1946712	0.001075654
39.2068928	0.000239034
39.2191144	0.001075654
39.231336	0.001195172
39.2435576	0.00083662
39.2557792	0.000358551
39.2680008	0.000597586
39.2802224	0.001075654
39.292444	0.001314689
39.3046656	0.000597586
39.3168872	0.000478069
39.3291088	0.000717103
39.3413304	0.000717103
39.353552	0.000717103
39.3657736	0.000597586
39.3779952	0.00167324
39.3902168	0.000597586
39.4024384	0.001075654
39.41466	0.000597586
39.4268816	0.000717103
39.4391032	0.000597586
39.4513248	0.000956137
39.4635464	0.000597586
39.475768	0.001075654
39.4879896	0.000478069
39.5002112	0.000597586
39.5124328	0.000717103
39.5246544	0.000478069
39.536876	0.000597586
39.5490976	0.000597586
39.5613192	0.000717103
39.5735408	0.000956137
39.5857624	0.000478069
39.597984	0.000358551
39.6102056	0.000478069
39.6224272	0.001075654
39.6346488	0.000717103
39.6468704	0.000478069
39.659092	0.00083662
39.6713136	0.00083662
39.6835352	0.000358551
39.6957568	0.000478069
39.7079784	0.000717103
39.7202	0.000717103
39.7324216	0.000239034
39.7446432	0.000597586
39.7568648	0.001075654
39.7690864	0.00083662
39.781308	0.000717103
39.7935296	0.000239034
39.8057512	0.00083662
39.8179728	0.000597586
39.8301944	0.000597586
39.842416	0.001553723
39.8546376	0.000239034
39.8668592	0.000717103
39.8790808	0.000597586
39.8913024	0.000717103
39.903524	0.00083662
39.9157456	0.00167324
39.9279672	0.000478069
39.9401888	0.000717103
39.9524104	0.001792757
39.964632	0.00083662
39.9768536	0.00083662
39.9890752	0.000478069
40.0012968	0.001075654
40.0135184	0.001195172
40.02574	0.000478069
40.0379616	0.00083662
40.0501832	0.001195172
40.0624048	0.000478069
40.0746264	0.000956137
40.086848	0.000119517
40.0990696	0.000597586
40.1112912	0.000717103
40.1235128	0.00083662
40.1357344	0.000358551
40.147956	0.00083662
40.1601776	0.00083662
40.1723992	0.000597586
40.1846208	0.000956137
40.1968424	0.000717103
40.209064	0.000597586
40.2212856	0.000717103
40.2335072	0.001314689
40.2457288	0.001075654
40.2579504	0.001314689
40.270172	0.00083662
40.2823936	0.00083662
40.2946152	0.001434206
40.3068368	0.001314689
40.3190584	0.00083662
40.33128	0.000239034
40.3435016	0.000478069
40.3557232	0.00083662
40.3679448	0.000478069
40.3801664	0.000956137
40.392388	0.000119517
40.4046096	0.000358551
40.4168312	0.000717103
40.4290528	0.001075654
40.4412744	0.000597586
40.453496	0.000597586
40.4657176	0.000717103
40.4779392	0.00083662
40.4901608	0.000717103
40.5023824	0.001075654
40.514604	0.00083662
40.5268256	0.000717103
40.5390472	0.000478069
40.5512688	0.000956137
40.5634904	0.000717103
40.575712	0.000597586
40.5879336	0.000478069
40.6001552	0.000717103
40.6123768	0.000478069
40.6245984	0.000717103
40.63682	0.000358551
40.6490416	0.001195172
40.6612632	0.000239034
40.6734848	0.000358551
40.6857064	0.001075654
40.697928	0.001075654
40.7101496	0.000717103
40.7223712	0.000956137
40.7345928	0.000956137
40.7468144	0.000239034
40.759036	0.000597586
40.7712576	0.000358551
40.7834792	0.000478069
40.7957008	0.000717103
40.8079224	0.00083662
40.820144	0.00083662
40.8323656	0.000956137
40.8445872	0.000597586
40.8568088	0.000478069
40.8690304	0.000717103
40.881252	0.000717103
40.8934736	0.000478069
40.9056952	0.000478069
40.9179168	0.000717103
40.9301384	0.000597586
40.94236	0.000358551
40.9545816	0.000239034
40.9668032	0.000358551
40.9790248	0.000597586
40.9912464	0.000717103
41.003468	0.000597586
41.0156896	0.000478069
41.0279112	0.000717103
41.0401328	0.000717103
41.0523544	0.000956137
41.064576	0.000358551
41.0767976	0.000597586
41.0890192	0.00083662
41.1012408	0.000717103
41.1134624	0.00083662
41.125684	0.000239034
41.1379056	0.000717103
41.1501272	0.000956137
41.1623488	0.000239034
41.1745704	0.000956137
41.186792	0.00083662
41.1990136	0.000239034
41.2112352	0.000478069
41.2234568	0.000956137
41.2356784	0.000956137
41.2479	0.001434206
41.2601216	0.000597586
41.2723432	0.00083662
41.2845648	0.001195172
41.2967864	0.00083662
41.309008	0.000478069
41.3212296	0.000478069
41.3334512	0.000358551
41.3456728	0.001075654
41.3578944	0.000597586
41.370116	0.000956137
41.3823376	0.000956137
41.3945592	0.00083662
41.4067808	0.00083662
41.4190024	0.000478069
41.431224	0.000956137
41.4434456	0.000717103
41.4556672	0.000597586
41.4678888	0.000358551
41.4801104	0.000597586
41.492332	0.001434206
41.5045536	0.00083662
41.5167752	0.000478069
41.5289968	0.000597586
41.5412184	0.001195172
41.55344	0.000358551
41.5656616	0.000478069
41.5778832	0.000119517
41.5901048	0.000597586
41.6023264	0.000239034
41.614548	0.000478069
41.6267696	0.000358551
41.6389912	0.000717103
41.6512128	0.000956137
41.6634344	0.000597586
41.675656	0.000239034
41.6878776	0.000478069
41.7000992	0.000597586
41.7123208	0.000597586
41.7245424	0.000717103
41.736764	0.000478069
41.7489856	0.00083662
41.7612072	0.001314689
41.7734288	0.00083662
41.7856504	0.000597586
41.797872	0.000358551
41.8100936	0.000119517
41.8223152	0.000956137
41.8345368	0.000358551
41.8467584	0.00083662
41.85898	0
41.8712016	0.00167324
41.8834232	0.000239034
41.8956448	0.000717103
41.9078664	0.000956137
41.920088	0.000597586
41.9323096	0.000597586
41.9445312	0.000478069
41.9567528	0.000478069
41.9689744	0.000597586
41.981196	0.000717103
41.9934176	0.001434206
42.0056392	0.000239034
42.0178608	0.000597586
42.0300824	0.000478069
42.042304	0.000956137
42.0545256	0.000597586
42.0667472	0.000717103
42.0789688	0.000478069
42.0911904	0.000239034
42.103412	0.000956137
42.1156336	0.000597586
42.1278552	0.001195172
42.1400768	0.000717103
42.1522984	0.000717103
42.16452	0.000358551
42.1767416	0.000717103
42.1889632	0.000478069
42.2011848	0.001075654
42.2134064	0.000478069
42.225628	0.000597586
42.2378496	0.00083662
42.2500712	0.001075654
42.2622928	0.00083662
42.2745144	0.001314689
42.286736	0.00083662
42.2989576	0.000597586
42.3111792	0.00083662
42.3234008	0.000358551
42.3356224	0.000478069
42.347844	0.000956137
42.3600656	0.000478069
42.3722872	0.000358551
42.3845088	0.000358551
42.3967304	0.001195172
42.408952	0.000478069
42.4211736	0.00083662
42.4333952	0.000358551
42.4456168	0.000478069
42.4578384	0.000597586
42.47006	0.000478069
42.4822816	0.000956137
42.4945032	0.001075654
42.5067248	0.000358551
42.5189464	0.000358551
42.531168	0.000358551
42.5433896	0.000478069
42.5556112	0.000717103
42.5678328	0.000478069
42.5800544	0.000478069
42.592276	0.001075654
42.6044976	0.00083662
42.6167192	0.001075654
42.6289408	0.001075654
42.6411624	0.000597586
42.653384	0.001075654
42.6656056	0.000478069
42.6778272	0.000358551
42.6900488	0.000597586
42.7022704	0.001075654
42.714492	0.000478069
42.7267136	0.000956137
42.7389352	0.000717103
42.7511568	0.000956137
42.7633784	0.000358551
42.7756	0.001195172
42.7878216	0.000597586
42.8000432	0.00083662
42.8122648	0.000717103
42.8244864	0.000717103
42.836708	0.001075654
42.8489296	0.000717103
42.8611512	0.000717103
42.8733728	0.000597586
42.8855944	0.000717103
42.897816	0.001314689
42.9100376	0.000717103
42.9222592	0.00083662
42.9344808	0.00083662
42.9467024	0.00083662
42.958924	0.000597586
42.9711456	0.000358551
42.9833672	0.000597586
42.9955888	0.000478069
43.0078104	0.000597586
43.020032	0.000597586
43.0322536	0.000239034
43.0444752	0.000597586
43.0566968	0.000717103
43.0689184	0.000717103
43.08114	0.000717103
43.0933616	0.000956137
43.1055832	0.00083662
43.1178048	0.001553723
43.1300264	0.001434206
43.142248	0.001314689
43.1544696	0.000478069
43.1666912	0.000478069
43.1789128	0.001075654
43.1911344	0.000358551
43.203356	0.000597586
43.2155776	0.000597586
43.2277992	0.001075654
43.2400208	0.001314689
43.2522424	0.000956137
43.264464	0.000956137
43.2766856	0.000717103
43.2889072	0.000597586
43.3011288	0.00083662
43.3133504	0.001314689
43.325572	0.000717103
43.3377936	0.000478069
43.3500152	0.000717103
43.3622368	0.000239034
43.3744584	0.000717103
43.38668	0.00083662
43.3989016	0.000597586
43.4111232	0.000717103
43.4233448	0.000478069
43.4355664	0.001314689
43.447788	0.000717103
43.4600096	0.000478069
43.4722312	0.001075654
43.4844528	0.000239034
43.4966744	0.00083662
43.508896	0.000956137
43.5211176	0.000358551
43.5333392	0.001195172
43.5455608	0.000717103
43.5577824	0.000597586
43.570004	0.001075654
43.5822256	0.00167324
43.5944472	0.001195172
43.6066688	0.00083662
43.6188904	0.000358551
43.631112	0.000239034
43.6433336	0.001075654
43.6555552	0.00083662
43.6677768	0.000717103
43.6799984	0.001314689
43.69222	0.00083662
43.7044416	0.00083662
43.7166632	0.000597586
43.7288848	0.001195172
43.7411064	0.001434206
43.753328	0.000358551
43.7655496	0.000478069
43.7777712	0.000478069
43.7899928	0.00083662
43.8022144	0.000478069
43.814436	0.000478069
43.8266576	0.000358551
43.8388792	0.000956137
43.8511008	0.001075654
43.8633224	0.00083662
43.875544	0.001195172
43.8877656	0.00083662
43.8999872	0.000597586
43.9122088	0.000717103
43.9244304	0.000956137
43.936652	0.000956137
43.9488736	0.000358551
43.9610952	0.000597586
43.9733168	0.000597586
43.9855384	0.000717103
43.99776	0.000717103
44.0099816	0.000478069
44.0222032	0.000956137
44.0344248	0.000358551
44.0466464	0.000597586
44.058868	0.001075654
44.0710896	0.000119517
44.0833112	0.000956137
44.0955328	0.000358551
44.1077544	0.000239034
44.119976	0.000478069
44.1321976	0.000358551
44.1444192	0.000597586
44.1566408	0.000478069
44.1688624	0.000717103
44.181084	0.00167324
44.1933056	0.000478069
44.2055272	0.000478069
44.2177488	0.000597586
44.2299704	0.000597586
44.242192	0.000956137
44.2544136	0.000478069
44.2666352	0.000478069
44.2788568	0.001075654
44.2910784	0.000358551
44.3033	0.000717103
44.3155216	0.001195172
44.3277432	0.001075654
44.3399648	0.000717103
44.3521864	0.001075654
44.364408	0.000358551
44.3766296	0.000597586
44.3888512	0.000597586
44.4010728	0.000239034
44.4132944	0.001075654
44.425516	0.00083662
44.4377376	0.000478069
44.4499592	0.000597586
44.4621808	0.000478069
44.4744024	0.000717103
44.486624	0.000358551
44.4988456	0.000478069
44.5110672	0.001195172
44.5232888	0.001195172
44.5355104	0.000478069
44.547732	0.000597586
44.5599536	0.001075654
44.5721752	0.001195172
44.5843968	0.00083662
44.5966184	0.000597586
44.60884	0.00083662
44.6210616	0.00083662
44.6332832	0.000956137
44.6455048	0.000478069
44.6577264	0.000717103
44.669948	0.000597586
44.6821696	0.000478069
44.6943912	0.00083662
44.7066128	0.000239034
44.7188344	0.000239034
44.731056	0.00083662
44.7432776	0.00083662
44.7554992	0.000478069
44.7677208	0.00083662
44.7799424	0.001195172
44.792164	0.000956137
44.8043856	0.000717103
44.8166072	0.001075654
44.8288288	0.000478069
44.8410504	0.000358551
44.853272	0.000717103
44.8654936	0.00083662
44.8777152	0.001075654
44.8899368	0.000717103
44.9021584	0.000597586
44.91438	0.000717103
44.9266016	0.000239034
44.9388232	0.000717103
44.9510448	0.001075654
44.9632664	0.000478069
44.975488	0.000358551
44.9877096	0.00083662
44.9999312	0.000956137
45.0121528	0.000478069
45.0243744	0.000717103
45.036596	0.000597586
45.0488176	0.000239034
45.0610392	0.000597586
45.0732608	0.000597586
45.0854824	0.00083662
45.097704	0.00083662
45.1099256	0.000597586
45.1221472	0.00083662
45.1343688	0.000717103
45.1465904	0.000956137
45.158812	0.001314689
45.1710336	0.000956137
45.1832552	0.000717103
45.1954768	0.000478069
45.2076984	0.000956137
45.21992	0.000478069
45.2321416	0.000956137
45.2443632	0.00083662
45.2565848	0.000597586
45.2688064	0.000358551
45.281028	0.000239034
45.2932496	0.00083662
45.3054712	0.000478069
45.3176928	0.000956137
45.3299144	0.001195172
45.342136	0.000597586
45.3543576	0.000358551
45.3665792	0.000597586
45.3788008	0.001075654
45.3910224	0.000478069
45.403244	0.000597586
45.4154656	0.00083662
45.4276872	0.000358551
45.4399088	0.000358551
45.4521304	0.000717103
45.464352	0.000358551
45.4765736	0.000597586
45.4887952	0.000478069
45.5010168	0.000597586
45.5132384	0.00083662
45.52546	0.000717103
45.5376816	0.000956137
45.5499032	0.000478069
45.5621248	0.000597586
45.5743464	0.000478069
45.586568	0.000717103
45.5987896	0.000717103
45.6110112	0.000358551
45.6232328	0.001434206
45.6354544	0.00083662
45.647676	0.000717103
45.6598976	0.000717103
45.6721192	0.001075654
45.6843408	0.000717103
45.6965624	0.000597586
45.708784	0.000119517
45.7210056	0.000478069
45.7332272	0.001075654
45.7454488	0.000597586
45.7576704	0.00083662
45.769892	0.00083662
45.7821136	0.001195172
45.7943352	0.000478069
45.8065568	0.000597586
45.8187784	0.000717103
45.831	0.000717103
45.8432216	0.001075654
45.8554432	0.000358551
45.8676648	0.000597586
45.8798864	0.000717103
45.892108	0.000597586
45.9043296	0.000717103
45.9165512	0.000478069
45.9287728	0.00083662
45.9409944	0.000956137
45.953216	0.000358551
45.9654376	0.000119517
45.9776592	0.00083662
45.9898808	0.000119517
46.0021024	0.000478069
46.014324	0.000119517
46.0265456	0.000597586
46.0387672	0.000717103
46.0509888	0.00083662
46.0632104	0.000717103
46.075432	0.000239034
46.0876536	0.00083662
46.0998752	0.00083662
46.1120968	0.001195172
46.1243184	0.000239034
46.13654	0.000478069
46.1487616	0.000478069
46.1609832	0.000717103
46.1732048	0.000597586
46.1854264	0.000597586
46.197648	0.000597586
46.2098696	0.000239034
46.2220912	0.000597586
46.2343128	0.000597586
46.2465344	0.000956137
46.258756	0.000717103
46.2709776	0.001195172
46.2831992	0.000597586
46.2954208	0.000597586
46.3076424	0.000597586
46.319864	0.00083662
46.3320856	0.000597586
46.3443072	0.000239034
46.3565288	0.000597586
46.3687504	0.000597586
46.380972	0.000597586
46.3931936	0.000717103
46.4054152	0.000478069
46.4176368	0.00083662
46.4298584	0.00083662
46.44208	0.000597586
46.4543016	0.000239034
46.4665232	0.000478069
46.4787448	0.000956137
46.4909664	0.000956137
46.503188	0.000717103
46.5154096	0.00083662
46.5276312	0.001195172
46.5398528	0.000478069
46.5520744	0.000956137
46.564296	0.000478069
46.5765176	0.000597586
46.5887392	0.000478069
46.6009608	0.00083662
46.6131824	0.000717103
46.625404	0.000358551
46.6376256	0.000358551
46.6498472	0.000597586
46.6620688	0.000717103
46.6742904	0.000358551
46.686512	0.000478069
46.6987336	0.000956137
46.7109552	0.001434206
46.7231768	0.000597586
46.7353984	0.000597586
46.74762	0.000597586
46.7598416	0.000597586
46.7720632	0.000717103
46.7842848	0.000119517
46.7965064	0.000956137
46.808728	0.00083662
46.8209496	0.000956137
46.8331712	0.001314689
46.8453928	0.000717103
46.8576144	0.000239034
46.869836	0.000717103
46.8820576	0.000597586
46.8942792	0.000119517
46.9065008	0.000597586
46.9187224	0.00083662
46.930944	0.000478069
46.9431656	0.000358551
46.9553872	0.001195172
46.9676088	0.000956137
46.9798304	0.000478069
46.992052	0.001075654
47.0042736	0.000239034
47.0164952	0.000956137
47.0287168	0.00083662
47.0409384	0.000358551
47.05316	0.001314689
47.0653816	0.000956137
47.0776032	0.001075654
47.0898248	0.00083662
47.1020464	0.000597586
47.114268	0.000956137
47.1264896	0.000597586
47.1387112	0.000597586
47.1509328	0.000717103
47.1631544	0.001195172
47.175376	0.001314689
47.1875976	0.00083662
47.1998192	0.000478069
47.2120408	0.000956137
47.2242624	0.000597586
47.236484	0.001195172
47.2487056	0.000597586
47.2609272	0.001075654
47.2731488	0.000597586
47.2853704	0.000956137
47.297592	0.000956137
47.3098136	0.000239034
47.3220352	0.00083662
47.3342568	0.000717103
47.3464784	0.001434206
47.3587	0.001195172
47.3709216	0.000597586
47.3831432	0.000717103
47.3953648	0.00083662
47.4075864	0.000358551
47.419808	0.001075654
47.4320296	0.00083662
47.4442512	0.001195172
47.4564728	0.000717103
47.4686944	0.000717103
47.480916	0.001314689
47.4931376	0.000956137
47.5053592	0.000717103
47.5175808	0.000478069
47.5298024	0.001195172
47.542024	0.001553723
47.5542456	0.000717103
47.5664672	0.000956137
47.5786888	0.000478069
47.5909104	0.001912274
47.603132	0.000956137
47.6153536	0.00083662
47.6275752	0.001314689
47.6397968	0.001195172
47.6520184	0.001075654
47.66424	0.001075654
47.6764616	0.001434206
47.6886832	0.001195172
47.7009048	0.001434206
47.7131264	0.001553723
47.725348	0.002390343
47.7375696	0.002031792
47.7497912	0.002390343
47.7620128	0.001792757
47.7742344	0.00167324
47.786456	0.002031792
47.7986776	0.002868412
47.8108992	0.002151309
47.8231208	0.002031792
47.8353424	0.002390343
47.847564	0.002987929
47.8597856	0.002748894
47.8720072	0.003944066
47.8842288	0.005139237
47.8964504	0.002270826
47.908672	0.00167324
47.9208936	0.000478069
47.9331152	0.000119517
47.9453368	0.000119517
47.9575584	0
47.96978	0
47.9820016	0
47.9942232	0
48.0064448	0
48.0186664	0
48.030888	0
48.0431096	0.000119517
48.0553312	0.000119517
48.0675528	0
48.0797744	0
48.091996	0.000119517
48.1042176	0.000119517
48.1164392	0.000119517
48.1286608	0.000119517
48.1408824	0
48.153104	0
48.1653256	0
48.1775472	0
48.1897688	0
48.2019904	0
48.214212	0
48.2264336	0
48.2386552	0
48.2508768	0
48.2630984	0
48.27532	0
48.2875416	0
48.2997632	0
48.3119848	0
48.3242064	0.000358551
48.336428	0.000358551
48.3486496	0
48.3608712	0
48.3730928	0
48.3853144	0
48.397536	0
48.4097576	0
48.4219792	0
48.4342008	0
48.4464224	0
48.458644	0
48.4708656	0
48.4830872	0
48.4953088	0
48.5075304	0
48.519752	0
48.5319736	0
48.5441952	0.000119517
48.5564168	0.000119517
48.5686384	0
48.58086	0
48.5930816	0
48.6053032	0
48.6175248	0
48.6297464	0
48.641968	0
48.6541896	0
48.6664112	0
48.6786328	0.000358551
48.6908544	0.000358551
48.703076	0
48.7152976	0
48.7275192	0
48.7397408	0
48.7519624	0
48.764184	0
48.7764056	0
48.7886272	0
48.8008488	0
48.8130704	0
48.825292	0
48.8375136	0
48.8497352	0
48.8619568	0
48.8741784	0
48.8864	0
48.8986216	0
48.9108432	0.000239034
48.9230648	0.000239034
48.9352864	0
48.947508	0
48.9597296	0
48.9719512	0
48.9841728	0
48.9963944	0
49.008616	0
49.0208376	0.000119517
49.0330592	0.000119517
49.0452808	0.000119517
49.0575024	0.000119517
49.069724	0
49.0819456	0
49.0941672	0
49.1063888	0
49.1186104	0
49.130832	0
49.1430536	0
49.1552752	0
49.1674968	0
49.1797184	0
49.19194	0.000119517
49.2041616	0.000119517
49.2163832	0
49.2286048	0
49.2408264	0
49.253048	0
49.2652696	0
49.2774912	0
49.2897128	0
49.3019344	0
49.314156	0
49.3263776	0
49.3385992	0
49.3508208	0
49.3630424	0
49.375264	0.000119517
49.3874856	0.000119517
49.3997072	0
49.4119288	0
49.4241504	0
49.436372	0
49.4485936	0
49.4608152	0
49.4730368	0
49.4852584	0
49.49748	0.000239034
49.5097016	0.000239034
49.5219232	0
49.5341448	0
49.5463664	0
49.558588	0
49.5708096	0
49.5830312	0
49.5952528	0
49.6074744	0.000119517
49.619696	0.000119517
49.6319176	0
49.6441392	0
49.6563608	0
49.6685824	0
49.680804	0
49.6930256	0
49.7052472	0
49.7174688	0
49.7296904	0
49.741912	0
49.7541336	0.000119517
49.7663552	0.000119517
49.7785768	0
49.7907984	0.000119517
49.80302	0.000239034
49.8152416	0.000119517
49.8274632	0
49.8396848	0
49.8519064	0
49.864128	0
49.8763496	0
49.8885712	0
49.9007928	0.000119517
49.9130144	0.000239034
49.925236	0.000119517
49.9374576	0.000239034
49.9496792	0.000239034
49.9619008	0
49.9741224	0
49.986344	0
49.9985656	0
50.0107872	0
50.0230088	0.000119517
50.0352304	0.000119517
50.047452	0