#time	counts
0	0
0.0122216	0
0.0244432	0
0.0366648	0
0.0488864	0
0.061108	0
0.0733296	0
0.0855512	0
0.0977728	0
0.1099944	0
0.122216	0
0.1344376	0
0.1466592	0
0.1588808	0
0.1711024	0
0.183324	0
0.1955456	0
0.2077672	0
0.2199888	0
0.2322104	0
0.244432	0
0.2566536	0
0.2688752	0
0.2810968	0
0.2933184	0
0.30554	0
0.3177616	0
0.3299832	0
0.3422048	0
0.3544264	0
0.366648	0
0.3788696	0
0.3910912	0
0.4033128	0
0.4155344	0
0.427756	0
0.4399776	0
0.4521992	0.000115433
0.4644208	0
0.4766424	0
0.488864	0.000230867
0.5010856	0.000115433
0.5133072	0.000230867
0.5255288	0.000461734
0.5377504	0.000577167
0.549972	0.000230867
0.5621936	0.000461734
0.5744152	0.000577167
0.5866368	0.0003463
0.5988584	0.000461734
0.61108	0.0003463
0.6233016	0.001154335
0.6355232	0.000230867
0.6477448	0.0003463
0.6599664	0.000923468
0.672188	0.000115433
0.6844096	0.000461734
0.6966312	0.000692601
0.7088528	0.000577167
0.7210744	0.000577167
0.733296	0.000115433
0.7455176	0.000230867
0.7577392	0.000692601
0.7699608	0.000692601
0.7821824	0.000230867
0.794404	0.000461734
0.8066256	0.000461734
0.8188472	0.000115433
0.8310688	0
0.8432904	0.000461734
0.855512	0.000461734
0.8677336	0.000230867
0.8799552	0.000230867
0.8921768	0.000808034
0.9043984	0.000461734
0.91662	0.000692601
0.9288416	0.000577167
0.9410632	0.000577167
0.9532848	0
0.9655064	0.000461734
0.977728	0
0.9899496	0.000808034
1.0021712	0.000692601
1.0143928	0.000692601
1.0266144	0
1.038836	0.000461734
1.0510576	0.000461734
1.0632792	0.000692601
1.0755008	0.000577167
1.0877224	0.0003463
1.099944	0.000115433
1.1121656	0.000115433
1.1243872	0.000808034
1.1366088	0.000577167
1.1488304	0.000461734
1.161052	0.000461734
1.1732736	0.000115433
1.1854952	0.000692601
1.1977168	0.000808034
1.2099384	0.000461734
1.22216	0.000577167
1.2343816	0.000808034
1.2466032	0.0003463
1.2588248	0.0003463
1.2710464	0.001154335
1.283268	0.0003463
1.2954896	0.000461734
1.3077112	0.000808034
1.3199328	0.000692601
1.3321544	0.000692601
1.344376	0.0003463
1.3565976	0.000923468
1.3688192	0.000230867
1.3810408	0.000577167
1.3932624	0.000461734
1.405484	0.001154335
1.4177056	0.000577167
1.4299272	0.000230867
1.4421488	0.000577167
1.4543704	0.000461734
1.466592	0.000577167
1.4788136	0.000577167
1.4910352	0.000577167
1.5032568	0.001500635
1.5154784	0.000461734
1.5277	0.0003463
1.5399216	0.000577167
1.5521432	0.000461734
1.5643648	0.000692601
1.5765864	0.000692601
1.588808	0.000692601
1.6010296	0.000923468
1.6132512	0.000923468
1.6254728	0.000923468
1.6376944	0.000692601
1.649916	0.001269768
1.6621376	0.000230867
1.6743592	0.000808034
1.6865808	0.000808034
1.6988024	0.000230867
1.711024	0.000692601
1.7232456	0.000808034
1.7354672	0.0003463
1.7476888	0.000115433
1.7599104	0.001269768
1.772132	0.000577167
1.7843536	0.000692601
1.7965752	0.000808034
1.8087968	0.000923468
1.8210184	0.000577167
1.83324	0.000923468
1.8454616	0.000923468
1.8576832	0.001038901
1.8699048	0.001038901
1.8821264	0.000808034
1.894348	0.001500635
1.9065696	0.000808034
1.9187912	0.000808034
1.9310128	0.000577167
1.9432344	0.000577167
1.955456	0.000577167
1.9676776	0.0003463
1.9798992	0.001038901
1.9921208	0.000923468
2.0043424	0.000923468
2.016564	0.001038901
2.0287856	0.000923468
2.0410072	0.001038901
2.0532288	0.000692601
2.0654504	0.000923468
2.077672	0.000923468
2.0898936	0.0003463
2.1021152	0.000461734
2.1143368	0.000577167
2.1265584	0.0003463
2.13878	0.000923468
2.1510016	0.000808034
2.1632232	0.000923468
2.1754448	0.001269768
2.1876664	0.000230867
2.199888	0.000808034
2.2121096	0.000808034
2.2243312	0.000577167
2.2365528	0.000692601
2.2487744	0.000808034
2.260996	0.001269768
2.2732176	0.000692601
2.2854392	0.001038901
2.2976608	0.000577167
2.3098824	0.000577167
2.322104	0.000692601
2.3343256	0.000577167
2.3465472	0.000577167
2.3587688	0.000577167
2.3709904	0.0003463
2.383212	0.001269768
2.3954336	0.001154335
2.4076552	0.000808034
2.4198768	0.000577167
2.4320984	0.000577167
2.44432	0.000692601
2.4565416	0.000577167
2.4687632	0.0003463
2.4809848	0.000692601
2.4932064	0.001038901
2.505428	0.000808034
2.5176496	0.000923468
2.5298712	0.001038901
2.5420928	0.000923468
2.5543144	0.000230867
2.566536	0.000692601
2.5787576	0.000808034
2.5909792	0.001616068
2.6032008	0.000692601
2.6154224	0.001154335
2.627644	0.000692601
2.6398656	0.001038901
2.6520872	0.0003463
2.6643088	0.0003463
2.6765304	0.000692601
2.688752	0.000808034
2.7009736	0.000923468
2.7131952	0.000923468
2.7254168	0.001154335
2.7376384	0.000923468
2.74986	0.000923468
2.7620816	0.000923468
2.7743032	0.000808034
2.7865248	0.000808034
2.7987464	0.000692601
2.810968	0.001038901
2.8231896	0.000461734
2.8354112	0.000808034
2.8476328	0.000692601
2.8598544	0.001038901
2.872076	0.0003463
2.8842976	0.001154335
2.8965192	0.000577167
2.9087408	0.000692601
2.9209624	0.001269768
2.933184	0.000692601
2.9454056	0.000808034
2.9576272	0.0003463
2.9698488	0.000923468
2.9820704	0.000692601
2.994292	0.000923468
3.0065136	0.001385201
3.0187352	0.001154335
3.0309568	0.000923468
3.0431784	0.000577167
3.0554	0.0003463
3.0676216	0.000808034
3.0798432	0.000923468
3.0920648	0.001154335
3.1042864	0.000461734
3.116508	0.000692601
3.1287296	0.000692601
3.1409512	0.000692601
3.1531728	0.000461734
3.1653944	0.001269768
3.177616	0.000923468
3.1898376	0.000808034
3.2020592	0.000115433
3.2142808	0.001269768
3.2265024	0.000923468
3.238724	0.000923468
3.2509456	0.001038901
3.2631672	0.000461734
3.2753888	0.000461734
3.2876104	0.001500635
3.299832	0.000808034
3.3120536	0.001385201
3.3242752	0.000461734
3.3364968	0.0003463
3.3487184	0.000692601
3.36094	0.000692601
3.3731616	0.000692601
3.3853832	0.000923468
3.3976048	0.000461734
3.4098264	0.0003463
3.422048	0.000692601
3.4342696	0.000577167
3.4464912	0.001038901
3.4587128	0.000577167
3.4709344	0.000923468
3.483156	0.000808034
3.4953776	0.000577167
3.5075992	0.000808034
3.5198208	0.0003463
3.5320424	0.000808034
3.544264	0.000808034
3.5564856	0.000461734
3.5687072	0.000461734
3.5809288	0.000115433
3.5931504	0.0003463
3.605372	0.000577167
3.6175936	0.000808034
3.6298152	0.001616068
3.6420368	0.001038901
3.6542584	0.000577167
3.66648	0.000230867
3.6787016	0.0003463
3.6909232	0.000808034
3.7031448	0.000461734
3.7153664	0.000692601
3.727588	0.001038901
3.7398096	0.000923468
3.7520312	0.000808034
3.7642528	0.000808034
3.7764744	0.000808034
3.788696	0.000577167
3.8009176	0.000577167
3.8131392	0.001038901
3.8253608	0.001038901
3.8375824	0.000461734
3.849804	0.000577167
3.8620256	0.000577167
3.8742472	0.000808034
3.8864688	0.000461734
3.8986904	0.001385201
3.910912	0.001154335
3.9231336	0.000115433
3.9353552	0.000692601
3.9475768	0.000461734
3.9597984	0.000577167
3.97202	0.000808034
3.9842416	0.001038901
3.9964632	0.000577167
4.0086848	0.000692601
4.0209064	0.001154335
4.033128	0.000577167
4.0453496	0.000808034
4.0575712	0.000808034
4.0697928	0.000230867
4.0820144	0.000923468
4.094236	0.001154335
4.1064576	0.000577167
4.1186792	0.000808034
4.1309008	0.000808034
4.1431224	0.000808034
4.155344	0.000577167
4.1675656	0.000577167
4.1797872	0.000692601
4.1920088	0.001038901
4.2042304	0.0003463
4.216452	0.000577167
4.2286736	0.000808034
4.2408952	0.000692601
4.2531168	0.000461734
4.2653384	0.000692601
4.27756	0.000808034
4.2897816	0.000577167
4.3020032	0.0003463
4.3142248	0.000230867
4.3264464	0.000577167
4.338668	0.000461734
4.3508896	0.000692601
4.3631112	0.0003463
4.3753328	0.000692601
4.3875544	0.000461734
4.399776	0.000577167
4.4119976	0.000692601
4.4242192	0.0003463
4.4364408	0.001154335
4.4486624	0.0003463
4.460884	0.000923468
4.4731056	0.000692601
4.4853272	0.000577167
4.4975488	0.000692601
4.5097704	0.000461734
4.521992	0.000230867
4.5342136	0.000808034
4.5464352	0.000461734
4.5586568	0.000577167
4.5708784	0.000923468
4.5831	0.001500635
4.5953216	0.000923468
4.6075432	0.001038901
4.6197648	0.001154335
4.6319864	0.000692601
4.644208	0.000692601
4.6564296	0.000692601
4.6686512	0.000808034
4.6808728	0.000923468
4.6930944	0.000461734
4.705316	0.001038901
4.7175376	0.000923468
4.7297592	0.000692601
4.7419808	0.000461734
4.7542024	0.000692601
4.766424	0.000461734
4.7786456	0.000461734
4.7908672	0.000230867
4.8030888	0.000461734
4.8153104	0.000692601
4.827532	0.000461734
4.8397536	0.000461734
4.8519752	0.001038901
4.8641968	0.000692601
4.8764184	0.000577167
4.88864	0.000577167
4.9008616	0.000577167
4.9130832	0.000923468
4.9253048	0.000577167
4.9375264	0.0003463
4.949748	0.001038901
4.9619696	0.000577167
4.9741912	0.001269768
4.9864128	0.000923468
4.9986344	0.000577167
5.010856	0.001154335
5.0230776	0.001038901
5.0352992	0.000461734
5.0475208	0.000692601
5.0597424	0.000808034
5.071964	0.000808034
5.0841856	0.001038901
5.0964072	0.000808034
5.1086288	0.000577167
5.1208504	0.001038901
5.133072	0.000923468
5.1452936	0.0003463
5.1575152	0.000808034
5.1697368	0.000923468
5.1819584	0.0003463
5.19418	0.000461734
5.2064016	0.000808034
5.2186232	0.000461734
5.2308448	0.0003463
5.2430664	0.000808034
5.255288	0.000577167
5.2675096	0.000923468
5.2797312	0.000923468
5.2919528	0.001154335
5.3041744	0.000692601
5.316396	0.000692601
5.3286176	0.000808034
5.3408392	0.000461734
5.3530608	0.000923468
5.3652824	0.001269768
5.377504	0.000577167
5.3897256	0.000692601
5.4019472	0.000808034
5.4141688	0.000692601
5.4263904	0.0003463
5.438612	0.000461734
5.4508336	0.000808034
5.4630552	0.000461734
5.4752768	0.0003463
5.4874984	0.000923468
5.49972	0.000692601
5.5119416	0.000692601
5.5241632	0.000923468
5.5363848	0.000808034
5.5486064	0.001038901
5.560828	0.000692601
5.5730496	0.001038901
5.5852712	0.000808034
5.5974928	0.000461734
5.6097144	0.000577167
5.621936	0.000577167
5.6341576	0.001616068
5.6463792	0.000461734
5.6586008	0.001154335
5.6708224	0.000808034
5.683044	0.001038901
5.6952656	0.000692601
5.7074872	0.000577167
5.7197088	0.000808034
5.7319304	0.000692601
5.744152	0.001038901
5.7563736	0.000692601
5.7685952	0.001038901
5.7808168	0.000692601
5.7930384	0.000692601
5.80526	0.001385201
5.8174816	0.000692601
5.8297032	0.000692601
5.8419248	0.000577167
5.8541464	0.000461734
5.866368	0.000115433
5.8785896	0.001154335
5.8908112	0.000923468
5.9030328	0.000461734
5.9152544	0.001038901
5.927476	0.000692601
5.9396976	0.000577167
5.9519192	0.000577167
5.9641408	0.001269768
5.9763624	0.000692601
5.988584	0.000808034
6.0008056	0.000577167
6.0130272	0.001038901
6.0252488	0.000577167
6.0374704	0.000461734
6.049692	0.001154335
6.0619136	0.000577167
6.0741352	0.000577167
6.0863568	0.001154335
6.0985784	0.001038901
6.1108	0.000808034
6.1230216	0.000692601
6.1352432	0.000115433
6.1474648	0.001038901
6.1596864	0.001038901
6.171908	0.000808034
6.1841296	0.000808034
6.1963512	0.000923468
6.2085728	0.001154335
6.2207944	0.000577167
6.233016	0.000808034
6.2452376	0.000577167
6.2574592	0.001385201
6.2696808	0.001500635
6.2819024	0.000461734
6.294124	0.001038901
6.3063456	0.001269768
6.3185672	0.000923468
6.3307888	0.000577167
6.3430104	0.000923468
6.355232	0.000577167
6.3674536	0.0003463
6.3796752	0.000923468
6.3918968	0.000577167
6.4041184	0.000808034
6.41634	0.000577167
6.4285616	0.000577167
6.4407832	0.000577167
6.4530048	0.000808034
6.4652264	0.001038901
6.477448	0.000577167
6.4896696	0.001385201
6.5018912	0.000808034
6.5141128	0.001269768
6.5263344	0.000577167
6.538556	0.001154335
6.5507776	0.000923468
6.5629992	0.001038901
6.5752208	0.001154335
6.5874424	0.000461734
6.599664	0.000461734
6.6118856	0.000692601
6.6241072	0.000461734
6.6363288	0.001038901
6.6485504	0.000461734
6.660772	0.000692601
6.6729936	0.000692601
6.6852152	0.000808034
6.6974368	0.000808034
6.7096584	0.000461734
6.72188	0.000923468
6.7341016	0.000577167
6.7463232	0.001038901
6.7585448	0.000692601
6.7707664	0.000461734
6.782988	0.000923468
6.7952096	0.000692601
6.8074312	0.001038901
6.8196528	0.000808034
6.8318744	0.000692601
6.844096	0.000692601
6.8563176	0.001269768
6.8685392	0.000923468
6.8807608	0.000461734
6.8929824	0.000230867
6.905204	0.000692601
6.9174256	0.000461734
6.9296472	0.000923468
6.9418688	0.001154335
6.9540904	0.000461734
6.966312	0.000692601
6.9785336	0.000577167
6.9907552	0.001500635
7.0029768	0.000808034
7.0151984	0.000461734
7.02742	0.0003463
7.0396416	0.000577167
7.0518632	0.000577167
7.0640848	0.000808034
7.0763064	0.000692601
7.088528	0.000692601
7.1007496	0.000808034
7.1129712	0.000577167
7.1251928	0.000692601
7.1374144	0.000808034
7.149636	0.000692601
7.1618576	0.000808034
7.1740792	0.000230867
7.1863008	0.000692601
7.1985224	0.000577167
7.210744	0.000808034
7.2229656	0.000461734
7.2351872	0.000808034
7.2474088	0.001038901
7.2596304	0.0003463
7.271852	0.001500635
7.2840736	0.001038901
7.2962952	0.000808034
7.3085168	0.000923468
7.3207384	0.000692601
7.33296	0.000808034
7.3451816	0.001038901
7.3574032	0.000808034
7.3696248	0.000230867
7.3818464	0.001038901
7.394068	0.000692601
7.4062896	0.0003463
7.4185112	0.000923468
7.4307328	0.001154335
7.4429544	0.001038901
7.455176	0.001269768
7.4673976	0.000808034
7.4796192	0.001038901
7.4918408	0.001038901
7.5040624	0.000577167
7.516284	0.000923468
7.5285056	0.001038901
7.5407272	0.000692601
7.5529488	0.000461734
7.5651704	0.000808034
7.577392	0.000923468
7.5896136	0.000808034
7.6018352	0.001038901
7.6140568	0.000692601
7.6262784	0.000577167
7.6385	0.000230867
7.6507216	0.000808034
7.6629432	0.000115433
7.6751648	0.000692601
7.6873864	0.0003463
7.699608	0.000808034
7.7118296	0.001154335
7.7240512	0.000923468
7.7362728	0.000577167
7.7484944	0.000577167
7.760716	0.000692601
7.7729376	0.000808034
7.7851592	0.000577167
7.7973808	0.000808034
7.8096024	0.000577167
7.821824	0.000230867
7.8340456	0.001154335
7.8462672	0.000230867
7.8584888	0.000808034
7.8707104	0.000577167
7.882932	0.001038901
7.8951536	0.000692601
7.9073752	0.001154335
7.9195968	0.000461734
7.9318184	0.000692601
7.94404	0.000692601
7.9562616	0.001500635
7.9684832	0.000923468
7.9807048	0.000808034
7.9929264	0.000808034
8.005148	0.000461734
8.0173696	0.000577167
8.0295912	0.000923468
8.0418128	0.000461734
8.0540344	0.000808034
8.066256	0.000230867
8.0784776	0.001385201
8.0906992	0.000923468
8.1029208	0.001038901
8.1151424	0.000692601
8.127364	0.001038901
8.1395856	0.000808034
8.1518072	0.000230867
8.1640288	0.000923468
8.1762504	0.000808034
8.188472	0.001038901
8.2006936	0.000461734
8.2129152	0.000461734
8.2251368	0.000923468
8.2373584	0.000461734
8.24958	0.000692601
8.2618016	0.000923468
8.2740232	0.000692601
8.2862448	0.000808034
8.2984664	0.000461734
8.310688	0.000577167
8.3229096	0.001038901
8.3351312	0.001038901
8.3473528	0.000461734
8.3595744	0.001154335
8.371796	0.0003463
8.3840176	0.000808034
8.3962392	0.000461734
8.4084608	0.0003463
8.4206824	0.000461734
8.432904	0.000923468
8.4451256	0.000808034
8.4573472	0.001038901
8.4695688	0.000461734
8.4817904	0.001154335
8.494012	0.000692601
8.5062336	0.000692601
8.5184552	0.000461734
8.5306768	0.000577167
8.5428984	0.000923468
8.55512	0.000808034
8.5673416	0.0003463
8.5795632	0.000692601
8.5917848	0.001038901
8.6040064	0.000461734
8.616228	0.000461734
8.6284496	0.000577167
8.6406712	0.000923468
8.6528928	0.000692601
8.6651144	0.000923468
8.677336	0.000230867
8.6895576	0.000461734
8.7017792	0.001038901
8.7140008	0.000230867
8.7262224	0.000692601
8.738444	0.000230867
8.7506656	0.000808034
8.7628872	0.001038901
8.7751088	0.000808034
8.7873304	0.0003463
8.799552	0.000577167
8.8117736	0.000577167
8.8239952	0.001154335
8.8362168	0.000923468
8.8484384	0.000577167
8.86066	0.001500635
8.8728816	0.000461734
8.8851032	0.001269768
8.8973248	0.000577167
8.9095464	0.000461734
8.921768	0.000808034
8.9339896	0.000577167
8.9462112	0.000577167
8.9584328	0.000692601
8.9706544	0.000923468
8.982876	0.000923468
8.9950976	0.000923468
9.0073192	0.000577167
9.0195408	0.001154335
9.0317624	0.000577167
9.043984	0.000461734
9.0562056	0.001154335
9.0684272	0.002424103
9.0806488	0.008311209
9.0928704	0.023548424
9.105092	0.05113702
9.1173136	0.109892647
9.1295352	0.189541729
9.1417568	0.292508369
9.1539784	0.412328293
9.1662	0.537458155
9.1784216	0.649082304
9.1906432	0.756204548
9.2028648	0.81980838
9.2150864	0.885374582
9.227308	0.904190234
9.2395296	0.916657047
9.2517512	0.953249452
9.2639728	0.974489207
9.2761944	0.9675632
9.288416	0.980030013
9.3006376	0.985455385
9.3128592	0.989495556
9.3250808	0.995151795
9.3373024	0.983031282
9.349524	0.993766594
9.3617456	0.976567009
9.3739672	1
9.3861888	0.991457925
9.3984104	0.987994921
9.410632	0.968486667
9.4228536	0.973450306
9.4350752	0.981761514
9.4472968	0.960406326
9.4595184	0.960752626
9.47174	0.977721344
9.4839616	0.967101466
9.4961832	0.976451576
9.5084048	0.980722613
9.5206264	0.954288353
9.532848	0.963753896
9.5450696	0.967216899
9.5572912	0.978875678
9.5695128	0.977028743
9.5817344	0.968948401
9.593956	0.97760591
9.6061776	0.965600831
9.6183992	0.959136558
9.6306208	0.960290892
9.6428424	0.94817038
9.655064	0.945630844
9.6672856	0.954288353
9.6795072	0.948054946
9.6917288	0.95186425
9.7039504	0.936627035
9.716172	0.936511601
9.7283936	0.943553042
9.7406152	0.936511601
9.7528368	0.931086229
9.7650584	0.918619416
9.77728	0.923813921
9.7895016	0.89634076
9.8017232	0.89668706
9.8139448	0.89668706
9.8261664	0.889414752
9.838388	0.900842664
9.8506096	0.90938474
9.8628312	0.903959367
9.8750528	0.895763592
9.8872744	0.887914118
9.899496	0.892416022
9.9117176	0.885143715
9.9239392	0.865750895
9.9361608	0.857670553
9.9483824	0.865635461
9.960604	0.854092116
9.9728256	0.862749625
9.9850472	0.849936512
9.9972688	0.838393166
10.0094904	0.829966524
10.021712	0.838624033
10.0339336	0.836546231
10.0461552	0.822001616
10.0583768	0.837700566
10.0705984	0.817730578
10.08282	0.810804571
10.0950416	0.820847282
10.1072632	0.800877294
10.1194848	0.825118319
10.1317064	0.806995267
10.143928	0.799492093
10.1561496	0.786448113
10.1683712	0.788872215
10.1805928	0.782292508
10.1928144	0.778252338
10.205036	0.788410481
10.2172576	0.760475586
10.2294792	0.775481935
10.2417008	0.787487014
10.2539224	0.759090384
10.266144	0.762668821
10.2783656	0.772711532
10.2905872	0.747547039
10.3028088	0.757705183
10.3150304	0.76128362
10.327252	0.766247258
10.3394736	0.74823964
10.3516952	0.742929701
10.3639168	0.73588826
10.3761384	0.72249798
10.38836	0.7418908
10.4005816	0.730578322
10.4128032	0.735080226
10.4250248	0.719612144
10.4372464	0.724575782
10.449468	0.72619185
10.4616896	0.710839201
10.4739112	0.692138982
10.4861328	0.703336027
10.4983544	0.70045019
10.510576	0.693639617
10.5227976	0.699526723
10.5350192	0.686829043
10.5472408	0.671707261
10.5594624	0.695717419
10.571684	0.688791412
10.5839056	0.670899227
10.5961272	0.674131363
10.6083488	0.674708531
10.6205704	0.669052291
10.632792	0.65162184
10.6450136	0.664204086
10.6572352	0.65531571
10.6694568	0.652891608
10.6816784	0.670206626
10.6939	0.656816345
10.7061216	0.655777444
10.7183432	0.650929239
10.7305648	0.637654392
10.7427864	0.634422256
10.755008	0.640424795
10.7672296	0.622994344
10.7794512	0.616645504
10.7916728	0.61653007
10.8038944	0.623571511
10.816116	0.614567702
10.8283376	0.610989265
10.8405592	0.610989265
10.8527808	0.604409558
10.8650024	0.606256493
10.877224	0.595059448
10.8894456	0.60683366
10.9016672	0.596560083
10.9138888	0.601408288
10.9261104	0.601292855
10.938332	0.589403209
10.9505536	0.605217592
10.9627752	0.590211243
10.9749968	0.567470853
10.9872184	0.592058178
10.99944	0.586632806
11.0116616	0.565046751
11.0238832	0.579937666
11.0361048	0.581092
11.0483264	0.572665358
11.060548	0.565393051
11.0727696	0.554196006
11.0849912	0.568163454
11.0972128	0.569548655
11.1094344	0.55800531
11.121656	0.553387972
11.1338776	0.553734272
11.1460992	0.552118204
11.1583208	0.541036592
11.1705424	0.555465774
11.182764	0.532148217
11.1949856	0.531571049
11.2072072	0.526607411
11.2194288	0.525337643
11.2316504	0.527415445
11.243872	0.517949902
11.2560936	0.524298742
11.2683152	0.529377814
11.2805368	0.511370195
11.2927584	0.524645042
11.30498	0.507214591
11.3172016	0.521182039
11.3294232	0.49982685
11.3416448	0.500634884
11.3538664	0.497633614
11.366088	0.509292393
11.3783096	0.491400208
11.3905312	0.499595983
11.4027528	0.48078033
11.4149744	0.489091539
11.427196	0.500057717
11.4394176	0.484474201
11.4516392	0.490245873
11.4638608	0.483088999
11.4760824	0.479972296
11.488304	0.487360037
11.5005256	0.468313517
11.5127472	0.473161722
11.5249688	0.476047559
11.5371904	0.478471661
11.549412	0.462888145
11.5616336	0.47373889
11.5738552	0.46173381
11.5860768	0.466235715
11.5982984	0.470391319
11.61052	0.467043749
11.6227416	0.447650929
11.6349632	0.441879257
11.6471848	0.453653469
11.6594064	0.449266998
11.671628	0.459425141
11.6838496	0.443957059
11.6960712	0.444649659
11.7082928	0.442571857
11.7205144	0.450421332
11.732736	0.432182847
11.7449576	0.444303359
11.7571792	0.440955789
11.7694008	0.425256839
11.7816224	0.434029782
11.793844	0.43264458
11.8060656	0.421909269
11.8182872	0.430797645
11.8305088	0.418215399
11.8427304	0.414406095
11.854952	0.423987071
11.8671736	0.426411174
11.8793952	0.413136327
11.8916168	0.414867829
11.9038384	0.41590673
11.91606	0.397783678
11.9282816	0.407710955
11.9405032	0.397552811
11.9527248	0.408634422
11.9649464	0.402978183
11.977168	0.403093617
11.9893896	0.411289392
12.0016112	0.402747316
12.0138328	0.406094886
12.0260544	0.395128708
12.038276	0.402170149
12.0504976	0.391896572
12.0627192	0.387625534
12.0749408	0.392704606
12.0871624	0.38081496
12.099384	0.390626804
12.1116056	0.385201431
12.1238272	0.374004386
12.1360488	0.386009466
12.1482704	0.374350687
12.160492	0.373427219
12.1727136	0.363153642
12.1849352	0.375505021
12.1971568	0.367655547
12.2093784	0.363153642
12.2216	0.363384509
12.2338216	0.368463581
12.2460432	0.367309246
12.2582648	0.362230174
12.2704864	0.35207203
12.282708	0.356804802
12.2949296	0.362807342
12.3071512	0.356227635
12.3193728	0.336950248
12.3315944	0.356112201
12.343816	0.351033129
12.3560376	0.354265266
12.3682592	0.348839894
12.3804808	0.350455962
12.3927024	0.348955327
12.404924	0.336834815
12.4171456	0.336257647
12.4293672	0.340990419
12.4415888	0.343876255
12.4538104	0.329677941
12.466032	0.338566317
12.4782536	0.34168302
12.4904752	0.331294009
12.5026968	0.330485975
12.5149184	0.326214937
12.52714	0.322751934
12.5393616	0.320212398
12.5515832	0.322059333
12.5638048	0.318019162
12.5760264	0.328292739
12.588248	0.327831005
12.6004696	0.314556158
12.6126912	0.326792104
12.6249128	0.307399284
12.6371344	0.317788295
12.649356	0.321135865
12.6615776	0.31628766
12.6737992	0.306706684
12.6860208	0.31294009
12.6982424	0.307514718
12.710464	0.313632691
12.7226856	0.317441995
12.7349072	0.294932471
12.7471288	0.306937551
12.7593504	0.298741775
12.771572	0.296433106
12.7837936	0.304859748
12.7960152	0.298280042
12.8082368	0.287891031
12.8204584	0.295740506
12.83268	0.300935011
12.8449016	0.29989611
12.8571232	0.288468198
12.8693448	0.278079187
12.8815664	0.291815768
12.893788	0.281426757
12.9060096	0.274847051
12.9182312	0.279348955
12.9304528	0.286505829
12.9426744	0.27784832
12.954896	0.288814498
12.9671176	0.274385317
12.9793392	0.282927392
12.9915608	0.269306245
13.0037824	0.265381508
13.016004	0.275770518
13.0282256	0.274962484
13.0404472	0.279579822
13.0526688	0.262957405
13.0648904	0.269652545
13.077112	0.268844511
13.0893336	0.274269883
13.1015552	0.268036477
13.1137768	0.266074108
13.1259984	0.263188272
13.13822	0.270460579
13.1504416	0.262033937
13.1626632	0.268036477
13.1748848	0.262957405
13.1871064	0.261341337
13.199328	0.263650006
13.2115496	0.259032668
13.2237712	0.266074108
13.2359928	0.2581092
13.2482144	0.254184463
13.260436	0.2577629
13.2726576	0.244949786
13.2848792	0.242179384
13.2971008	0.249913425
13.3093224	0.256146831
13.321544	0.243218285
13.3337656	0.25176036
13.3459872	0.233868175
13.3582088	0.236869445
13.3704304	0.243910885
13.382652	0.232252107
13.3948736	0.234099042
13.4070952	0.232944707
13.4193168	0.231328639
13.4315384	0.236292278
13.44376	0.224056332
13.4559816	0.232944707
13.4682032	0.224748932
13.4804248	0.234445342
13.4926464	0.229250837
13.504868	0.231559506
13.5170896	0.230866905
13.5293112	0.230405171
13.5415328	0.228904537
13.5537544	0.231790373
13.565976	0.227057601
13.5781976	0.217476625
13.5904192	0.227519335
13.6026408	0.221170495
13.6148624	0.224056332
13.627084	0.21897726
13.6393056	0.217822925
13.6515272	0.222093963
13.6637488	0.209165416
13.6759704	0.224056332
13.688192	0.208819116
13.7004136	0.204548078
13.7126352	0.218400092
13.7248568	0.217014891
13.7370784	0.207664781
13.7493	0.216437724
13.7615216	0.203162877
13.7737432	0.210435184
13.7859648	0.203740044
13.7981864	0.210550618
13.810408	0.212512986
13.8226296	0.203740044
13.8348512	0.211243218
13.8470728	0.205702413
13.8592944	0.199815306
13.871516	0.205356112
13.8837376	0.197852938
13.8959592	0.198776405
13.9081808	0.201777675
13.9204024	0.198660972
13.932624	0.202470276
13.9448456	0.196236869
13.9570672	0.194389934
13.9692888	0.202239409
13.9815104	0.191734965
13.993732	0.189772596
14.0059536	0.194620801
14.0181752	0.1939282
14.0303968	0.195428835
14.0426184	0.198083805
14.05484	0.188387395
14.0670616	0.191850398
14.0792832	0.188502828
14.0915048	0.184693524
14.1037264	0.185616992
14.115948	0.191850398
14.1281696	0.185732425
14.1403912	0.186194159
14.1526128	0.188733695
14.1648344	0.178460118
14.177056	0.176613183
14.1892776	0.186194159
14.2014992	0.182269422
14.2137208	0.178575551
14.2259424	0.183770057
14.238164	0.173958213
14.2503856	0.172457578
14.2626072	0.171764977
14.2748288	0.175920582
14.2870504	0.181345954
14.299272	0.185270691
14.3114936	0.177998384
14.3237152	0.176382316
14.3359368	0.17118781
14.3481584	0.165416138
14.36038	0.171072377
14.3726016	0.165185271
14.3848232	0.158028397
14.3970448	0.176382316
14.4092664	0.163222902
14.421488	0.157451229
14.4337096	0.164261803
14.4459312	0.149717188
14.4581528	0.162645735
14.4703744	0.157912963
14.482596	0.169802609
14.4948176	0.152833891
14.5070392	0.165185271
14.5192608	0.161375967
14.5314824	0.162992035
14.543704	0.164723537
14.5559256	0.166685906
14.5681472	0.154103659
14.5803688	0.160914233
14.5925904	0.158374697
14.604812	0.156066028
14.6170336	0.14810112
14.6292552	0.159644465
14.6414768	0.151217823
14.6536984	0.152372157
14.66592	0.149948055
14.6781416	0.153295625
14.6903632	0.150178922
14.7025848	0.155027127
14.7148064	0.150986956
14.727028	0.144868983
14.7392496	0.147639386
14.7514712	0.145330717
14.7636928	0.142675747
14.7759144	0.150294355
14.788136	0.142560314
14.8003576	0.148216553
14.8125792	0.142329447
14.8248008	0.141175113
14.8370224	0.147754819
14.849244	0.143137481
14.8614656	0.146023318
14.8736872	0.13875101
14.8859088	0.140136211
14.8981304	0.136557774
14.910352	0.138173843
14.9225736	0.139328177
14.9347952	0.134710839
14.9470168	0.138520143
14.9592384	0.144291816
14.97146	0.135865174
14.9836816	0.13505714
14.9959032	0.134133672
15.0081248	0.127438532
15.0203464	0.134018238
15.032568	0.137019508
15.0447896	0.133787372
15.0570112	0.138173843
15.0692328	0.13205587
15.0814544	0.129747201
15.093676	0.133556505
15.1058976	0.1290546
15.1181192	0.137481242
15.1303408	0.129631767
15.1425624	0.122821194
15.154784	0.127784832
15.1670056	0.130208935
15.1792272	0.1294009
15.1914488	0.129631767
15.2036704	0.125937897
15.215892	0.12536073
15.2281136	0.129285467
15.2403352	0.119589057
15.2525568	0.119473623
15.2647784	0.117742122
15.277	0.11901189
15.2892216	0.126745931
15.3014432	0.128015699
15.3136648	0.122244026
15.3258864	0.118434722
15.338108	0.119819924
15.3503296	0.114740852
15.3625512	0.114740852
15.3747728	0.119473623
15.3869944	0.113817384
15.399216	0.120627958
15.4114376	0.117280388
15.4236592	0.117164954
15.4358808	0.114625418
15.4481024	0.116126053
15.460324	0.115318019
15.4725456	0.11335565
15.4847672	0.113932818
15.4969888	0.109777213
15.5092104	0.114509985
15.521432	0.115779753
15.5336536	0.110354381
15.5458752	0.105506176
15.5580968	0.108622879
15.5703184	0.111855016
15.58254	0.107814845
15.5947616	0.117511255
15.6069832	0.109200046
15.6192048	0.10365924
15.6314264	0.112432183
15.643648	0.106891377
15.6558696	0.108276579
15.6680912	0.109430913
15.6803128	0.101466005
15.6925344	0.105621609
15.704756	0.111739582
15.7169776	0.108969179
15.7291992	0.100773404
15.7414208	0.096040633
15.7536424	0.104467275
15.765864	0.098926469
15.7780856	0.10365924
15.7903072	0.101696872
15.8025288	0.10365924
15.8147504	0.093501097
15.826972	0.101466005
15.8391936	0.103428374
15.8514152	0.101696872
15.8636368	0.094193697
15.8758584	0.10296664
15.88808	0.101235138
15.9003016	0.095578899
15.9125232	0.102504906
15.9247448	0.095348032
15.9369664	0.100196237
15.949188	0.09396283
15.9614096	0.094655431
15.9736312	0.098464735
15.9858528	0.097079534
15.9980744	0.096386933
16.010296	0.092000462
16.0225176	0.098233868
16.0347392	0.087498557
16.0469608	0.094078264
16.0591824	0.089691793
16.071404	0.095001732
16.0836256	0.093154796
16.0958472	0.093847397
16.1080688	0.094078264
16.1202904	0.09361653
16.132512	0.089230059
16.1447336	0.095809766
16.1569552	0.086459656
16.1691768	0.089230059
16.1813984	0.088422025
16.19362	0.088999192
16.2058416	0.086228789
16.2180632	0.090038093
16.2302848	0.085767055
16.2425064	0.090961561
16.254728	0.084612721
16.2669496	0.08726769
16.2791712	0.085767055
16.2913928	0.081957751
16.3036144	0.09026896
16.315836	0.080457116
16.3280576	0.082073185
16.3402792	0.088422025
16.3525008	0.08426642
16.3647224	0.079995383
16.376944	0.084035554
16.3891656	0.079187348
16.4013872	0.083342953
16.4136088	0.081034284
16.4258304	0.077802147
16.438052	0.085882489
16.4502736	0.085882489
16.4624952	0.07757128
16.4747168	0.084959021
16.4869384	0.080457116
16.49916	0.082534919
16.5113816	0.081726884
16.5236032	0.07422371
16.5358248	0.078033014
16.5480464	0.081034284
16.560268	0.078263881
16.5724896	0.078610181
16.5847112	0.076416946
16.5969328	0.079418215
16.6091544	0.074685444
16.621376	0.076878679
16.6335976	0.081842318
16.6458192	0.07422371
16.6580408	0.076878679
16.6702624	0.072492208
16.682484	0.076186079
16.6947056	0.081496018
16.7069272	0.073646543
16.7191488	0.076994113
16.7313704	0.070068106
16.743592	0.076647813
16.7558136	0.06752857
16.7680352	0.075955212
16.7802568	0.072723075
16.7924784	0.073646543
16.8047	0.073761976
16.8169216	0.070991573
16.8291432	0.071453307
16.8413648	0.071799608
16.8535864	0.071915041
16.865808	0.070645273
16.8780296	0.074685444
16.8902512	0.067066836
16.9024728	0.069837239
16.9146944	0.062564931
16.926916	0.072261341
16.9391376	0.066489669
16.9513592	0.070991573
16.9635808	0.071799608
16.9758024	0.072607642
16.988024	0.066258802
17.0002456	0.066720536
17.0124672	0.065104467
17.0246888	0.069606372
17.0369104	0.067644003
17.049132	0.068798338
17.0613536	0.066605102
17.0735752	0.065104467
17.0857968	0.067759437
17.0980184	0.064296433
17.11024	0.062103198
17.1224616	0.068105737
17.1346832	0.069375505
17.1469048	0.066258802
17.1591264	0.059448228
17.171348	0.061872331
17.1835696	0.067066836
17.1957912	0.063719266
17.2080128	0.067066836
17.2202344	0.063142099
17.232456	0.062911232
17.2446776	0.061641464
17.2568992	0.059101928
17.2691208	0.05783216
17.2813424	0.063719266
17.293564	0.05483089
17.3057856	0.063603832
17.3180072	0.063257532
17.3302288	0.062103198
17.3424504	0.057716726
17.354672	0.06152603
17.3668936	0.06117973
17.3791152	0.060487129
17.3913368	0.06083343
17.4035584	0.06152603
17.41578	0.05517719
17.4280016	0.056677825
17.4402232	0.057139559
17.4524448	0.056331525
17.4646664	0.057024126
17.476888	0.059332795
17.4891096	0.05783216
17.5013312	0.05517719
17.5135528	0.055523491
17.5257744	0.054253723
17.537996	0.052983955
17.5502176	0.059679095
17.5624392	0.057254992
17.5746608	0.05783216
17.5868824	0.054253723
17.599104	0.054715457
17.6113256	0.060371696
17.6235472	0.056446958
17.6357688	0.05483089
17.6479904	0.056793259
17.660212	0.060256262
17.6724336	0.056100658
17.6846552	0.052868521
17.6968768	0.055638924
17.7090984	0.050559852
17.72132	0.050559852
17.7335416	0.053791989
17.7457632	0.055292624
17.7579848	0.053907422
17.7702064	0.053330255
17.782428	0.050790719
17.7946496	0.050559852
17.8068712	0.052175921
17.8190928	0.049174651
17.8313144	0.047443149
17.843536	0.058640194
17.8557576	0.051598753
17.8679792	0.047443149
17.8802008	0.052291354
17.8924224	0.048712917
17.904644	0.045596214
17.9168656	0.051945054
17.9290872	0.052868521
17.9413088	0.050906153
17.9535304	0.049174651
17.965752	0.050213552
17.9779736	0.045019047
17.9901952	0.048020316
18.0024168	0.044672746
18.0146384	0.046173381
18.02686	0.047674016
18.0390816	0.046750548
18.0513032	0.044441879
18.0635248	0.044903613
18.0757464	0.046288814
18.087968	0.04548078
18.1001896	0.050098118
18.1124112	0.046865982
18.1246328	0.047327716
18.1368544	0.05113702
18.149076	0.043172111
18.1612976	0.045249913
18.1735192	0.04848205
18.1857408	0.047443149
18.1979624	0.046404248
18.210184	0.049982685
18.2224056	0.045942514
18.2346272	0.043633845
18.2468488	0.045365347
18.2590704	0.046288814
18.271292	0.044441879
18.2835136	0.043633845
18.2957352	0.042479511
18.3079568	0.044211012
18.3201784	0.041094309
18.3324	0.043864712
18.3446216	0.041209743
18.3568432	0.045365347
18.3690648	0.042017777
18.3812864	0.041440609
18.393508	0.042248644
18.4057296	0.037515872
18.4179512	0.043172111
18.4301728	0.040978876
18.4423944	0.040517142
18.454616	0.042248644
18.4668376	0.042364077
18.4790592	0.03878564
18.4912808	0.043749279
18.5035024	0.042825811
18.515724	0.042941244
18.5279456	0.040748009
18.5401672	0.03509177
18.5523888	0.038093039
18.5646104	0.042017777
18.576832	0.037631306
18.5890536	0.043518412
18.6012752	0.037862172
18.6134968	0.039824541
18.6257184	0.045019047
18.63794	0.040286275
18.6501616	0.039709108
18.6623832	0.038554773
18.6746048	0.038208473
18.6868264	0.038323906
18.699048	0.039478241
18.7112696	0.038901074
18.7234912	0.039939975
18.7357128	0.031397899
18.7479344	0.036707838
18.760156	0.036823271
18.7723776	0.03843934
18.7845992	0.037285005
18.7968208	0.035668937
18.8090424	0.040286275
18.821264	0.039824541
18.8334856	0.037400439
18.8457072	0.035553503
18.8579288	0.03543807
18.8701504	0.032667667
18.882372	0.03509177
18.8945936	0.03578437
18.9068152	0.03578437
18.9190368	0.034168302
18.9312584	0.033937435
18.94348	0.03578437
18.9557016	0.035668937
18.9679232	0.034976336
18.9801448	0.033360268
18.9923664	0.035668937
19.004588	0.03543807
19.0168096	0.036015237
19.0290312	0.038208473
19.0412528	0.035322637
19.0534744	0.036592404
19.065696	0.035207203
19.0779176	0.037515872
19.0901392	0.032321367
19.1023608	0.032898534
19.1145824	0.034168302
19.126804	0.033706568
19.1390256	0.035207203
19.1512472	0.031513333
19.1634688	0.034514602
19.1756904	0.028858363
19.187912	0.033360268
19.2001336	0.032321367
19.2123552	0.033591135
19.2245768	0.034745469
19.2367984	0.031051599
19.24902	0.031975066
19.2612416	0.029666397
19.2734632	0.033706568
19.2856848	0.034283735
19.2979064	0.033013967
19.310128	0.033822002
19.3223496	0.031051599
19.3345712	0.02874293
19.3467928	0.033013967
19.3590144	0.030012698
19.371236	0.031975066
19.3834576	0.030705298
19.3956792	0.031975066
19.4079008	0.028281196
19.4201224	0.029666397
19.432344	0.034630036
19.4445656	0.034630036
19.4567872	0.030358998
19.4690088	0.030705298
19.4812304	0.031167032
19.493452	0.029320097
19.5056736	0.030012698
19.5178952	0.02874293
19.5301168	0.027242295
19.5423384	0.029320097
19.55456	0.029666397
19.5667816	0.027588595
19.5790032	0.028512063
19.5912248	0.027934896
19.6034464	0.025049059
19.615668	0.0324368
19.6278896	0.027473162
19.6401112	0.026203394
19.6523328	0.031397899
19.6645544	0.02943553
19.676776	0.027819462
19.6889976	0.027357728
19.7012192	0.027357728
19.7134408	0.02874293
19.7256624	0.024356459
19.737884	0.027819462
19.7501056	0.028396629
19.7623272	0.028512063
19.7745488	0.028512063
19.7867704	0.027011428
19.798992	0.030012698
19.8112136	0.027704029
19.8234352	0.025857093
19.8356568	0.025164493
19.8478784	0.025279926
19.8601	0.022624957
19.8723216	0.027819462
19.8845432	0.027473162
19.8967648	0.024818192
19.9089864	0.029320097
19.921208	0.026665128
19.9334296	0.024010158
19.9456512	0.027126861
19.9578728	0.023779291
19.9700944	0.024471892
19.982316	0.023663858
19.9945376	0.023779291
20.0067592	0.028627496
20.0189808	0.025510793
20.0312024	0.027126861
20.043424	0.024125592
20.0556456	0.027242295
20.0678672	0.02274039
20.0800888	0.024818192
20.0923104	0.02239409
20.104532	0.025279926
20.1167536	0.023548424
20.1289752	0.023663858
20.1411968	0.023317557
20.1534184	0.023086691
20.16564	0.023086691
20.1778616	0.023086691
20.1900832	0.02539536
20.2023048	0.020200854
20.2145264	0.023432991
20.226748	0.024241025
20.2389696	0.023202124
20.2511912	0.023202124
20.2634128	0.023663858
20.2756344	0.026549694
20.287856	0.021008888
20.3000776	0.023548424
20.3122992	0.018123052
20.3245208	0.022971257
20.3367424	0.023663858
20.348964	0.025279926
20.3611856	0.018007619
20.3734072	0.022971257
20.3856288	0.024356459
20.3978504	0.020893455
20.410072	0.020085421
20.4222936	0.02274039
20.4345152	0.024471892
20.4467368	0.020547155
20.4589584	0.021470622
20.47118	0.022855824
20.4834016	0.020662588
20.4956232	0.021932356
20.5078448	0.019854554
20.5200664	0.020431721
20.532288	0.021470622
20.5445096	0.02239409
20.5567312	0.021355189
20.5689528	0.021008888
20.5811744	0.021586056
20.593396	0.01939282
20.6056176	0.020200854
20.6178392	0.02239409
20.6300608	0.019623687
20.6422824	0.02274039
20.654504	0.023432991
20.6667256	0.018469352
20.6789472	0.01973912
20.6911688	0.019969987
20.7033904	0.019623687
20.715612	0.019969987
20.7278336	0.020547155
20.7400552	0.021008888
20.7522768	0.022971257
20.7644984	0.020431721
20.77672	0.018007619
20.7889416	0.020316288
20.8011632	0.019161953
20.8133848	0.021124322
20.8256064	0.020893455
20.837828	0.019969987
20.8500496	0.020547155
20.8622712	0.020085421
20.8744928	0.018700219
20.8867144	0.023086691
20.898936	0.019623687
20.9111576	0.01904652
20.9233792	0.018931086
20.9356008	0.021008888
20.9478224	0.016506984
20.960044	0.019161953
20.9722656	0.017430451
20.9844872	0.017545885
20.9967088	0.018007619
21.0089304	0.019969987
21.021152	0.01604525
21.0333736	0.019277387
21.0455952	0.016853284
21.0578168	0.016737851
21.0700384	0.01904652
21.08226	0.01973912
21.0944816	0.016160683
21.1067032	0.018584786
21.1189248	0.018469352
21.1311464	0.019854554
21.143368	0.017315018
21.1555896	0.018931086
21.1678112	0.016506984
21.1800328	0.01973912
21.1922544	0.020316288
21.204476	0.019623687
21.2166976	0.018238486
21.2289192	0.014198315
21.2411408	0.015468083
21.2533624	0.018238486
21.265584	0.01639155
21.2778056	0.018584786
21.2900272	0.017545885
21.3022488	0.016160683
21.3144704	0.015583516
21.326692	0.017199584
21.3389136	0.018353919
21.3511352	0.017199584
21.3633568	0.015583516
21.3755784	0.017084151
21.3878	0.017199584
21.4000216	0.017430451
21.4122432	0.014429182
21.4244648	0.015929816
21.4366864	0.01639155
21.448908	0.013967448
21.4611296	0.014775482
21.4733512	0.016506984
21.4855728	0.015468083
21.4977944	0.014429182
21.510016	0.015468083
21.5222376	0.014660048
21.5344592	0.012928547
21.5466808	0.016506984
21.5589024	0.013736581
21.571124	0.015583516
21.5833456	0.015237216
21.5955672	0.015583516
21.6077888	0.015121782
21.6200104	0.013967448
21.632232	0.014775482
21.6444536	0.014544615
21.6566752	0.015929816
21.6688968	0.017315018
21.6811184	0.01639155
21.69334	0.014544615
21.7055616	0.013274847
21.7177832	0.015583516
21.7300048	0.014890915
21.7422264	0.015006349
21.754448	0.013274847
21.7666696	0.015468083
21.7788912	0.013967448
21.7911128	0.016622417
21.8033344	0.015929816
21.815556	0.015352649
21.8277776	0.011774212
21.8399992	0.014429182
21.8522208	0.012928547
21.8644424	0.01604525
21.876664	0.014082881
21.8888856	0.015006349
21.9011072	0.015121782
21.9133288	0.016160683
21.9255504	0.011081611
21.937772	0.014660048
21.9499936	0.011889646
21.9622152	0.012928547
21.9744368	0.014429182
21.9866584	0.014660048
21.99888	0.012928547
22.0111016	0.014890915
22.0233232	0.01269768
22.0355448	0.014198315
22.0477664	0.012813113
22.059988	0.014775482
22.0722096	0.012351379
22.0844312	0.013621147
22.0966528	0.012928547
22.1088744	0.014890915
22.121096	0.013505714
22.1333176	0.014429182
22.1455392	0.014775482
22.1577608	0.011427912
22.1699824	0.012582246
22.182204	0.013159414
22.1944256	0.01304398
22.2066472	0.012813113
22.2188688	0.012582246
22.2310904	0.012813113
22.243312	0.009927277
22.2555336	0.013274847
22.2677552	0.012235946
22.2799768	0.012466813
22.2921984	0.012466813
22.30442	0.014660048
22.3166416	0.011889646
22.3288632	0.014082881
22.3410848	0.012120513
22.3533064	0.012582246
22.365528	0.013505714
22.3777496	0.010619878
22.3899712	0.012120513
22.4021928	0.011774212
22.4144144	0.011658779
22.426636	0.01269768
22.4388576	0.011427912
22.4510792	0.010619878
22.4633008	0.010735311
22.4755224	0.012582246
22.487744	0.01269768
22.4999656	0.01269768
22.5121872	0.011081611
22.5244088	0.012466813
22.5366304	0.007618608
22.548852	0.010735311
22.5610736	0.010273577
22.5732952	0.010850745
22.5855168	0.011543345
22.5977384	0.01004271
22.60996	0.011774212
22.6221816	0.00969641
22.6344032	0.011197045
22.6466248	0.010158144
22.6588464	0.010389011
22.671068	0.012351379
22.6832896	0.010619878
22.6955112	0.009927277
22.7077328	0.009234676
22.7199544	0.009580977
22.732176	0.011197045
22.7443976	0.009119243
22.7566192	0.009119243
22.7688408	0.007964908
22.7810624	0.009580977
22.793284	0.011312478
22.8055056	0.010850745
22.8177272	0.00935011
22.8299488	0.00969641
22.8421704	0.011658779
22.854392	0.009811843
22.8666136	0.009927277
22.8788352	0.012005079
22.8910568	0.01004271
22.9032784	0.009811843
22.9155	0.012120513
22.9277216	0.009927277
22.9399432	0.010966178
22.9521648	0.011197045
22.9643864	0.010966178
22.976608	0.01004271
22.9888296	0.010158144
23.0010512	0.009465543
23.0132728	0.007849475
23.0254944	0.009811843
23.037716	0.007964908
23.0499376	0.008195775
23.0621592	0.009119243
23.0743808	0.011312478
23.0866024	0.011658779
23.098824	0.008426642
23.1110456	0.01004271
23.1232672	0.011658779
23.1354888	0.010158144
23.1477104	0.008542075
23.159932	0.007618608
23.1721536	0.009119243
23.1843752	0.010273577
23.1965968	0.009927277
23.2088184	0.009119243
23.22104	0.009234676
23.2332616	0.009234676
23.2454832	0.011312478
23.2577048	0.01004271
23.2699264	0.010273577
23.282148	0.008888376
23.2943696	0.011312478
23.3065912	0.009811843
23.3188128	0.008542075
23.3310344	0.008542075
23.343256	0.010850745
23.3554776	0.008426642
23.3676992	0.009119243
23.3799208	0.008772942
23.3921424	0.009119243
23.404364	0.007272308
23.4165856	0.009811843
23.4288072	0.008195775
23.4410288	0.009811843
23.4532504	0.009811843
23.465472	0.009119243
23.4776936	0.008311209
23.4899152	0.007849475
23.5021368	0.009234676
23.5143584	0.008426642
23.52658	0.007156874
23.5388016	0.009234676
23.5510232	0.008772942
23.5632448	0.009003809
23.5754664	0.009003809
23.587688	0.008311209
23.5999096	0.007964908
23.6121312	0.008888376
23.6243528	0.00969641
23.6365744	0.007849475
23.648796	0.010389011
23.6610176	0.008657509
23.6732392	0.010850745
23.6854608	0.009119243
23.6976824	0.01004271
23.709904	0.007849475
23.7221256	0.008888376
23.7343472	0.008080342
23.7465688	0.01004271
23.7587904	0.010158144
23.771012	0.009927277
23.7832336	0.006926007
23.7954552	0.009927277
23.8076768	0.008542075
23.8198984	0.007272308
23.83212	0.007387741
23.8443416	0.007041441
23.8565632	0.008311209
23.8687848	0.007041441
23.8810064	0.008426642
23.893228	0.00935011
23.9054496	0.007156874
23.9176712	0.007503174
23.9298928	0.007964908
23.9421144	0.006926007
23.954336	0.00969641
23.9665576	0.007272308
23.9787792	0.006579707
23.9910008	0.007387741
24.0032224	0.008080342
24.015444	0.007964908
24.0276656	0.009003809
24.0398872	0.006464273
24.0521088	0.008080342
24.0643304	0.00600254
24.076552	0.007503174
24.0887736	0.006233406
24.1009952	0.00669514
24.1132168	0.007156874
24.1254384	0.006579707
24.13766	0.006579707
24.1498816	0.007156874
24.1621032	0.006810574
24.1743248	0.007734041
24.1865464	0.005887106
24.198768	0.006579707
24.2109896	0.00669514
24.2232112	0.006233406
24.2354328	0.007156874
24.2476544	0.007156874
24.259876	0.006926007
24.2720976	0.006117973
24.2843192	0.007041441
24.2965408	0.007041441
24.3087624	0.007734041
24.320984	0.00600254
24.3332056	0.007041441
24.3454272	0.008311209
24.3576488	0.006810574
24.3698704	0.007272308
24.382092	0.006117973
24.3943136	0.007849475
24.4065352	0.007964908
24.4187568	0.007503174
24.4309784	0.005309939
24.4432	0.007618608
24.4554216	0.006926007
24.4676432	0.005540806
24.4798648	0.005425372
24.4920864	0.00669514
24.504308	0.006464273
24.5165296	0.008195775
24.5287512	0.003924737
24.5409728	0.004732772
24.5531944	0.005887106
24.565416	0.007734041
24.5776376	0.007387741
24.5898592	0.006810574
24.6020808	0.006117973
24.6143024	0.007734041
24.626524	0.00634884
24.6387456	0.008311209
24.6509672	0.006464273
24.6631888	0.006810574
24.6754104	0.007734041
24.687632	0.006117973
24.6998536	0.006464273
24.7120752	0.006117973
24.7242968	0.006233406
24.7365184	0.00634884
24.74874	0.004963638
24.7609616	0.00634884
24.7731832	0.006464273
24.7854048	0.00669514
24.7976264	0.00600254
24.809848	0.005656239
24.8220696	0.004848205
24.8342912	0.006464273
24.8465128	0.006464273
24.8587344	0.005425372
24.870956	0.006117973
24.8831776	0.004617338
24.8953992	0.005771673
24.9076208	0.004848205
24.9198424	0.005079072
24.932064	0.005771673
24.9442856	0.006233406
24.9565072	0.008542075
24.9687288	0.004848205
24.9809504	0.004963638
24.993172	0.007041441
25.0053936	0.004963638
25.0176152	0.006464273
25.0298368	0.005771673
25.0420584	0.005656239
25.05428	0.006464273
25.0665016	0.005425372
25.0787232	0.005656239
25.0909448	0.005656239
25.1031664	0.006117973
25.115388	0.005309939
25.1276096	0.006579707
25.1398312	0.00600254
25.1520528	0.004040171
25.1642744	0.004848205
25.176496	0.005194505
25.1887176	0.006464273
25.2009392	0.007156874
25.2131608	0.004386471
25.2253824	0.005194505
25.237604	0.005540806
25.2498256	0.006117973
25.2620472	0.00669514
25.2742688	0.005425372
25.2864904	0.005309939
25.298712	0.004732772
25.3109336	0.00669514
25.3231552	0.005540806
25.3353768	0.005887106
25.3475984	0.004040171
25.35982	0.00634884
25.3720416	0.00600254
25.3842632	0.003809304
25.3964848	0.006579707
25.4087064	0.004040171
25.420928	0.006464273
25.4331496	0.005887106
25.4453712	0.005887106
25.4575928	0.004386471
25.4698144	0.006464273
25.482036	0.006117973
25.4942576	0.005656239
25.5064792	0.005079072
25.5187008	0.005425372
25.5309224	0.004617338
25.543144	0.003809304
25.5553656	0.004732772
25.5675872	0.005079072
25.5798088	0.004732772
25.5920304	0.004155604
25.604252	0.005771673
25.6164736	0.004155604
25.6286952	0.004732772
25.6409168	0.005425372
25.6531384	0.005425372
25.66536	0.004963638
25.6775816	0.005079072
25.6898032	0.004617338
25.7020248	0.005887106
25.7142464	0.00600254
25.726468	0.004732772
25.7386896	0.004732772
25.7509112	0.004732772
25.7631328	0.004386471
25.7753544	0.005656239
25.787576	0.004501905
25.7997976	0.004848205
25.8120192	0.005079072
25.8242408	0.005079072
25.8364624	0.003809304
25.848684	0.004386471
25.8609056	0.005309939
25.8731272	0.004155604
25.8853488	0.005540806
25.8975704	0.005309939
25.909792	0.005079072
25.9220136	0.00634884
25.9342352	0.005425372
25.9464568	0.004386471
25.9586784	0.004271038
25.9709	0.003924737
25.9831216	0.004501905
25.9953432	0.005194505
26.0075648	0.003924737
26.0197864	0.004963638
26.032008	0.005540806
26.0442296	0.005194505
26.0564512	0.003809304
26.0686728	0.004386471
26.0808944	0.003809304
26.093116	0.004386471
26.1053376	0.005540806
26.1175592	0.00369387
26.1297808	0.005194505
26.1420024	0.004732772
26.154224	0.005425372
26.1664456	0.004501905
26.1786672	0.005309939
26.1908888	0.004386471
26.2031104	0.00369387
26.215332	0.005540806
26.2275536	0.003232137
26.2397752	0.004155604
26.2519968	0.005079072
26.2642184	0.004040171
26.27644	0.005079072
26.2886616	0.003578437
26.3008832	0.004848205
26.3131048	0.003578437
26.3253264	0.004963638
26.337548	0.004501905
26.3497696	0.00300127
26.3619912	0.004732772
26.3742128	0.00369387
26.3864344	0.003924737
26.398656	0.004155604
26.4108776	0.00300127
26.4230992	0.004271038
26.4353208	0.004271038
26.4475424	0.004271038
26.459764	0.004386471
26.4719856	0.003116703
26.4842072	0.004848205
26.4964288	0.00369387
26.5086504	0.004271038
26.520872	0.003809304
26.5330936	0.004271038
26.5453152	0.004617338
26.5575368	0.004848205
26.5697584	0.005309939
26.58198	0.003578437
26.5942016	0.00300127
26.6064232	0.004271038
26.6186448	0.004386471
26.6308664	0.004271038
26.643088	0.004386471
26.6553096	0.003924737
26.6675312	0.003809304
26.6797528	0.003809304
26.6919744	0.003232137
26.704196	0.003924737
26.7164176	0.004040171
26.7286392	0.004155604
26.7408608	0.003924737
26.7530824	0.002424103
26.765304	0.00334757
26.7775256	0.00334757
26.7897472	0.002770403
26.8019688	0.003924737
26.8141904	0.004155604
26.826412	0.002885836
26.8386336	0.00300127
26.8508552	0.00300127
26.8630768	0.00300127
26.8752984	0.003116703
26.88752	0.004617338
26.8997416	0.003578437
26.9119632	0.003232137
26.9241848	0.003232137
26.9364064	0.003809304
26.948628	0.00369387
26.9608496	0.002654969
26.9730712	0.004386471
26.9852928	0.003232137
26.9975144	0.004040171
27.009736	0.004271038
27.0219576	0.002770403
27.0341792	0.003578437
27.0464008	0.003232137
27.0586224	0.003578437
27.070844	0.004155604
27.0830656	0.004155604
27.0952872	0.002424103
27.1075088	0.004271038
27.1197304	0.003809304
27.131952	0.003809304
27.1441736	0.003463004
27.1563952	0.002308669
27.1686168	0.004617338
27.1808384	0.002770403
27.19306	0.003578437
27.2052816	0.002654969
27.2175032	0.00334757
27.2297248	0.003463004
27.2419464	0.003463004
27.254168	0.003463004
27.2663896	0.001500635
27.2786112	0.002770403
27.2908328	0.002308669
27.3030544	0.002308669
27.315276	0.004155604
27.3274976	0.003232137
27.3397192	0.003809304
27.3519408	0.004501905
27.3641624	0.00334757
27.376384	0.00334757
27.3886056	0.00300127
27.4008272	0.003232137
27.4130488	0.002539536
27.4252704	0.003232137
27.437492	0.002539536
27.4497136	0.002885836
27.4619352	0.003116703
27.4741568	0.002193236
27.4863784	0.003578437
27.4986	0.00369387
27.5108216	0.003463004
27.5230432	0.003578437
27.5352648	0.004040171
27.5474864	0.004155604
27.559708	0.002424103
27.5719296	0.002654969
27.5841512	0.00300127
27.5963728	0.002077802
27.6085944	0.003578437
27.620816	0.002424103
27.6330376	0.00369387
27.6452592	0.002193236
27.6574808	0.003463004
27.6697024	0.003924737
27.681924	0.003578437
27.6941456	0.00300127
27.7063672	0.004040171
27.7185888	0.004155604
27.7308104	0.00369387
27.743032	0.003116703
27.7552536	0.002308669
27.7674752	0.001962369
27.7796968	0.002193236
27.7919184	0.002308669
27.80414	0.002654969
27.8163616	0.002654969
27.8285832	0.002770403
27.8408048	0.002424103
27.8530264	0.001962369
27.865248	0.00369387
27.8774696	0.002308669
27.8896912	0.002193236
27.9019128	0.002539536
27.9141344	0.002193236
27.926356	0.002654969
27.9385776	0.002654969
27.9507992	0.002193236
27.9630208	0.002770403
27.9752424	0.002770403
27.987464	0.001962369
27.9996856	0.002077802
28.0119072	0.002885836
28.0241288	0.001616068
28.0363504	0.001846935
28.048572	0.003116703
28.0607936	0.002770403
28.0730152	0.002885836
28.0852368	0.002424103
28.0974584	0.002885836
28.10968	0.002654969
28.1219016	0.004848205
28.1341232	0.002539536
28.1463448	0.002539536
28.1585664	0.00300127
28.170788	0.002077802
28.1830096	0.002424103
28.1952312	0.002077802
28.2074528	0.003232137
28.2196744	0.002193236
28.231896	0.00369387
28.2441176	0.002885836
28.2563392	0.003809304
28.2685608	0.00369387
28.2807824	0.001731502
28.293004	0.002885836
28.3052256	0.001731502
28.3174472	0.003463004
28.3296688	0.002077802
28.3418904	0.002654969
28.354112	0.001385201
28.3663336	0.001846935
28.3785552	0.002193236
28.3907768	0.003232137
28.4029984	0.00300127
28.41522	0.001731502
28.4274416	0.001962369
28.4396632	0.002424103
28.4518848	0.002885836
28.4641064	0.002770403
28.476328	0.002077802
28.4885496	0.003116703
28.5007712	0.001846935
28.5129928	0.002539536
28.5252144	0.001846935
28.537436	0.00334757
28.5496576	0.002424103
28.5618792	0.002308669
28.5741008	0.002654969
28.5863224	0.001616068
28.598544	0.002308669
28.6107656	0.002885836
28.6229872	0.001962369
28.6352088	0.003232137
28.6474304	0.002539536
28.659652	0.00334757
28.6718736	0.002077802
28.6840952	0.002539536
28.6963168	0.002770403
28.7085384	0.003232137
28.72076	0.002308669
28.7329816	0.002539536
28.7452032	0.001846935
28.7574248	0.002654969
28.7696464	0.002077802
28.781868	0.002654969
28.7940896	0.001616068
28.8063112	0.002539536
28.8185328	0.002077802
28.8307544	0.002308669
28.842976	0.002308669
28.8551976	0.002424103
28.8674192	0.002308669
28.8796408	0.003232137
28.8918624	0.003232137
28.904084	0.001962369
28.9163056	0.002885836
28.9285272	0.003232137
28.9407488	0.002193236
28.9529704	0.00300127
28.965192	0.001962369
28.9774136	0.002308669
28.9896352	0.001616068
29.0018568	0.003232137
29.0140784	0.002077802
29.0263	0.001846935
29.0385216	0.002885836
29.0507432	0.002539536
29.0629648	0.002424103
29.0751864	0.002193236
29.087408	0.001616068
29.0996296	0.001731502
29.1118512	0.002770403
29.1240728	0.002077802
29.1362944	0.002539536
29.148516	0.001616068
29.1607376	0.002539536
29.1729592	0.002424103
29.1851808	0.001616068
29.1974024	0.002308669
29.209624	0.001500635
29.2218456	0.002308669
29.2340672	0.001731502
29.2462888	0.002654969
29.2585104	0.00334757
29.270732	0.002885836
29.2829536	0.002193236
29.2951752	0.002424103
29.3073968	0.00300127
29.3196184	0.002424103
29.33184	0.002308669
29.3440616	0.002193236
29.3562832	0.001269768
29.3685048	0.001385201
29.3807264	0.002193236
29.392948	0.001500635
29.4051696	0.00334757
29.4173912	0.001616068
29.4296128	0.002539536
29.4418344	0.002539536
29.454056	0.002077802
29.4662776	0.00334757
29.4784992	0.001962369
29.4907208	0.001385201
29.5029424	0.002193236
29.515164	0.001500635
29.5273856	0.002885836
29.5396072	0.001846935
29.5518288	0.002077802
29.5640504	0.002077802
29.576272	0.002308669
29.5884936	0.002308669
29.6007152	0.001962369
29.6129368	0.002077802
29.6251584	0.000923468
29.63738	0.001385201
29.6496016	0.001962369
29.6618232	0.002424103
29.6740448	0.001846935
29.6862664	0.001846935
29.698488	0.001269768
29.7107096	0.001846935
29.7229312	0.001731502
29.7351528	0.002539536
29.7473744	0.002193236
29.759596	0.002885836
29.7718176	0.002885836
29.7840392	0.001616068
29.7962608	0.001385201
29.8084824	0.002424103
29.820704	0.001962369
29.8329256	0.001962369
29.8451472	0.001962369
29.8573688	0.001962369
29.8695904	0.001500635
29.881812	0.001962369
29.8940336	0.002193236
29.9062552	0.002308669
29.9184768	0.001731502
29.9306984	0.001846935
29.94292	0.002654969
29.9551416	0.001731502
29.9673632	0.001731502
29.9795848	0.002308669
29.9918064	0.002193236
30.004028	0.001962369
30.0162496	0.001731502
30.0284712	0.002193236
30.0406928	0.001500635
30.0529144	0.002654969
30.065136	0.003232137
30.0773576	0.001731502
30.0895792	0.001962369
30.1018008	0.001846935
30.1140224	0.002308669
30.126244	0.001500635
30.1384656	0.001846935
30.1506872	0.001846935
30.1629088	0.001962369
30.1751304	0.001154335
30.187352	0.002539536
30.1995736	0.001846935
30.2117952	0.003116703
30.2240168	0.002193236
30.2362384	0.002193236
30.24846	0.002077802
30.2606816	0.002539536
30.2729032	0.001962369
30.2851248	0.001269768
30.2973464	0.002770403
30.309568	0.000808034
30.3217896	0.001962369
30.3340112	0.002193236
30.3462328	0.001731502
30.3584544	0.001385201
30.370676	0.002077802
30.3828976	0.002654969
30.3951192	0.002308669
30.4073408	0.001385201
30.4195624	0.001269768
30.431784	0.001962369
30.4440056	0.001846935
30.4562272	0.001962369
30.4684488	0.001385201
30.4806704	0.001731502
30.492892	0.001846935
30.5051136	0.003232137
30.5173352	0.001731502
30.5295568	0.001962369
30.5417784	0.002077802
30.554	0.001616068
30.5662216	0.002077802
30.5784432	0.001500635
30.5906648	0.001269768
30.6028864	0.003116703
30.615108	0.00300127
30.6273296	0.001385201
30.6395512	0.001616068
30.6517728	0.002308669
30.6639944	0.002539536
30.676216	0.00300127
30.6884376	0.001269768
30.7006592	0.001962369
30.7128808	0.001038901
30.7251024	0.001385201
30.737324	0.001846935
30.7495456	0.001500635
30.7617672	0.001269768
30.7739888	0.002077802
30.7862104	0.001846935
30.798432	0.002308669
30.8106536	0.002308669
30.8228752	0.001962369
30.8350968	0.000692601
30.8473184	0.002654969
30.85954	0.001154335
30.8717616	0.001385201
30.8839832	0.002193236
30.8962048	0.002077802
30.9084264	0.001154335
30.920648	0.001962369
30.9328696	0.001385201
30.9450912	0.001731502
30.9573128	0.001269768
30.9695344	0.001385201
30.981756	0.001846935
30.9939776	0.001154335
31.0061992	0.001731502
31.0184208	0.001731502
31.0306424	0.002193236
31.042864	0.001731502
31.0550856	0.002424103
31.0673072	0.001500635
31.0795288	0.000923468
31.0917504	0.001846935
31.103972	0.001038901
31.1161936	0.001500635
31.1284152	0.001500635
31.1406368	0.001154335
31.1528584	0.001962369
31.16508	0.002077802
31.1773016	0.001616068
31.1895232	0.002308669
31.2017448	0.001846935
31.2139664	0.001385201
31.226188	0.001962369
31.2384096	0.001038901
31.2506312	0.002308669
31.2628528	0.001500635
31.2750744	0.001500635
31.287296	0.001616068
31.2995176	0.001616068
31.3117392	0.001616068
31.3239608	0.002654969
31.3361824	0.001038901
31.348404	0.002193236
31.3606256	0.002077802
31.3728472	0.001154335
31.3850688	0.001038901
31.3972904	0.001269768
31.409512	0.001500635
31.4217336	0.001269768
31.4339552	0.001038901
31.4461768	0.001154335
31.4583984	0.001846935
31.47062	0.001154335
31.4828416	0.001500635
31.4950632	0.001846935
31.5072848	0.001269768
31.5195064	0.001962369
31.531728	0.000923468
31.5439496	0.001038901
31.5561712	0.002308669
31.5683928	0.000808034
31.5806144	0.001616068
31.592836	0.001616068
31.6050576	0.001385201
31.6172792	0.002424103
31.6295008	0.000923468
31.6417224	0.002077802
31.653944	0.001962369
31.6661656	0.001038901
31.6783872	0.001616068
31.6906088	0.001500635
31.7028304	0.001269768
31.715052	0.000692601
31.7272736	0.001385201
31.7394952	0.000692601
31.7517168	0.001385201
31.7639384	0.001385201
31.77616	0.002077802
31.7883816	0.000808034
31.8006032	0.001616068
31.8128248	0.000692601
31.8250464	0.001731502
31.837268	0.001038901
31.8494896	0.001500635
31.8617112	0.001385201
31.8739328	0.001616068
31.8861544	0.002077802
31.898376	0.001154335
31.9105976	0.000692601
31.9228192	0.001385201
31.9350408	0.001846935
31.9472624	0.001385201
31.959484	0.001154335
31.9717056	0.000923468
31.9839272	0.001038901
31.9961488	0.001269768
32.0083704	0.001385201
32.020592	0.001154335
32.0328136	0.000808034
32.0450352	0.001269768
32.0572568	0.001038901
32.0694784	0.001154335
32.0817	0.001269768
32.0939216	0.000923468
32.1061432	0.001846935
32.1183648	0.001154335
32.1305864	0.002077802
32.142808	0.001731502
32.1550296	0.001846935
32.1672512	0.001269768
32.1794728	0.001962369
32.1916944	0.001731502
32.203916	0.001038901
32.2161376	0.001154335
32.2283592	0.001500635
32.2405808	0.001962369
32.2528024	0.001038901
32.265024	0.000577167
32.2772456	0.000692601
32.2894672	0.000923468
32.3016888	0.000923468
32.3139104	0.001616068
32.326132	0.001038901
32.3383536	0.001500635
32.3505752	0.001731502
32.3627968	0.001500635
32.3750184	0.001385201
32.38724	0.001385201
32.3994616	0.002077802
32.4116832	0.002077802
32.4239048	0.000577167
32.4361264	0.000808034
32.448348	0.001269768
32.4605696	0.001500635
32.4727912	0.001616068
32.4850128	0.001500635
32.4972344	0.000923468
32.509456	0.001154335
32.5216776	0.001385201
32.5338992	0.001616068
32.5461208	0.000808034
32.5583424	0.001846935
32.570564	0.000923468
32.5827856	0.001500635
32.5950072	0.001154335
32.6072288	0.001500635
32.6194504	0.000692601
32.631672	0.001154335
32.6438936	0.000461734
32.6561152	0.002193236
32.6683368	0.001846935
32.6805584	0.001385201
32.69278	0.001269768
32.7050016	0.000923468
32.7172232	0.001385201
32.7294448	0.001616068
32.7416664	0.001616068
32.753888	0.001269768
32.7661096	0.001616068
32.7783312	0.001500635
32.7905528	0.001269768
32.8027744	0.000461734
32.814996	0.001385201
32.8272176	0.001500635
32.8394392	0.001038901
32.8516608	0.000923468
32.8638824	0.001500635
32.876104	0.001385201
32.8883256	0.000923468
32.9005472	0.001385201
32.9127688	0.001038901
32.9249904	0.001038901
32.937212	0.001038901
32.9494336	0.001731502
32.9616552	0.000461734
32.9738768	0.001500635
32.9860984	0.001154335
32.99832	0.001269768
33.0105416	0.001038901
33.0227632	0.001500635
33.0349848	0.001269768
33.0472064	0.000808034
33.059428	0.001500635
33.0716496	0.001846935
33.0838712	0.001500635
33.0960928	0.000808034
33.1083144	0.001500635
33.120536	0.000461734
33.1327576	0.001269768
33.1449792	0.000808034
33.1572008	0.001154335
33.1694224	0.000808034
33.181644	0.001154335
33.1938656	0.000692601
33.2060872	0.001038901
33.2183088	0.001038901
33.2305304	0.001269768
33.242752	0.0003463
33.2549736	0.000577167
33.2671952	0.001731502
33.2794168	0.000692601
33.2916384	0.001269768
33.30386	0.000923468
33.3160816	0.001038901
33.3283032	0.001269768
33.3405248	0.001038901
33.3527464	0.000808034
33.364968	0.000923468
33.3771896	0.000923468
33.3894112	0.001500635
33.4016328	0.001154335
33.4138544	0.001731502
33.426076	0.000923468
33.4382976	0.001500635
33.4505192	0.000692601
33.4627408	0.001269768
33.4749624	0.001154335
33.487184	0.000923468
33.4994056	0.001038901
33.5116272	0.000923468
33.5238488	0.000923468
33.5360704	0.001500635
33.548292	0.002077802
33.5605136	0.001500635
33.5727352	0.001500635
33.5849568	0.000692601
33.5971784	0.001616068
33.6094	0.001385201
33.6216216	0.001038901
33.6338432	0.000808034
33.6460648	0.001385201
33.6582864	0.000923468
33.670508	0.000923468
33.6827296	0.001500635
33.6949512	0.000577167
33.7071728	0.000923468
33.7193944	0.000808034
33.731616	0.0003463
33.7438376	0.001846935
33.7560592	0.001269768
33.7682808	0.000808034
33.7805024	0.001038901
33.792724	0.000577167
33.8049456	0.0003463
33.8171672	0.001269768
33.8293888	0.001385201
33.8416104	0.001269768
33.853832	0.001038901
33.8660536	0.000461734
33.8782752	0.000923468
33.8904968	0.001616068
33.9027184	0.001500635
33.91494	0.001269768
33.9271616	0.001154335
33.9393832	0.001385201
33.9516048	0.001385201
33.9638264	0.001038901
33.976048	0.000923468
33.9882696	0.000808034
34.0004912	0.000692601
34.0127128	0.001731502
34.0249344	0.001154335
34.037156	0.001269768
34.0493776	0.001154335
34.0615992	0.001154335
34.0738208	0.000692601
34.0860424	0.000692601
34.098264	0.001154335
34.1104856	0.001385201
34.1227072	0.000808034
34.1349288	0.000808034
34.1471504	0.001616068
34.159372	0.001500635
34.1715936	0.001038901
34.1838152	0.000808034
34.1960368	0.000808034
34.2082584	0.001154335
34.22048	0.001385201
34.2327016	0.001385201
34.2449232	0.001154335
34.2571448	0.000577167
34.2693664	0.001269768
34.281588	0.000461734
34.2938096	0.000692601
34.3060312	0.001154335
34.3182528	0.001269768
34.3304744	0.000923468
34.342696	0.001269768
34.3549176	0.000808034
34.3671392	0.000577167
34.3793608	0.000692601
34.3915824	0.001616068
34.403804	0.001038901
34.4160256	0.000577167
34.4282472	0.000923468
34.4404688	0.001038901
34.4526904	0.000577167
34.464912	0.000577167
34.4771336	0.000923468
34.4893552	0.001154335
34.5015768	0.000808034
34.5137984	0.001385201
34.52602	0.001269768
34.5382416	0.001154335
34.5504632	0.000808034
34.5626848	0.000577167
34.5749064	0.000808034
34.587128	0.000808034
34.5993496	0.001038901
34.6115712	0.000692601
34.6237928	0.000923468
34.6360144	0.000808034
34.648236	0.000461734
34.6604576	0.000692601
34.6726792	0.001269768
34.6849008	0.000692601
34.6971224	0.001846935
34.709344	0.001154335
34.7215656	0.001154335
34.7337872	0.001154335
34.7460088	0.000577167
34.7582304	0.000577167
34.770452	0.000692601
34.7826736	0.000461734
34.7948952	0.000923468
34.8071168	0.000923468
34.8193384	0.000461734
34.83156	0.000692601
34.8437816	0.000577167
34.8560032	0.000577167
34.8682248	0.001500635
34.8804464	0.0003463
34.892668	0.001269768
34.9048896	0.001154335
34.9171112	0.001385201
34.9293328	0.001154335
34.9415544	0.001269768
34.953776	0.000692601
34.9659976	0.001038901
34.9782192	0.000577167
34.9904408	0.000577167
35.0026624	0.000808034
35.014884	0.0003463
35.0271056	0.000461734
35.0393272	0.001154335
35.0515488	0.000692601
35.0637704	0.001269768
35.075992	0.000923468
35.0882136	0.001500635
35.1004352	0.000577167
35.1126568	0.000923468
35.1248784	0.001038901
35.1371	0.000923468
35.1493216	0.001038901
35.1615432	0.001154335
35.1737648	0.001154335
35.1859864	0.000577167
35.198208	0.001385201
35.2104296	0.000923468
35.2226512	0.000692601
35.2348728	0.000923468
35.2470944	0.001500635
35.259316	0.000923468
35.2715376	0.001616068
35.2837592	0.000808034
35.2959808	0.000923468
35.3082024	0.000461734
35.320424	0.001154335
35.3326456	0.001038901
35.3448672	0.000692601
35.3570888	0.001154335
35.3693104	0.000808034
35.381532	0.000923468
35.3937536	0.001154335
35.4059752	0.001154335
35.4181968	0.001154335
35.4304184	0.000808034
35.44264	0.001385201
35.4548616	0.000577167
35.4670832	0.001269768
35.4793048	0.000577167
35.4915264	0.001500635
35.503748	0.000692601
35.5159696	0.001038901
35.5281912	0.000461734
35.5404128	0.000692601
35.5526344	0.001038901
35.564856	0.000808034
35.5770776	0.001038901
35.5892992	0.001269768
35.6015208	0.001154335
35.6137424	0.000923468
35.625964	0.000692601
35.6381856	0.000577167
35.6504072	0.001500635
35.6626288	0.000923468
35.6748504	0.000692601
35.687072	0.000230867
35.6992936	0.000808034
35.7115152	0.000923468
35.7237368	0.000808034
35.7359584	0.000923468
35.74818	0.001731502
35.7604016	0.000808034
35.7726232	0.000461734
35.7848448	0.001269768
35.7970664	0.001038901
35.809288	0.000808034
35.8215096	0.001154335
35.8337312	0.001616068
35.8459528	0.000577167
35.8581744	0.000808034
35.870396	0.001038901
35.8826176	0.000923468
35.8948392	0.000577167
35.9070608	0.000923468
35.9192824	0.001385201
35.931504	0.001038901
35.9437256	0.000923468
35.9559472	0.001038901
35.9681688	0.000923468
35.9803904	0.000577167
35.992612	0.0003463
36.0048336	0.001038901
36.0170552	0.000808034
36.0292768	0.000692601
36.0414984	0.000577167
36.05372	0.000808034
36.0659416	0.000692601
36.0781632	0.000808034
36.0903848	0.0003463
36.1026064	0.001385201
36.114828	0.000692601
36.1270496	0.000577167
36.1392712	0.000461734
36.1514928	0.000923468
36.1637144	0.000461734
36.175936	0.000923468
36.1881576	0.000461734
36.2003792	0.001269768
36.2126008	0.000461734
36.2248224	0.001385201
36.237044	0.000923468
36.2492656	0.000577167
36.2614872	0.000692601
36.2737088	0.000461734
36.2859304	0.001038901
36.298152	0.000923468
36.3103736	0.000692601
36.3225952	0.001385201
36.3348168	0.001154335
36.3470384	0.000692601
36.35926	0.000923468
36.3714816	0.000808034
36.3837032	0.001385201
36.3959248	0.001038901
36.4081464	0.000808034
36.420368	0.001154335
36.4325896	0.000461734
36.4448112	0.000808034
36.4570328	0.001038901
36.4692544	0.001154335
36.481476	0.001038901
36.4936976	0.001385201
36.5059192	0.000923468
36.5181408	0.000923468
36.5303624	0.000923468
36.542584	0.001038901
36.5548056	0.000808034
36.5670272	0.000808034
36.5792488	0.000577167
36.5914704	0.001269768
36.603692	0.001269768
36.6159136	0.000577167
36.6281352	0.000577167
36.6403568	0.000577167
36.6525784	0.001269768
36.6648	0.000577167
36.6770216	0.001154335
36.6892432	0.001038901
36.7014648	0.000923468
36.7136864	0.000692601
36.725908	0.001154335
36.7381296	0.001385201
36.7503512	0.0003463
36.7625728	0.000692601
36.7747944	0.000692601
36.787016	0.000923468
36.7992376	0.000808034
36.8114592	0.0003463
36.8236808	0.001269768
36.8359024	0.000115433
36.848124	0.000923468
36.8603456	0.001154335
36.8725672	0.001154335
36.8847888	0.000808034
36.8970104	0.001154335
36.909232	0.001154335
36.9214536	0.000115433
36.9336752	0.000692601
36.9458968	0.000692601
36.9581184	0.001154335
36.97034	0.001269768
36.9825616	0.001154335
36.9947832	0.000808034
37.0070048	0.000923468
37.0192264	0.0003463
37.031448	0.001154335
37.0436696	0.000808034
37.0558912	0.000577167
37.0681128	0.000692601
37.0803344	0.000923468
37.092556	0.001038901
37.1047776	0.000808034
37.1169992	0.000461734
37.1292208	0.001154335
37.1414424	0.000808034
37.153664	0.000923468
37.1658856	0.000692601
37.1781072	0.000692601
37.1903288	0.000692601
37.2025504	0.000461734
37.214772	0.001500635
37.2269936	0.000923468
37.2392152	0.000923468
37.2514368	0.000577167
37.2636584	0.000808034
37.27588	0.000808034
37.2881016	0.000808034
37.3003232	0.000577167
37.3125448	0.001154335
37.3247664	0.001038901
37.336988	0.0003463
37.3492096	0.001038901
37.3614312	0.000461734
37.3736528	0.000577167
37.3858744	0.000577167
37.398096	0.000808034
37.4103176	0.001038901
37.4225392	0.000577167
37.4347608	0.000808034
37.4469824	0.000923468
37.459204	0.001154335
37.4714256	0.000923468
37.4836472	0.000808034
37.4958688	0.001154335
37.5080904	0.000692601
37.520312	0.000461734
37.5325336	0.000808034
37.5447552	0.000577167
37.5569768	0.001616068
37.5691984	0.001269768
37.58142	0.001154335
37.5936416	0.000923468
37.6058632	0.000808034
37.6180848	0.000577167
37.6303064	0.000923468
37.642528	0.000808034
37.6547496	0.000577167
37.6669712	0.001385201
37.6791928	0.000923468
37.6914144	0.000808034
37.703636	0.000461734
37.7158576	0.000692601
37.7280792	0.000577167
37.7403008	0.000692601
37.7525224	0.000577167
37.764744	0.001154335
37.7769656	0.000692601
37.7891872	0.000461734
37.8014088	0.000461734
37.8136304	0.001154335
37.825852	0.0003463
37.8380736	0.001038901
37.8502952	0.0003463
37.8625168	0.000461734
37.8747384	0.000808034
37.88696	0.001154335
37.8991816	0.000577167
37.9114032	0.001154335
37.9236248	0.000577167
37.9358464	0.000808034
37.948068	0.001269768
37.9602896	0.000808034
37.9725112	0.001500635
37.9847328	0.000577167
37.9969544	0.0003463
38.009176	0.000692601
38.0213976	0.000808034
38.0336192	0.0003463
38.0458408	0.001038901
38.0580624	0.001038901
38.070284	0.000577167
38.0825056	0.000461734
38.0947272	0.000923468
38.1069488	0.000692601
38.1191704	0.000577167
38.131392	0.001154335
38.1436136	0.000230867
38.1558352	0.001385201
38.1680568	0.0003463
38.1802784	0.000923468
38.1925	0.000577167
38.2047216	0.001038901
38.2169432	0.000923468
38.2291648	0.000577167
38.2413864	0.000923468
38.253608	0.000692601
38.2658296	0.000577167
38.2780512	0.001038901
38.2902728	0.000461734
38.3024944	0
38.314716	0.000808034
38.3269376	0.000461734
38.3391592	0.000923468
38.3513808	0.000230867
38.3636024	0.000692601
38.375824	0.001038901
38.3880456	0.000577167
38.4002672	0.000577167
38.4124888	0.000461734
38.4247104	0.000808034
38.436932	0.001038901
38.4491536	0.001038901
38.4613752	0.000692601
38.4735968	0.000577167
38.4858184	0.000577167
38.49804	0.000577167
38.5102616	0.000923468
38.5224832	0.000577167
38.5347048	0.0003463
38.5469264	0.000577167
38.559148	0.000692601
38.5713696	0.000692601
38.5835912	0.001154335
38.5958128	0.000577167
38.6080344	0.001038901
38.620256	0.001154335
38.6324776	0.000923468
38.6446992	0.001154335
38.6569208	0.0003463
38.6691424	0.000577167
38.681364	0.000577167
38.6935856	0.000692601
38.7058072	0.000692601
38.7180288	0.001154335
38.7302504	0.000808034
38.742472	0.000923468
38.7546936	0.000577167
38.7669152	0.001154335
38.7791368	0.000808034
38.7913584	0.001038901
38.80358	0.000692601
38.8158016	0.001385201
38.8280232	0.000577167
38.8402448	0.000692601
38.8524664	0.000692601
38.864688	0.001038901
38.8769096	0.000461734
38.8891312	0.000923468
38.9013528	0.000808034
38.9135744	0.001385201
38.925796	0.000808034
38.9380176	0.000461734
38.9502392	0.001154335
38.9624608	0.000923468
38.9746824	0.001269768
38.986904	0.001038901
38.9991256	0.0003463
39.0113472	0.000461734
39.0235688	0.000923468
39.0357904	0.000577167
39.048012	0.000923468
39.0602336	0.000923468
39.0724552	0.000577167
39.0846768	0.001038901
39.0968984	0.000461734
39.10912	0.000808034
39.1213416	0.000692601
39.1335632	0.001269768
39.1457848	0.000461734
39.1580064	0.000461734
39.170228	0.000808034
39.1824496	0.000577167
39.1946712	0.000692601
39.2068928	0.000692601
39.2191144	0.000115433
39.231336	0.000923468
39.2435576	0.000461734
39.2557792	0.001038901
39.2680008	0.000808034
39.2802224	0.001846935
39.292444	0.001269768
39.3046656	0.001269768
39.3168872	0.000692601
39.3291088	0.000808034
39.3413304	0.000577167
39.353552	0.000577167
39.3657736	0.000461734
39.3779952	0.000808034
39.3902168	0.001038901
39.4024384	0.000808034
39.41466	0.000808034
39.4268816	0.000577167
39.4391032	0.000577167
39.4513248	0.001385201
39.4635464	0.001269768
39.475768	0.001154335
39.4879896	0.000692601
39.5002112	0.000692601
39.5124328	0.000577167
39.5246544	0.000577167
39.536876	0.000923468
39.5490976	0.001038901
39.5613192	0.000461734
39.5735408	0.000692601
39.5857624	0.000692601
39.597984	0.000808034
39.6102056	0.000692601
39.6224272	0.000808034
39.6346488	0.000461734
39.6468704	0.000808034
39.659092	0.001154335
39.6713136	0.001385201
39.6835352	0.000923468
39.6957568	0.000461734
39.7079784	0.000461734
39.7202	0.000692601
39.7324216	0.000808034
39.7446432	0.001154335
39.7568648	0.000923468
39.7690864	0.001154335
39.781308	0.000461734
39.7935296	0.000923468
39.8057512	0.000923468
39.8179728	0.000923468
39.8301944	0.000692601
39.842416	0
39.8546376	0.001616068
39.8668592	0.000577167
39.8790808	0.001269768
39.8913024	0.001038901
39.903524	0.000577167
39.9157456	0.0003463
39.9279672	0.001154335
39.9401888	0.000692601
39.9524104	0.000808034
39.964632	0.000808034
39.9768536	0.000230867
39.9890752	0.0003463
40.0012968	0.000808034
40.0135184	0.001038901
40.02574	0.0003463
40.0379616	0.000692601
40.0501832	0.000692601
40.0624048	0.000577167
40.0746264	0.000230867
40.086848	0.000461734
40.0990696	0.000923468
40.1112912	0.000808034
40.1235128	0.000577167
40.1357344	0.000461734
40.147956	0.000692601
40.1601776	0.000577167
40.1723992	0.000808034
40.1846208	0.0003463
40.1968424	0.000577167
40.209064	0.000808034
40.2212856	0.000923468
40.2335072	0.000115433
40.2457288	0.000577167
40.2579504	0.000577167
40.270172	0.000461734
40.2823936	0.001038901
40.2946152	0.000692601
40.3068368	0.001038901
40.3190584	0.000692601
40.33128	0.000692601
40.3435016	0.000808034
40.3557232	0.000692601
40.3679448	0.000577167
40.3801664	0.000692601
40.392388	0.001154335
40.4046096	0.001038901
40.4168312	0.000461734
40.4290528	0.0003463
40.4412744	0.0003463
40.453496	0.000115433
40.4657176	0.000461734
40.4779392	0.000692601
40.4901608	0.001038901
40.5023824	0.001269768
40.514604	0.000577167
40.5268256	0.000808034
40.5390472	0.001154335
40.5512688	0.000230867
40.5634904	0.001154335
40.575712	0.0003463
40.5879336	0.000461734
40.6001552	0.000692601
40.6123768	0.001038901
40.6245984	0.001154335
40.63682	0.000692601
40.6490416	0.001038901
40.6612632	0.000923468
40.6734848	0.000808034
40.6857064	0.000461734
40.697928	0.000923468
40.7101496	0.000808034
40.7223712	0.000923468
40.7345928	0.000692601
40.7468144	0.000923468
40.759036	0.000808034
40.7712576	0.000577167
40.7834792	0.000577167
40.7957008	0.001038901
40.8079224	0.000808034
40.820144	0.001500635
40.8323656	0.000461734
40.8445872	0.000692601
40.8568088	0.000115433
40.8690304	0.000577167
40.881252	0.000692601
40.8934736	0.000808034
40.9056952	0.001038901
40.9179168	0.000577167
40.9301384	0.000808034
40.94236	0.000808034
40.9545816	0.000461734
40.9668032	0.000577167
40.9790248	0.000923468
40.9912464	0.001385201
41.003468	0.000230867
41.0156896	0.000692601
41.0279112	0.000923468
41.0401328	0.000577167
41.0523544	0.000461734
41.064576	0.000923468
41.0767976	0.000577167
41.0890192	0.000923468
41.1012408	0.000577167
41.1134624	0.001038901
41.125684	0.000692601
41.1379056	0.0003463
41.1501272	0.000808034
41.1623488	0.001154335
41.1745704	0.0003463
41.186792	0.001154335
41.1990136	0.000923468
41.2112352	0.000808034
41.2234568	0.000461734
41.2356784	0.000808034
41.2479	0.000808034
41.2601216	0.000577167
41.2723432	0.000577167
41.2845648	0.000461734
41.2967864	0.000577167
41.309008	0.000230867
41.3212296	0.000692601
41.3334512	0.000461734
41.3456728	0.000692601
41.3578944	0.000577167
41.370116	0.001269768
41.3823376	0.001154335
41.3945592	0.000808034
41.4067808	0.000692601
41.4190024	0.002077802
41.431224	0.000692601
41.4434456	0.000923468
41.4556672	0.000692601
41.4678888	0.000461734
41.4801104	0.000808034
41.492332	0.0003463
41.5045536	0.0003463
41.5167752	0.000692601
41.5289968	0.000692601
41.5412184	0.000577167
41.55344	0.000577167
41.5656616	0.001385201
41.5778832	0.000923468
41.5901048	0.001038901
41.6023264	0.000461734
41.614548	0.000577167
41.6267696	0.000923468
41.6389912	0.000923468
41.6512128	0.000461734
41.6634344	0.001038901
41.675656	0.000577167
41.6878776	0.000808034
41.7000992	0.000577167
41.7123208	0.000461734
41.7245424	0.000115433
41.736764	0.000692601
41.7489856	0.001154335
41.7612072	0.000230867
41.7734288	0.000692601
41.7856504	0.000692601
41.797872	0.000230867
41.8100936	0.000692601
41.8223152	0.001038901
41.8345368	0.0003463
41.8467584	0.0003463
41.85898	0.000461734
41.8712016	0.000577167
41.8834232	0.000461734
41.8956448	0.000808034
41.9078664	0.000577167
41.920088	0.000230867
41.9323096	0.000923468
41.9445312	0.000461734
41.9567528	0.000692601
41.9689744	0.000577167
41.981196	0.000692601
41.9934176	0.000461734
42.0056392	0.000923468
42.0178608	0.000923468
42.0300824	0.0003463
42.042304	0.000808034
42.0545256	0.000577167
42.0667472	0.001269768
42.0789688	0.000692601
42.0911904	0.001269768
42.103412	0.000461734
42.1156336	0.000692601
42.1278552	0.000461734
42.1400768	0.000461734
42.1522984	0.000461734
42.16452	0.000577167
42.1767416	0.001038901
42.1889632	0.001038901
42.2011848	0.001269768
42.2134064	0.000692601
42.225628	0.000923468
42.2378496	0.000461734
42.2500712	0.001269768
42.2622928	0.000461734
42.2745144	0.000692601
42.286736	0.000692601
42.2989576	0.000923468
42.3111792	0.000461734
42.3234008	0.000808034
42.3356224	0.001038901
42.347844	0.000577167
42.3600656	0.001038901
42.3722872	0.000577167
42.3845088	0.000808034
42.3967304	0.000577167
42.408952	0.000461734
42.4211736	0.000923468
42.4333952	0.000692601
42.4456168	0.000577167
42.4578384	0.000923468
42.47006	0.001385201
42.4822816	0.000461734
42.4945032	0.000923468
42.5067248	0.000808034
42.5189464	0.000577167
42.531168	0.000577167
42.5433896	0.000692601
42.5556112	0.000692601
42.5678328	0.000808034
42.5800544	0.000692601
42.592276	0.000461734
42.6044976	0.000808034
42.6167192	0.000692601
42.6289408	0.001154335
42.6411624	0.000461734
42.653384	0.000808034
42.6656056	0.000230867
42.6778272	0.000808034
42.6900488	0.000115433
42.7022704	0.000692601
42.714492	0.000692601
42.7267136	0.001385201
42.7389352	0.000577167
42.7511568	0.000461734
42.7633784	0.001385201
42.7756	0.000577167
42.7878216	0.000577167
42.8000432	0.000461734
42.8122648	0.000923468
42.8244864	0.0003463
42.836708	0.000461734
42.8489296	0.0003463
42.8611512	0.000808034
42.8733728	0.000115433
42.8855944	0.000808034
42.897816	0.001038901
42.9100376	0.000692601
42.9222592	0.000461734
42.9344808	0.000808034
42.9467024	0.001154335
42.958924	0.000577167
42.9711456	0.000230867
42.9833672	0.000230867
42.9955888	0.000577167
43.0078104	0.000577167
43.020032	0.000577167
43.0322536	0.000923468
43.0444752	0.000461734
43.0566968	0.000808034
43.0689184	0.000808034
43.08114	0.001038901
43.0933616	0.000461734
43.1055832	0.001385201
43.1178048	0.000461734
43.1300264	0.000461734
43.142248	0.000577167
43.1544696	0.000692601
43.1666912	0.001038901
43.1789128	0.000692601
43.1911344	0.000808034
43.203356	0.001154335
43.2155776	0.000230867
43.2277992	0.000461734
43.2400208	0.001038901
43.2522424	0.0003463
43.264464	0.000692601
43.2766856	0.001269768
43.2889072	0.000692601
43.3011288	0.000923468
43.3133504	0.000461734
43.325572	0.000808034
43.3377936	0.000115433
43.3500152	0.000577167
43.3622368	0.000923468
43.3744584	0.000461734
43.38668	0.000923468
43.3989016	0.000461734
43.4111232	0.000808034
43.4233448	0.000808034
43.4355664	0.000461734
43.447788	0.000230867
43.4600096	0.000577167
43.4722312	0.0003463
43.4844528	0.000577167
43.4966744	0.000923468
43.508896	0.000923468
43.5211176	0.000577167
43.5333392	0.000808034
43.5455608	0.001038901
43.5577824	0.000692601
43.570004	0.000692601
43.5822256	0.000577167
43.5944472	0.000692601
43.6066688	0.000923468
43.6188904	0.000577167
43.631112	0.000577167
43.6433336	0.001269768
43.6555552	0.0003463
43.6677768	0.000577167
43.6799984	0.000923468
43.69222	0.000923468
43.7044416	0.001154335
43.7166632	0.001038901
43.7288848	0.000461734
43.7411064	0.000692601
43.753328	0.000808034
43.7655496	0.0003463
43.7777712	0.001154335
43.7899928	0.000808034
43.8022144	0.000692601
43.814436	0.000808034
43.8266576	0.000577167
43.8388792	0.001038901
43.8511008	0.000577167
43.8633224	0.000692601
43.875544	0.001500635
43.8877656	0.001038901
43.8999872	0.000808034
43.9122088	0.001038901
43.9244304	0.000692601
43.936652	0.000808034
43.9488736	0.000808034
43.9610952	0.000461734
43.9733168	0.000577167
43.9855384	0.000808034
43.99776	0.000923468
44.0099816	0.000577167
44.0222032	0.000577167
44.0344248	0.000692601
44.0466464	0.001038901
44.058868	0.001269768
44.0710896	0.000692601
44.0833112	0.000577167
44.0955328	0.0003463
44.1077544	0.000577167
44.119976	0.001500635
44.1321976	0.001500635
44.1444192	0.000577167
44.1566408	0.000808034
44.1688624	0.001385201
44.181084	0.000461734
44.1933056	0.000461734
44.2055272	0.000808034
44.2177488	0.000923468
44.2299704	0.000692601
44.242192	0.000692601
44.2544136	0.001038901
44.2666352	0.001038901
44.2788568	0.001038901
44.2910784	0.001038901
44.3033	0.001269768
44.3155216	0.000577167
44.3277432	0.001731502
44.3399648	0.000808034
44.3521864	0.000577167
44.364408	0.000808034
44.3766296	0.0003463
44.3888512	0.000577167
44.4010728	0.000577167
44.4132944	0.000577167
44.425516	0.000923468
44.4377376	0.001385201
44.4499592	0.000692601
44.4621808	0.0003463
44.4744024	0.000577167
44.486624	0.000461734
44.4988456	0.0003463
44.5110672	0.001154335
44.5232888	0.000577167
44.5355104	0.000461734
44.547732	0.000577167
44.5599536	0.000577167
44.5721752	0.000692601
44.5843968	0.001038901
44.5966184	0.000692601
44.60884	0.000808034
44.6210616	0.000577167
44.6332832	0.000230867
44.6455048	0.000577167
44.6577264	0.000461734
44.669948	0.000577167
44.6821696	0.000692601
44.6943912	0.000923468
44.7066128	0.000461734
44.7188344	0.000230867
44.731056	0.0003463
44.7432776	0.000461734
44.7554992	0.000577167
44.7677208	0.000923468
44.7799424	0.000577167
44.792164	0.000808034
44.8043856	0.0003463
44.8166072	0.000577167
44.8288288	0.000461734
44.8410504	0.001154335
44.853272	0.000808034
44.8654936	0.000577167
44.8777152	0.0003463
44.8899368	0.000230867
44.9021584	0.000923468
44.91438	0.000577167
44.9266016	0.000692601
44.9388232	0.000692601
44.9510448	0.000577167
44.9632664	0.000461734
44.975488	0.000808034
44.9877096	0.001269768
44.9999312	0.000808034
45.0121528	0.000577167
45.0243744	0.000577167
45.036596	0.000923468
45.0488176	0.000923468
45.0610392	0.0003463
45.0732608	0.001616068
45.0854824	0.000577167
45.097704	0.000692601
45.1099256	0.000461734
45.1221472	0.0003463
45.1343688	0.000461734
45.1465904	0.000577167
45.158812	0.000230867
45.1710336	0.000692601
45.1832552	0.001385201
45.1954768	0.000692601
45.2076984	0.0003463
45.21992	0.001038901
45.2321416	0.000923468
45.2443632	0.000692601
45.2565848	0.001038901
45.2688064	0.000808034
45.281028	0.000692601
45.2932496	0.000923468
45.3054712	0.000461734
45.3176928	0.000692601
45.3299144	0.000692601
45.342136	0.000577167
45.3543576	0.000230867
45.3665792	0.000692601
45.3788008	0.000577167
45.3910224	0.000808034
45.403244	0.000577167
45.4154656	0.000692601
45.4276872	0.0003463
45.4399088	0.0003463
45.4521304	0.0003463
45.464352	0.000808034
45.4765736	0.000230867
45.4887952	0.000808034
45.5010168	0.000692601
45.5132384	0.001038901
45.52546	0.000923468
45.5376816	0.001038901
45.5499032	0.000808034
45.5621248	0.000808034
45.5743464	0.001385201
45.586568	0.000692601
45.5987896	0.000692601
45.6110112	0.000692601
45.6232328	0.001154335
45.6354544	0.000577167
45.647676	0.0003463
45.6598976	0.000577167
45.6721192	0.000461734
45.6843408	0.0003463
45.6965624	0.0003463
45.708784	0.001500635
45.7210056	0.000808034
45.7332272	0.0003463
45.7454488	0.0003463
45.7576704	0.001038901
45.769892	0.000692601
45.7821136	0.000461734
45.7943352	0.000577167
45.8065568	0.000923468
45.8187784	0.0003463
45.831	0.001269768
45.8432216	0.000808034
45.8554432	0.000692601
45.8676648	0.000808034
45.8798864	0.000692601
45.892108	0.000577167
45.9043296	0.001038901
45.9165512	0.000808034
45.9287728	0.000461734
45.9409944	0.000923468
45.953216	0.000692601
45.9654376	0.001154335
45.9776592	0.000808034
45.9898808	0.0003463
46.0021024	0.000577167
46.014324	0.000923468
46.0265456	0.000461734
46.0387672	0.000808034
46.0509888	0.001154335
46.0632104	0.000577167
46.075432	0.000692601
46.0876536	0.000461734
46.0998752	0.0003463
46.1120968	0.000461734
46.1243184	0.001385201
46.13654	0.001038901
46.1487616	0.000808034
46.1609832	0.001385201
46.1732048	0.0003463
46.1854264	0.001385201
46.197648	0.000923468
46.2098696	0.000461734
46.2220912	0.000577167
46.2343128	0.001385201
46.2465344	0.000577167
46.258756	0.000461734
46.2709776	0.0003463
46.2831992	0.0003463
46.2954208	0.001154335
46.3076424	0.000577167
46.319864	0.001500635
46.3320856	0.0003463
46.3443072	0.000808034
46.3565288	0.000692601
46.3687504	0.000577167
46.380972	0.000692601
46.3931936	0.000461734
46.4054152	0.001385201
46.4176368	0.000808034
46.4298584	0.000808034
46.44208	0.0003463
46.4543016	0.000692601
46.4665232	0.000923468
46.4787448	0.000923468
46.4909664	0.000577167
46.503188	0.001038901
46.5154096	0.001038901
46.5276312	0.001038901
46.5398528	0.000923468
46.5520744	0.001038901
46.564296	0.001038901
46.5765176	0.000692601
46.5887392	0.0003463
46.6009608	0.000923468
46.6131824	0.000577167
46.625404	0.000577167
46.6376256	0.000115433
46.6498472	0.000577167
46.6620688	0.000230867
46.6742904	0.000461734
46.686512	0.000461734
46.6987336	0.000230867
46.7109552	0.000923468
46.7231768	0.0003463
46.7353984	0.0003463
46.74762	0.000808034
46.7598416	0.000692601
46.7720632	0.0003463
46.7842848	0.000230867
46.7965064	0.001154335
46.808728	0.000692601
46.8209496	0.000577167
46.8331712	0.000461734
46.8453928	0.000577167
46.8576144	0.000808034
46.869836	0.000923468
46.8820576	0.001500635
46.8942792	0.000692601
46.9065008	0.001038901
46.9187224	0.000577167
46.930944	0.000692601
46.9431656	0.001269768
46.9553872	0.001500635
46.9676088	0.000808034
46.9798304	0.000230867
46.992052	0.000577167
47.0042736	0.001038901
47.0164952	0.000923468
47.0287168	0.000692601
47.0409384	0.000923468
47.05316	0.000692601
47.0653816	0.000461734
47.0776032	0.001154335
47.0898248	0.000923468
47.1020464	0.000461734
47.114268	0.0003463
47.1264896	0.000692601
47.1387112	0.000461734
47.1509328	0.000692601
47.1631544	0.000808034
47.175376	0.000923468
47.1875976	0.000808034
47.1998192	0.000461734
47.2120408	0.000577167
47.2242624	0.000577167
47.236484	0.001385201
47.2487056	0.000461734
47.2609272	0.000923468
47.2731488	0.000808034
47.2853704	0.001385201
47.297592	0.000692601
47.3098136	0.000808034
47.3220352	0.000923468
47.3342568	0.000692601
47.3464784	0.0003463
47.3587	0.001500635
47.3709216	0.001500635
47.3831432	0.001038901
47.3953648	0.001385201
47.4075864	0.000923468
47.419808	0.000230867
47.4320296	0.001154335
47.4442512	0.001154335
47.4564728	0.000577167
47.4686944	0.001038901
47.480916	0.000923468
47.4931376	0.001269768
47.5053592	0.001269768
47.5175808	0.000692601
47.5298024	0.000461734
47.542024	0.000692601
47.5542456	0.000923468
47.5664672	0.001269768
47.5786888	0.001154335
47.5909104	0.000808034
47.603132	0.002077802
47.6153536	0.001385201
47.6275752	0.001731502
47.6397968	0.001154335
47.6520184	0.000808034
47.66424	0.001385201
47.6764616	0.001500635
47.6886832	0.001616068
47.7009048	0.001616068
47.7131264	0.001616068
47.725348	0.000808034
47.7375696	0.001731502
47.7497912	0.001038901
47.7620128	0.002770403
47.7742344	0.001616068
47.786456	0.001962369
47.7986776	0.002193236
47.8108992	0.003116703
47.8231208	0.002424103
47.8353424	0.002654969
47.847564	0.003578437
47.8597856	0.002308669
47.8720072	0.003578437
47.8842288	0.003578437
47.8964504	0.002308669
47.908672	0.001500635
47.9208936	0.000923468
47.9331152	0.0003463
47.9453368	0
47.9575584	0
47.96978	0
47.9820016	0
47.9942232	0
48.0064448	0.000115433
48.0186664	0.000115433
48.030888	0
48.0431096	0
48.0553312	0
48.0675528	0
48.0797744	0.000115433
48.091996	0.000230867
48.1042176	0.000115433
48.1164392	0.000115433
48.1286608	0.000115433
48.1408824	0
48.153104	0
48.1653256	0
48.1775472	0
48.1897688	0.000115433
48.2019904	0.000115433
48.214212	0
48.2264336	0
48.2386552	0
48.2508768	0
48.2630984	0.000115433
48.27532	0.000115433
48.2875416	0
48.2997632	0
48.3119848	0
48.3242064	0
48.336428	0
48.3486496	0
48.3608712	0.000230867
48.3730928	0.000230867
48.3853144	0
48.397536	0
48.4097576	0
48.4219792	0
48.4342008	0
48.4464224	0
48.458644	0
48.4708656	0.000115433
48.4830872	0.000115433
48.4953088	0
48.5075304	0
48.519752	0
48.5319736	0
48.5441952	0
48.5564168	0
48.5686384	0
48.58086	0
48.5930816	0
48.6053032	0
48.6175248	0
48.6297464	0
48.641968	0
48.6541896	0
48.6664112	0.000115433
48.6786328	0.000115433
48.6908544	0
48.703076	0
48.7152976	0
48.7275192	0
48.7397408	0
48.7519624	0.000115433
48.764184	0.000115433
48.7764056	0.000115433
48.7886272	0.000115433
48.8008488	0
48.8130704	0
48.825292	0
48.8375136	0
48.8497352	0
48.8619568	0
48.8741784	0
48.8864	0
48.8986216	0
48.9108432	0.000115433
48.9230648	0.000115433
48.9352864	0
48.947508	0
48.9597296	0
48.9719512	0
48.9841728	0
48.9963944	0
49.008616	0
49.0208376	0
49.0330592	0
49.0452808	0.000115433
49.0575024	0.000115433
49.069724	0
49.0819456	0
49.0941672	0
49.1063888	0
49.1186104	0
49.130832	0
49.1430536	0.000115433
49.1552752	0.000115433
49.1674968	0
49.1797184	0.000115433
49.19194	0.000115433
49.2041616	0
49.2163832	0
49.2286048	0
49.2408264	0
49.253048	0
49.2652696	0
49.2774912	0
49.2897128	0
49.3019344	0.000115433
49.314156	0.000115433
49.3263776	0
49.3385992	0.000115433
49.3508208	0.000115433
49.3630424	0
49.375264	0
49.3874856	0.000115433
49.3997072	0.000115433
49.4119288	0
49.4241504	0
49.436372	0
49.4485936	0
49.4608152	0
49.4730368	0.000115433
49.4852584	0.000115433
49.49748	0
49.5097016	0
49.5219232	0
49.5341448	0
49.5463664	0
49.558588	0
49.5708096	0
49.5830312	0.000115433
49.5952528	0.000115433
49.6074744	0
49.619696	0.000115433
49.6319176	0.000115433
49.6441392	0
49.6563608	0
49.6685824	0
49.680804	0
49.6930256	0
49.7052472	0
49.7174688	0
49.7296904	0
49.741912	0
49.7541336	0
49.7663552	0
49.7785768	0
49.7907984	0
49.80302	0
49.8152416	0
49.8274632	0
49.8396848	0
49.8519064	0
49.864128	0
49.8763496	0
49.8885712	0
49.9007928	0
49.9130144	0.000115433
49.925236	0.000115433
49.9374576	0
49.9496792	0
49.9619008	0
49.9741224	0.000230867
49.986344	0.000230867
49.9985656	0
50.0107872	0
50.0230088	0
50.0352304	0
50.047452	0