#time	counts
0	0
0.0122216	0
0.0244432	0
0.0366648	0
0.0488864	0
0.061108	0
0.0733296	0
0.0855512	0
0.0977728	0
0.1099944	0
0.122216	0
0.1344376	0
0.1466592	0
0.1588808	0
0.1711024	0
0.183324	0
0.1955456	0
0.2077672	0
0.2199888	0
0.2322104	0
0.244432	0
0.2566536	0
0.2688752	0
0.2810968	0
0.2933184	0
0.30554	0
0.3177616	0
0.3299832	0
0.3422048	0
0.3544264	0
0.366648	0
0.3788696	0
0.3910912	0
0.4033128	0
0.4155344	0
0.427756	0
0.4399776	0
0.4521992	0
0.4644208	0.000284091
0.4766424	0
0.488864	0.000426136
0.5010856	0.000284091
0.5133072	0.000426136
0.5255288	0.000284091
0.5377504	0.000142045
0.549972	0.000426136
0.5621936	0.000284091
0.5744152	0
0.5866368	0.000426136
0.5988584	0.000284091
0.61108	0.000284091
0.6233016	0.000142045
0.6355232	0.000710227
0.6477448	0
0.6599664	0
0.672188	0.000284091
0.6844096	0.000994318
0.6966312	0.000852273
0.7088528	0.000710227
0.7210744	0.000284091
0.733296	0.000852273
0.7455176	0.000568182
0.7577392	0.000284091
0.7699608	0.000994318
0.7821824	0.000426136
0.794404	0.000852273
0.8066256	0.000426136
0.8188472	0.000426136
0.8310688	0.000994318
0.8432904	0.000568182
0.855512	0.000568182
0.8677336	0.000710227
0.8799552	0.000568182
0.8921768	0.000284091
0.9043984	0.000568182
0.91662	0.000426136
0.9288416	0.000426136
0.9410632	0.001278409
0.9532848	0.000710227
0.9655064	0
0.977728	0.000426136
0.9899496	0.000426136
1.0021712	0.000994318
1.0143928	0.000426136
1.0266144	0.000284091
1.038836	0.000994318
1.0510576	0.000568182
1.0632792	0.000284091
1.0755008	0.000284091
1.0877224	0.000852273
1.099944	0.000568182
1.1121656	0.000284091
1.1243872	0.000710227
1.1366088	0.000142045
1.1488304	0.000426136
1.161052	0.000568182
1.1732736	0.000710227
1.1854952	0.000568182
1.1977168	0.000568182
1.2099384	0.000568182
1.22216	0.000710227
1.2343816	0.000284091
1.2466032	0.000568182
1.2588248	0.000710227
1.2710464	0.000284091
1.283268	0.000852273
1.2954896	0.000994318
1.3077112	0.000710227
1.3199328	0.000994318
1.3321544	0.000852273
1.344376	0.000142045
1.3565976	0.000426136
1.3688192	0.000994318
1.3810408	0.000994318
1.3932624	0.000568182
1.405484	0.000426136
1.4177056	0.000142045
1.4299272	0.000852273
1.4421488	0.000710227
1.4543704	0.000852273
1.466592	0.000426136
1.4788136	0.000284091
1.4910352	0.000426136
1.5032568	0.000568182
1.5154784	0.001136364
1.5277	0.000568182
1.5399216	0.000568182
1.5521432	0.000142045
1.5643648	0.000568182
1.5765864	0.000994318
1.588808	0.000568182
1.6010296	0.000710227
1.6132512	0.000710227
1.6254728	0.000852273
1.6376944	0.001278409
1.649916	0.000284091
1.6621376	0.000426136
1.6743592	0.000142045
1.6865808	0.000852273
1.6988024	0.000426136
1.711024	0.000994318
1.7232456	0.000994318
1.7354672	0.000710227
1.7476888	0.000710227
1.7599104	0.000284091
1.772132	0.000710227
1.7843536	0.000852273
1.7965752	0.000852273
1.8087968	0.000426136
1.8210184	0.000568182
1.83324	0.000852273
1.8454616	0.000426136
1.8576832	0.000568182
1.8699048	0.000426136
1.8821264	0.000710227
1.894348	0.000710227
1.9065696	0.001278409
1.9187912	0.000852273
1.9310128	0.000710227
1.9432344	0.000284091
1.955456	0.000994318
1.9676776	0.000852273
1.9798992	0.000710227
1.9921208	0.001136364
2.0043424	0.000284091
2.016564	0.000710227
2.0287856	0.000710227
2.0410072	0.000284091
2.0532288	0.000284091
2.0654504	0.000568182
2.077672	0.001136364
2.0898936	0.000284091
2.1021152	0.000568182
2.1143368	0.000710227
2.1265584	0.000426136
2.13878	0.001278409
2.1510016	0.000852273
2.1632232	0.000994318
2.1754448	0.000568182
2.1876664	0.000852273
2.199888	0.000852273
2.2121096	0.001420455
2.2243312	0.000852273
2.2365528	0.001136364
2.2487744	0.000568182
2.260996	0.000852273
2.2732176	0.0015625
2.2854392	0.000994318
2.2976608	0.000994318
2.3098824	0.000994318
2.322104	0.001278409
2.3343256	0.001420455
2.3465472	0.000142045
2.3587688	0.001136364
2.3709904	0.0015625
2.383212	0.000568182
2.3954336	0.001136364
2.4076552	0.000568182
2.4198768	0.000710227
2.4320984	0.000994318
2.44432	0.000710227
2.4565416	0.000994318
2.4687632	0.000852273
2.4809848	0.000568182
2.4932064	0.000852273
2.505428	0.000994318
2.5176496	0.000852273
2.5298712	0.000568182
2.5420928	0.000568182
2.5543144	0.001136364
2.566536	0.000994318
2.5787576	0.001136364
2.5909792	0.001278409
2.6032008	0.000710227
2.6154224	0.000994318
2.627644	0.000994318
2.6398656	0.000710227
2.6520872	0.000994318
2.6643088	0.000284091
2.6765304	0.000710227
2.688752	0.000710227
2.7009736	0.001136364
2.7131952	0.001278409
2.7254168	0.000284091
2.7376384	0.001420455
2.74986	0.000852273
2.7620816	0.000994318
2.7743032	0.000568182
2.7865248	0.000710227
2.7987464	0.000284091
2.810968	0.000852273
2.8231896	0.000710227
2.8354112	0.000710227
2.8476328	0.000852273
2.8598544	0.001278409
2.872076	0.0015625
2.8842976	0.000568182
2.8965192	0.000852273
2.9087408	0.001420455
2.9209624	0.000994318
2.933184	0.000284091
2.9454056	0.000852273
2.9576272	0.000852273
2.9698488	0.001278409
2.9820704	0.000426136
2.994292	0.000568182
3.0065136	0.001420455
3.0187352	0.000852273
3.0309568	0.000568182
3.0431784	0.000852273
3.0554	0.001704545
3.0676216	0.000568182
3.0798432	0.001136364
3.0920648	0.001136364
3.1042864	0.001136364
3.116508	0.000852273
3.1287296	0.000568182
3.1409512	0.000852273
3.1531728	0.001278409
3.1653944	0.000710227
3.177616	0.000994318
3.1898376	0.000426136
3.2020592	0.000426136
3.2142808	0.000426136
3.2265024	0.000994318
3.238724	0.001278409
3.2509456	0.000568182
3.2631672	0.000568182
3.2753888	0.000994318
3.2876104	0.001278409
3.299832	0.000710227
3.3120536	0.000710227
3.3242752	0.000568182
3.3364968	0.001136364
3.3487184	0.000852273
3.36094	0.000568182
3.3731616	0.000284091
3.3853832	0.000852273
3.3976048	0.000568182
3.4098264	0.000994318
3.422048	0.000994318
3.4342696	0.000710227
3.4464912	0.0015625
3.4587128	0.000426136
3.4709344	0.000426136
3.483156	0.000568182
3.4953776	0.000568182
3.5075992	0.000568182
3.5198208	0.001420455
3.5320424	0.000710227
3.544264	0.000852273
3.5564856	0.000994318
3.5687072	0.000852273
3.5809288	0.000710227
3.5931504	0.000568182
3.605372	0.000994318
3.6175936	0.000994318
3.6298152	0.000852273
3.6420368	0.000568182
3.6542584	0.000284091
3.66648	0.000568182
3.6787016	0.000426136
3.6909232	0.000426136
3.7031448	0.000568182
3.7153664	0.000852273
3.727588	0.000852273
3.7398096	0.001136364
3.7520312	0.0015625
3.7642528	0.000994318
3.7764744	0.000710227
3.788696	0.000568182
3.8009176	0.000710227
3.8131392	0.000710227
3.8253608	0.000568182
3.8375824	0.000994318
3.849804	0.000710227
3.8620256	0.001704545
3.8742472	0.000426136
3.8864688	0.000426136
3.8986904	0.000568182
3.910912	0.000426136
3.9231336	0.000284091
3.9353552	0.000994318
3.9475768	0.000852273
3.9597984	0.000142045
3.97202	0.001136364
3.9842416	0.000710227
3.9964632	0.000284091
4.0086848	0.001136364
4.0209064	0.000426136
4.033128	0.001420455
4.0453496	0.000568182
4.0575712	0.000852273
4.0697928	0.000426136
4.0820144	0.000852273
4.094236	0.001278409
4.1064576	0.001136364
4.1186792	0.000568182
4.1309008	0.000710227
4.1431224	0.000426136
4.155344	0.000852273
4.1675656	0.001420455
4.1797872	0.001136364
4.1920088	0.000426136
4.2042304	0.000568182
4.216452	0.000852273
4.2286736	0.000568182
4.2408952	0.000994318
4.2531168	0.001278409
4.2653384	0.000568182
4.27756	0.000568182
4.2897816	0.000426136
4.3020032	0.000142045
4.3142248	0.000994318
4.3264464	0.000568182
4.338668	0.001136364
4.3508896	0.000142045
4.3631112	0.000852273
4.3753328	0.000852273
4.3875544	0.000142045
4.399776	0.000568182
4.4119976	0.001420455
4.4242192	0.000852273
4.4364408	0.000284091
4.4486624	0.000710227
4.460884	0.000284091
4.4731056	0.001420455
4.4853272	0.000710227
4.4975488	0.000568182
4.5097704	0.000568182
4.521992	0.000710227
4.5342136	0.000568182
4.5464352	0.000994318
4.5586568	0.000142045
4.5708784	0.001136364
4.5831	0.000852273
4.5953216	0.000852273
4.6075432	0.001420455
4.6197648	0.000568182
4.6319864	0.001704545
4.644208	0.001136364
4.6564296	0.000994318
4.6686512	0.001136364
4.6808728	0.000426136
4.6930944	0.000852273
4.705316	0.000710227
4.7175376	0.000568182
4.7297592	0.000710227
4.7419808	0.000994318
4.7542024	0.000568182
4.766424	0.000426136
4.7786456	0.000710227
4.7908672	0.000852273
4.8030888	0.001704545
4.8153104	0.000568182
4.827532	0.000710227
4.8397536	0.000994318
4.8519752	0.000568182
4.8641968	0.000852273
4.8764184	0.000852273
4.88864	0.000710227
4.9008616	0.000568182
4.9130832	0.000994318
4.9253048	0.001136364
4.9375264	0.000284091
4.949748	0.000710227
4.9619696	0.000852273
4.9741912	0.000710227
4.9864128	0.000994318
4.9986344	0.000568182
5.010856	0.001136364
5.0230776	0.000142045
5.0352992	0.000426136
5.0475208	0.000568182
5.0597424	0.000852273
5.071964	0.000568182
5.0841856	0.000994318
5.0964072	0.001136364
5.1086288	0.000852273
5.1208504	0.000568182
5.133072	0.001278409
5.1452936	0.000426136
5.1575152	0.000994318
5.1697368	0.001136364
5.1819584	0.000994318
5.19418	0.000710227
5.2064016	0.000710227
5.2186232	0.000284091
5.2308448	0.000852273
5.2430664	0.000852273
5.255288	0.000284091
5.2675096	0.001278409
5.2797312	0.000284091
5.2919528	0.000284091
5.3041744	0.001278409
5.316396	0.000994318
5.3286176	0.000710227
5.3408392	0.000426136
5.3530608	0.000710227
5.3652824	0.000994318
5.377504	0.000710227
5.3897256	0.000852273
5.4019472	0.000710227
5.4141688	0.000426136
5.4263904	0.000568182
5.438612	0.001420455
5.4508336	0.000284091
5.4630552	0.000426136
5.4752768	0.000568182
5.4874984	0.000568182
5.49972	0.000568182
5.5119416	0.000852273
5.5241632	0.001136364
5.5363848	0.000568182
5.5486064	0.000852273
5.560828	0.000994318
5.5730496	0.001278409
5.5852712	0.000852273
5.5974928	0.000710227
5.6097144	0.000710227
5.621936	0.000710227
5.6341576	0.001278409
5.6463792	0.000852273
5.6586008	0.0015625
5.6708224	0.001136364
5.683044	0.000994318
5.6952656	0.000568182
5.7074872	0.000710227
5.7197088	0.000852273
5.7319304	0.000994318
5.744152	0.000426136
5.7563736	0.001136364
5.7685952	0.000142045
5.7808168	0.001136364
5.7930384	0.000284091
5.80526	0.000852273
5.8174816	0.000568182
5.8297032	0.000994318
5.8419248	0.001420455
5.8541464	0.000994318
5.866368	0.000426136
5.8785896	0.000710227
5.8908112	0.000852273
5.9030328	0.000426136
5.9152544	0.001420455
5.927476	0.000710227
5.9396976	0.000710227
5.9519192	0.000852273
5.9641408	0.000994318
5.9763624	0.000710227
5.988584	0.000568182
6.0008056	0.000852273
6.0130272	0.001278409
6.0252488	0.000710227
6.0374704	0.000426136
6.049692	0.000568182
6.0619136	0.000426136
6.0741352	0.001136364
6.0863568	0.000710227
6.0985784	0.000710227
6.1108	0.000994318
6.1230216	0.000994318
6.1352432	0.000710227
6.1474648	0.000568182
6.1596864	0.000852273
6.171908	0.000710227
6.1841296	0.001278409
6.1963512	0.000852273
6.2085728	0.001278409
6.2207944	0.000710227
6.233016	0.000568182
6.2452376	0.000994318
6.2574592	0.000568182
6.2696808	0.0015625
6.2819024	0.000852273
6.294124	0.000852273
6.3063456	0.000568182
6.3185672	0.000710227
6.3307888	0.000568182
6.3430104	0.001420455
6.355232	0.000568182
6.3674536	0.000426136
6.3796752	0.000426136
6.3918968	0.000568182
6.4041184	0.000426136
6.41634	0.000568182
6.4285616	0.000426136
6.4407832	0.000426136
6.4530048	0.001136364
6.4652264	0.000568182
6.477448	0.000426136
6.4896696	0.001136364
6.5018912	0.000994318
6.5141128	0.000426136
6.5263344	0.000568182
6.538556	0.000852273
6.5507776	0.001278409
6.5629992	0.001136364
6.5752208	0.000994318
6.5874424	0.000994318
6.599664	0.000994318
6.6118856	0.000710227
6.6241072	0.000710227
6.6363288	0.000284091
6.6485504	0.000710227
6.660772	0.000710227
6.6729936	0.000426136
6.6852152	0.001136364
6.6974368	0.000710227
6.7096584	0.000710227
6.72188	0.000426136
6.7341016	0.001136364
6.7463232	0.001278409
6.7585448	0.000568182
6.7707664	0.000568182
6.782988	0.000852273
6.7952096	0.000852273
6.8074312	0.001136364
6.8196528	0.000142045
6.8318744	0.000568182
6.844096	0.000426136
6.8563176	0.001420455
6.8685392	0.000994318
6.8807608	0.000426136
6.8929824	0.000710227
6.905204	0.001136364
6.9174256	0.000426136
6.9296472	0.001278409
6.9418688	0.000852273
6.9540904	0.000426136
6.966312	0.000568182
6.9785336	0.001136364
6.9907552	0.000142045
7.0029768	0.000994318
7.0151984	0.001136364
7.02742	0.000568182
7.0396416	0.000426136
7.0518632	0.000994318
7.0640848	0.000426136
7.0763064	0.000284091
7.088528	0.000710227
7.1007496	0.000994318
7.1129712	0.000994318
7.1251928	0.001846591
7.1374144	0.0015625
7.149636	0.000284091
7.1618576	0.001278409
7.1740792	0.000568182
7.1863008	0.000710227
7.1985224	0.001136364
7.210744	0.001136364
7.2229656	0.000994318
7.2351872	0.001420455
7.2474088	0.000710227
7.2596304	0.000852273
7.271852	0.001136364
7.2840736	0.000852273
7.2962952	0.000994318
7.3085168	0.000710227
7.3207384	0.000852273
7.33296	0.000710227
7.3451816	0.000852273
7.3574032	0.000426136
7.3696248	0.000994318
7.3818464	0.001420455
7.394068	0.000568182
7.4062896	0.000994318
7.4185112	0.000568182
7.4307328	0.000852273
7.4429544	0.000852273
7.455176	0.000426136
7.4673976	0.000284091
7.4796192	0.000568182
7.4918408	0.000426136
7.5040624	0.000852273
7.516284	0.000710227
7.5285056	0.000710227
7.5407272	0.000994318
7.5529488	0.000284091
7.5651704	0.000710227
7.577392	0.000568182
7.5896136	0.000710227
7.6018352	0.000852273
7.6140568	0.000568182
7.6262784	0.000852273
7.6385	0.000852273
7.6507216	0.000852273
7.6629432	0.000994318
7.6751648	0.001136364
7.6873864	0.000284091
7.699608	0.000710227
7.7118296	0.000568182
7.7240512	0.000710227
7.7362728	0.000426136
7.7484944	0.000284091
7.760716	0.000852273
7.7729376	0.000994318
7.7851592	0.000852273
7.7973808	0.000852273
7.8096024	0.000994318
7.821824	0.000568182
7.8340456	0.000710227
7.8462672	0.000994318
7.8584888	0.000284091
7.8707104	0.000568182
7.882932	0.001278409
7.8951536	0.000284091
7.9073752	0.000568182
7.9195968	0.001136364
7.9318184	0.000852273
7.94404	0.000852273
7.9562616	0.001136364
7.9684832	0.000568182
7.9807048	0.000852273
7.9929264	0.000852273
8.005148	0.000710227
8.0173696	0.001278409
8.0295912	0.000994318
8.0418128	0.000426136
8.0540344	0.000568182
8.066256	0.000852273
8.0784776	0.001278409
8.0906992	0.000710227
8.1029208	0.000142045
8.1151424	0.000568182
8.127364	0.000710227
8.1395856	0.001420455
8.1518072	0.000852273
8.1640288	0.000994318
8.1762504	0.000852273
8.188472	0.000852273
8.2006936	0.000852273
8.2129152	0.000284091
8.2251368	0.000284091
8.2373584	0.001420455
8.24958	0.001136364
8.2618016	0.001136364
8.2740232	0.000994318
8.2862448	0.000710227
8.2984664	0.000710227
8.310688	0.000426136
8.3229096	0.000852273
8.3351312	0.001136364
8.3473528	0.000710227
8.3595744	0.000710227
8.371796	0.000426136
8.3840176	0.000568182
8.3962392	0.000710227
8.4084608	0.0015625
8.4206824	0.000994318
8.432904	0.001136364
8.4451256	0.000710227
8.4573472	0.000426136
8.4695688	0.001136364
8.4817904	0.000994318
8.494012	0.000568182
8.5062336	0.000852273
8.5184552	0.000284091
8.5306768	0.000994318
8.5428984	0.000284091
8.55512	0.001420455
8.5673416	0.000426136
8.5795632	0.001278409
8.5917848	0.000284091
8.6040064	0.000710227
8.616228	0.001278409
8.6284496	0.000852273
8.6406712	0.000426136
8.6528928	0.000852273
8.6651144	0.000852273
8.677336	0.001278409
8.6895576	0.000426136
8.7017792	0.001136364
8.7140008	0.000710227
8.7262224	0.001420455
8.738444	0.000426136
8.7506656	0.000852273
8.7628872	0.001136364
8.7751088	0.001136364
8.7873304	0.000568182
8.799552	0.000994318
8.8117736	0.000568182
8.8239952	0.000568182
8.8362168	0.000994318
8.8484384	0.000852273
8.86066	0.000426136
8.8728816	0.001136364
8.8851032	0.000710227
8.8973248	0.000568182
8.9095464	0.000994318
8.921768	0.000284091
8.9339896	0.000426136
8.9462112	0.000568182
8.9584328	0.000568182
8.9706544	0.000710227
8.982876	0.000568182
8.9950976	0.000568182
9.0073192	0.000284091
9.0195408	0.000994318
9.0317624	0.000994318
9.043984	0.001136364
9.0562056	0.002982955
9.0684272	0.006960227
9.0806488	0.018323864
9.0928704	0.050142045
9.105092	0.096022727
9.1173136	0.177556818
9.1295352	0.28125
9.1417568	0.415767045
9.1539784	0.540909091
9.1662	0.656392045
9.1784216	0.758948864
9.1906432	0.815909091
9.2028648	0.869744318
9.2150864	0.904261364
9.227308	0.952556818
9.2395296	0.954403409
9.2517512	0.980397727
9.2639728	0.989772727
9.2761944	0.971732955
9.288416	0.9640625
9.3006376	0.990625
9.3128592	0.992329545
9.3250808	0.993607955
9.3373024	0.984232955
9.349524	0.985511364
9.3617456	1
9.3739672	0.991761364
9.3861888	0.9734375
9.3984104	0.982244318
9.410632	0.984801136
9.4228536	0.979403409
9.4350752	0.987784091
9.4472968	0.981960227
9.4595184	0.9640625
9.47174	0.983380682
9.4839616	0.992045455
9.4961832	0.961221591
9.5084048	0.982954545
9.5206264	0.975852273
9.532848	0.960227273
9.5450696	0.961079545
9.5572912	0.945454545
9.5695128	0.976278409
9.5817344	0.952698864
9.593956	0.975426136
9.6061776	0.967329545
9.6183992	0.948579545
9.6306208	0.955397727
9.6428424	0.956676136
9.655064	0.954829545
9.6672856	0.948721591
9.6795072	0.923721591
9.6917288	0.949147727
9.7039504	0.916761364
9.716172	0.935511364
9.7283936	0.931960227
9.7406152	0.918323864
9.7528368	0.91875
9.7650584	0.9171875
9.77728	0.9015625
9.7895016	0.906818182
9.8017232	0.920596591
9.8139448	0.896022727
9.8261664	0.889772727
9.838388	0.879403409
9.8506096	0.877414773
9.8628312	0.896022727
9.8750528	0.872017045
9.8872744	0.868181818
9.899496	0.853693182
9.9117176	0.868181818
9.9239392	0.847443182
9.9361608	0.831534091
9.9483824	0.860085227
9.960604	0.832102273
9.9728256	0.847159091
9.9850472	0.850426136
9.9972688	0.825426136
10.0094904	0.820738636
10.021712	0.818039773
10.0339336	0.806960227
10.0461552	0.808948864
10.0583768	0.820880682
10.0705984	0.813352273
10.08282	0.800568182
10.0950416	0.794318182
10.1072632	0.798153409
10.1194848	0.797301136
10.1317064	0.789630682
10.143928	0.784090909
10.1561496	0.790767045
10.1683712	0.776278409
10.1805928	0.7640625
10.1928144	0.758664773
10.205036	0.752698864
10.2172576	0.762784091
10.2294792	0.764488636
10.2417008	0.753693182
10.2539224	0.744318182
10.266144	0.734232955
10.2783656	0.754829545
10.2905872	0.723579545
10.3028088	0.751136364
10.3150304	0.718465909
10.327252	0.719886364
10.3394736	0.730823864
10.3516952	0.722159091
10.3639168	0.730965909
10.3761384	0.705539773
10.38836	0.71875
10.4005816	0.696022727
10.4128032	0.698721591
10.4250248	0.722869318
10.4372464	0.701136364
10.449468	0.702840909
10.4616896	0.689204545
10.4739112	0.690340909
10.4861328	0.686647727
10.4983544	0.664346591
10.510576	0.678977273
10.5227976	0.661079545
10.5350192	0.671164773
10.5472408	0.670170455
10.5594624	0.671590909
10.571684	0.678409091
10.5839056	0.670596591
10.5961272	0.649005682
10.6083488	0.6546875
10.6205704	0.630397727
10.632792	0.656676136
10.6450136	0.646448864
10.6572352	0.632386364
10.6694568	0.628267045
10.6816784	0.642471591
10.6939	0.615625
10.7061216	0.618892045
10.7183432	0.606392045
10.7305648	0.603409091
10.7427864	0.6234375
10.755008	0.610511364
10.7672296	0.611363636
10.7794512	0.5890625
10.7916728	0.598295455
10.8038944	0.602130682
10.816116	0.581818182
10.8283376	0.604829545
10.8405592	0.583948864
10.8527808	0.586079545
10.8650024	0.589772727
10.877224	0.584659091
10.8894456	0.576988636
10.9016672	0.575426136
10.9138888	0.563636364
10.9261104	0.576278409
10.938332	0.575142045
10.9505536	0.560085227
10.9627752	0.540198864
10.9749968	0.564346591
10.9872184	0.547017045
10.99944	0.545738636
11.0116616	0.542329545
11.0238832	0.539204545
11.0361048	0.537215909
11.0483264	0.55
11.060548	0.536505682
11.0727696	0.536789773
11.0849912	0.536789773
11.0972128	0.538778409
11.1094344	0.55
11.121656	0.539204545
11.1338776	0.526420455
11.1460992	0.533806818
11.1583208	0.513210227
11.1705424	0.516051136
11.182764	0.523579545
11.1949856	0.513920455
11.2072072	0.512215909
11.2194288	0.496306818
11.2316504	0.502556818
11.243872	0.509943182
11.2560936	0.491477273
11.2683152	0.496448864
11.2805368	0.497301136
11.2927584	0.483948864
11.30498	0.496732955
11.3172016	0.499431818
11.3294232	0.489346591
11.3416448	0.475710227
11.3538664	0.479261364
11.366088	0.471164773
11.3783096	0.481107955
11.3905312	0.470028409
11.4027528	0.482954545
11.4149744	0.471448864
11.427196	0.473579545
11.4394176	0.463068182
11.4516392	0.440198864
11.4638608	0.451278409
11.4760824	0.460369318
11.488304	0.454261364
11.5005256	0.439204545
11.5127472	0.452556818
11.5249688	0.445738636
11.5371904	0.441477273
11.549412	0.437073864
11.5616336	0.455113636
11.5738552	0.436789773
11.5860768	0.444602273
11.5982984	0.444176136
11.61052	0.444318182
11.6227416	0.426988636
11.6349632	0.436931818
11.6471848	0.420454545
11.6594064	0.433806818
11.671628	0.413068182
11.6838496	0.4140625
11.6960712	0.411221591
11.7082928	0.414346591
11.7205144	0.412784091
11.732736	0.411221591
11.7449576	0.418607955
11.7571792	0.407244318
11.7694008	0.412215909
11.7816224	0.399573864
11.793844	0.397159091
11.8060656	0.403267045
11.8182872	0.403409091
11.8305088	0.398295455
11.8427304	0.386505682
11.854952	0.388210227
11.8671736	0.385369318
11.8793952	0.396448864
11.8916168	0.397727273
11.9038384	0.387357955
11.91606	0.388352273
11.9282816	0.392755682
11.9405032	0.393181818
11.9527248	0.376420455
11.9649464	0.372301136
11.977168	0.380113636
11.9893896	0.365482955
12.0016112	0.370880682
12.0138328	0.372301136
12.0260544	0.3625
12.038276	0.360511364
12.0504976	0.371732955
12.0627192	0.372159091
12.0749408	0.363068182
12.0871624	0.373721591
12.099384	0.361789773
12.1116056	0.359801136
12.1238272	0.359517045
12.1360488	0.351988636
12.1482704	0.354261364
12.160492	0.357670455
12.1727136	0.350426136
12.1849352	0.343892045
12.1971568	0.352982955
12.2093784	0.346164773
12.2216	0.355539773
12.2338216	0.336505682
12.2460432	0.335227273
12.2582648	0.338352273
12.2704864	0.340482955
12.282708	0.324857955
12.2949296	0.328977273
12.3071512	0.328409091
12.3193728	0.333238636
12.3315944	0.33125
12.343816	0.326136364
12.3560376	0.317897727
12.3682592	0.325852273
12.3804808	0.328835227
12.3927024	0.327130682
12.404924	0.327840909
12.4171456	0.326136364
12.4293672	0.325142045
12.4415888	0.311931818
12.4538104	0.320880682
12.466032	0.31875
12.4782536	0.321875
12.4904752	0.311221591
12.5026968	0.299857955
12.5149184	0.299147727
12.52714	0.307670455
12.5393616	0.303693182
12.5515832	0.291903409
12.5638048	0.311221591
12.5760264	0.302556818
12.588248	0.284659091
12.6004696	0.301136364
12.6126912	0.299573864
12.6249128	0.298153409
12.6371344	0.285653409
12.649356	0.287926136
12.6615776	0.282954545
12.6737992	0.290767045
12.6860208	0.298295455
12.6982424	0.2859375
12.710464	0.290198864
12.7226856	0.279261364
12.7349072	0.275284091
12.7471288	0.277272727
12.7593504	0.280681818
12.771572	0.281534091
12.7837936	0.269034091
12.7960152	0.282954545
12.8082368	0.258806818
12.8204584	0.275
12.83268	0.276278409
12.8449016	0.259517045
12.8571232	0.269034091
12.8693448	0.2578125
12.8815664	0.262642045
12.893788	0.259375
12.9060096	0.2609375
12.9182312	0.253267045
12.9304528	0.261789773
12.9426744	0.262642045
12.954896	0.256534091
12.9671176	0.263068182
12.9793392	0.264204545
12.9915608	0.263210227
13.0037824	0.255965909
13.016004	0.256107955
13.0282256	0.258238636
13.0404472	0.246590909
13.0526688	0.252272727
13.0648904	0.243181818
13.077112	0.243892045
13.0893336	0.238636364
13.1015552	0.238068182
13.1137768	0.226704545
13.1259984	0.250852273
13.13822	0.237642045
13.1504416	0.240340909
13.1626632	0.243323864
13.1748848	0.248721591
13.1871064	0.241477273
13.199328	0.237784091
13.2115496	0.225710227
13.2237712	0.241335227
13.2359928	0.218465909
13.2482144	0.226704545
13.260436	0.236789773
13.2726576	0.234232955
13.2848792	0.226420455
13.2971008	0.222585227
13.3093224	0.226136364
13.321544	0.218892045
13.3337656	0.226704545
13.3459872	0.220170455
13.3582088	0.221306818
13.3704304	0.211363636
13.382652	0.2234375
13.3948736	0.224431818
13.4070952	0.215482955
13.4193168	0.2109375
13.4315384	0.220596591
13.44376	0.211789773
13.4559816	0.220880682
13.4682032	0.215767045
13.4804248	0.217045455
13.4926464	0.204403409
13.504868	0.214488636
13.5170896	0.206534091
13.5293112	0.211363636
13.5415328	0.209943182
13.5537544	0.190482955
13.565976	0.209232955
13.5781976	0.215198864
13.5904192	0.19375
13.6026408	0.203835227
13.6148624	0.1984375
13.627084	0.200568182
13.6393056	0.197443182
13.6515272	0.196875
13.6637488	0.189914773
13.6759704	0.196022727
13.688192	0.193323864
13.7004136	0.195454545
13.7126352	0.197301136
13.7248568	0.185511364
13.7370784	0.189488636
13.7493	0.192329545
13.7615216	0.1921875
13.7737432	0.191051136
13.7859648	0.188210227
13.7981864	0.188636364
13.810408	0.187926136
13.8226296	0.190482955
13.8348512	0.188352273
13.8470728	0.1796875
13.8592944	0.187642045
13.871516	0.183238636
13.8837376	0.175142045
13.8959592	0.187073864
13.9081808	0.178835227
13.9204024	0.178267045
13.932624	0.176704545
13.9448456	0.178977273
13.9570672	0.180965909
13.9692888	0.177698864
13.9815104	0.167755682
13.993732	0.172585227
14.0059536	0.175710227
14.0181752	0.172443182
14.0303968	0.170738636
14.0426184	0.165767045
14.05484	0.173579545
14.0670616	0.1765625
14.0792832	0.170880682
14.0915048	0.159232955
14.1037264	0.169176136
14.115948	0.178409091
14.1281696	0.167613636
14.1403912	0.173295455
14.1526128	0.160511364
14.1648344	0.166335227
14.177056	0.168039773
14.1892776	0.161789773
14.2014992	0.156960227
14.2137208	0.168323864
14.2259424	0.160369318
14.238164	0.163210227
14.2503856	0.163210227
14.2626072	0.155113636
14.2748288	0.154971591
14.2870504	0.156392045
14.299272	0.152556818
14.3114936	0.158238636
14.3237152	0.149573864
14.3359368	0.149573864
14.3481584	0.156534091
14.36038	0.152556818
14.3726016	0.156534091
14.3848232	0.153409091
14.3970448	0.153693182
14.4092664	0.160653409
14.421488	0.147443182
14.4337096	0.145880682
14.4459312	0.1453125
14.4581528	0.148295455
14.4703744	0.142329545
14.482596	0.138636364
14.4948176	0.147017045
14.5070392	0.145596591
14.5192608	0.138920455
14.5314824	0.140767045
14.543704	0.138920455
14.5559256	0.146590909
14.5681472	0.134801136
14.5803688	0.140625
14.5925904	0.143607955
14.604812	0.140625
14.6170336	0.140198864
14.6292552	0.140056818
14.6414768	0.137215909
14.6536984	0.1359375
14.66592	0.137357955
14.6781416	0.141193182
14.6903632	0.126988636
14.7025848	0.135653409
14.7148064	0.138210227
14.727028	0.133522727
14.7392496	0.137926136
14.7514712	0.134659091
14.7636928	0.1359375
14.7759144	0.134375
14.788136	0.127840909
14.8003576	0.134659091
14.8125792	0.1328125
14.8248008	0.127414773
14.8370224	0.130965909
14.849244	0.129545455
14.8614656	0.124431818
14.8736872	0.120028409
14.8859088	0.1234375
14.8981304	0.121590909
14.910352	0.131960227
14.9225736	0.122301136
14.9347952	0.122017045
14.9470168	0.120596591
14.9592384	0.1171875
14.97146	0.122585227
14.9836816	0.116619318
14.9959032	0.121875
15.0081248	0.11875
15.0203464	0.127982955
15.032568	0.116761364
15.0447896	0.112784091
15.0570112	0.118892045
15.0692328	0.1171875
15.0814544	0.120880682
15.093676	0.115625
15.1058976	0.112642045
15.1181192	0.11875
15.1303408	0.111647727
15.1425624	0.116051136
15.154784	0.115909091
15.1670056	0.107386364
15.1792272	0.111079545
15.1914488	0.111931818
15.2036704	0.1109375
15.215892	0.110227273
15.2281136	0.118607955
15.2403352	0.108664773
15.2525568	0.108096591
15.2647784	0.106960227
15.277	0.112073864
15.2892216	0.112784091
15.3014432	0.101420455
15.3136648	0.110795455
15.3258864	0.113636364
15.338108	0.102982955
15.3503296	0.107244318
15.3625512	0.104261364
15.3747728	0.102840909
15.3869944	0.104545455
15.399216	0.1078125
15.4114376	0.104545455
15.4236592	0.102982955
15.4358808	0.101704545
15.4481024	0.098579545
15.460324	0.1015625
15.4725456	0.106818182
15.4847672	0.108096591
15.4969888	0.097727273
15.5092104	0.098579545
15.521432	0.100284091
15.5336536	0.099147727
15.5458752	0.098579545
15.5580968	0.0984375
15.5703184	0.094744318
15.58254	0.098579545
15.5947616	0.094602273
15.6069832	0.098721591
15.6192048	0.095170455
15.6314264	0.096448864
15.643648	0.099005682
15.6558696	0.089630682
15.6680912	0.089488636
15.6803128	0.096022727
15.6925344	0.095454545
15.704756	0.093465909
15.7169776	0.087073864
15.7291992	0.100142045
15.7414208	0.085085227
15.7536424	0.086789773
15.765864	0.089914773
15.7780856	0.091477273
15.7903072	0.089346591
15.8025288	0.091193182
15.8147504	0.086789773
15.826972	0.094318182
15.8391936	0.088068182
15.8514152	0.0953125
15.8636368	0.094034091
15.8758584	0.084659091
15.88808	0.092613636
15.9003016	0.085511364
15.9125232	0.088778409
15.9247448	0.092329545
15.9369664	0.079545455
15.949188	0.087073864
15.9614096	0.084090909
15.9736312	0.080823864
15.9858528	0.085511364
15.9980744	0.079261364
16.010296	0.081534091
16.0225176	0.085511364
16.0347392	0.080397727
16.0469608	0.078835227
16.0591824	0.084375
16.071404	0.087784091
16.0836256	0.080255682
16.0958472	0.0796875
16.1080688	0.086505682
16.1202904	0.078551136
16.132512	0.078551136
16.1447336	0.084659091
16.1569552	0.075852273
16.1691768	0.079119318
16.1813984	0.078267045
16.19362	0.077982955
16.2058416	0.074289773
16.2180632	0.081392045
16.2302848	0.079403409
16.2425064	0.074005682
16.254728	0.072017045
16.2669496	0.076704545
16.2791712	0.076278409
16.2913928	0.073295455
16.3036144	0.076420455
16.315836	0.074573864
16.3280576	0.073295455
16.3402792	0.077698864
16.3525008	0.074857955
16.3647224	0.075994318
16.376944	0.0734375
16.3891656	0.071022727
16.4013872	0.073579545
16.4136088	0.078977273
16.4258304	0.070028409
16.438052	0.074431818
16.4502736	0.074147727
16.4624952	0.071306818
16.4747168	0.071022727
16.4869384	0.069318182
16.49916	0.066477273
16.5113816	0.071448864
16.5236032	0.0734375
16.5358248	0.070738636
16.5480464	0.064914773
16.560268	0.0640625
16.5724896	0.070880682
16.5847112	0.071590909
16.5969328	0.064204545
16.6091544	0.068892045
16.621376	0.062215909
16.6335976	0.067613636
16.6458192	0.070170455
16.6580408	0.067045455
16.6702624	0.067613636
16.682484	0.063210227
16.6947056	0.064488636
16.7069272	0.067755682
16.7191488	0.067045455
16.7313704	0.0640625
16.743592	0.069318182
16.7558136	0.068039773
16.7680352	0.066761364
16.7802568	0.060653409
16.7924784	0.065340909
16.8047	0.061931818
16.8169216	0.058806818
16.8291432	0.065767045
16.8413648	0.058664773
16.8535864	0.061079545
16.865808	0.058096591
16.8780296	0.059090909
16.8902512	0.064204545
16.9024728	0.062784091
16.9146944	0.056534091
16.926916	0.060227273
16.9391376	0.055539773
16.9513592	0.058238636
16.9635808	0.058806818
16.9758024	0.059090909
16.988024	0.060511364
17.0002456	0.060085227
17.0124672	0.056392045
17.0246888	0.060369318
17.0369104	0.062357955
17.049132	0.054403409
17.0613536	0.061363636
17.0735752	0.058664773
17.0857968	0.060653409
17.0980184	0.058664773
17.11024	0.054545455
17.1224616	0.057954545
17.1346832	0.056107955
17.1469048	0.054261364
17.1591264	0.050568182
17.171348	0.056818182
17.1835696	0.051420455
17.1957912	0.051420455
17.2080128	0.051988636
17.2202344	0.052556818
17.232456	0.057528409
17.2446776	0.055823864
17.2568992	0.058948864
17.2691208	0.051988636
17.2813424	0.053125
17.293564	0.054119318
17.3057856	0.054971591
17.3180072	0.050852273
17.3302288	0.055823864
17.3424504	0.055255682
17.354672	0.049289773
17.3668936	0.0484375
17.3791152	0.049431818
17.3913368	0.050568182
17.4035584	0.050994318
17.41578	0.050710227
17.4280016	0.054971591
17.4402232	0.049147727
17.4524448	0.049005682
17.4646664	0.049289773
17.476888	0.044886364
17.4891096	0.050284091
17.5013312	0.049857955
17.5135528	0.047443182
17.5257744	0.051988636
17.537996	0.050710227
17.5502176	0.049147727
17.5624392	0.049005682
17.5746608	0.048721591
17.5868824	0.053125
17.599104	0.048011364
17.6113256	0.043465909
17.6235472	0.049431818
17.6357688	0.052982955
17.6479904	0.04375
17.660212	0.048579545
17.6724336	0.051278409
17.6846552	0.044034091
17.6968768	0.046448864
17.7090984	0.0484375
17.72132	0.051420455
17.7335416	0.048295455
17.7457632	0.041903409
17.7579848	0.041477273
17.7702064	0.043892045
17.782428	0.050426136
17.7946496	0.042471591
17.8068712	0.042613636
17.8190928	0.045880682
17.8313144	0.044318182
17.843536	0.042045455
17.8557576	0.044034091
17.8679792	0.042329545
17.8802008	0.043607955
17.8924224	0.041051136
17.904644	0.04375
17.9168656	0.0421875
17.9290872	0.043181818
17.9413088	0.042755682
17.9535304	0.041193182
17.965752	0.042897727
17.9779736	0.044034091
17.9901952	0.045880682
18.0024168	0.044176136
18.0146384	0.041193182
18.02686	0.044176136
18.0390816	0.049289773
18.0513032	0.038636364
18.0635248	0.040482955
18.0757464	0.041193182
18.087968	0.042045455
18.1001896	0.040056818
18.1124112	0.042471591
18.1246328	0.035369318
18.1368544	0.040767045
18.149076	0.036221591
18.1612976	0.045880682
18.1735192	0.040767045
18.1857408	0.037642045
18.1979624	0.036647727
18.210184	0.041903409
18.2224056	0.039630682
18.2346272	0.039204545
18.2468488	0.039772727
18.2590704	0.034801136
18.271292	0.039488636
18.2835136	0.0375
18.2957352	0.039346591
18.3079568	0.037215909
18.3201784	0.040198864
18.3324	0.036505682
18.3446216	0.036221591
18.3568432	0.039204545
18.3690648	0.036931818
18.3812864	0.038210227
18.393508	0.038352273
18.4057296	0.034232955
18.4179512	0.038778409
18.4301728	0.037215909
18.4423944	0.038636364
18.454616	0.036079545
18.4668376	0.034517045
18.4790592	0.037073864
18.4912808	0.036505682
18.5035024	0.035795455
18.515724	0.038636364
18.5279456	0.035653409
18.5401672	0.035085227
18.5523888	0.036221591
18.5646104	0.035085227
18.576832	0.031676136
18.5890536	0.037357955
18.6012752	0.038068182
18.6134968	0.034517045
18.6257184	0.032386364
18.63794	0.036647727
18.6501616	0.030113636
18.6623832	0.032528409
18.6746048	0.034517045
18.6868264	0.033238636
18.699048	0.0359375
18.7112696	0.032670455
18.7234912	0.031960227
18.7357128	0.030965909
18.7479344	0.033664773
18.760156	0.032670455
18.7723776	0.030255682
18.7845992	0.033948864
18.7968208	0.030539773
18.8090424	0.030965909
18.821264	0.030113636
18.8334856	0.032102273
18.8457072	0.033096591
18.8579288	0.030397727
18.8701504	0.029261364
18.882372	0.032954545
18.8945936	0.0296875
18.9068152	0.032528409
18.9190368	0.031392045
18.9312584	0.029829545
18.94348	0.027840909
18.9557016	0.032102273
18.9679232	0.027698864
18.9801448	0.035227273
18.9923664	0.028267045
19.004588	0.030965909
19.0168096	0.029403409
19.0290312	0.030823864
19.0412528	0.029829545
19.0534744	0.026420455
19.065696	0.026704545
19.0779176	0.031960227
19.0901392	0.027982955
19.1023608	0.029545455
19.1145824	0.030255682
19.126804	0.030113636
19.1390256	0.030397727
19.1512472	0.022869318
19.1634688	0.028977273
19.1756904	0.03125
19.187912	0.024857955
19.2001336	0.028693182
19.2123552	0.026846591
19.2245768	0.033948864
19.2367984	0.026136364
19.24902	0.026420455
19.2612416	0.030255682
19.2734632	0.025710227
19.2856848	0.029971591
19.2979064	0.025710227
19.310128	0.028125
19.3223496	0.030965909
19.3345712	0.027414773
19.3467928	0.026988636
19.3590144	0.027840909
19.371236	0.027130682
19.3834576	0.028267045
19.3956792	0.028835227
19.4079008	0.025142045
19.4201224	0.026846591
19.432344	0.025994318
19.4445656	0.031534091
19.4567872	0.021732955
19.4690088	0.025284091
19.4812304	0.025852273
19.493452	0.023863636
19.5056736	0.025142045
19.5178952	0.025284091
19.5301168	0.024857955
19.5423384	0.023011364
19.55456	0.022443182
19.5667816	0.024857955
19.5790032	0.023295455
19.5912248	0.023863636
19.6034464	0.023579545
19.615668	0.026420455
19.6278896	0.026420455
19.6401112	0.024431818
19.6523328	0.027272727
19.6645544	0.025426136
19.676776	0.024147727
19.6889976	0.023295455
19.7012192	0.025284091
19.7134408	0.022443182
19.7256624	0.024857955
19.737884	0.021448864
19.7501056	0.021732955
19.7623272	0.021590909
19.7745488	0.023153409
19.7867704	0.023863636
19.798992	0.026136364
19.8112136	0.023863636
19.8234352	0.021875
19.8356568	0.022443182
19.8478784	0.022159091
19.8601	0.021164773
19.8723216	0.021732955
19.8845432	0.021306818
19.8967648	0.022585227
19.9089864	0.024005682
19.921208	0.022869318
19.9334296	0.027130682
19.9456512	0.023153409
19.9578728	0.022301136
19.9700944	0.021306818
19.982316	0.019886364
19.9945376	0.022443182
20.0067592	0.020596591
20.0189808	0.020596591
20.0312024	0.025568182
20.043424	0.018181818
20.0556456	0.023153409
20.0678672	0.021022727
20.0800888	0.022443182
20.0923104	0.021022727
20.104532	0.021875
20.1167536	0.021448864
20.1289752	0.022727273
20.1411968	0.019318182
20.1534184	0.018039773
20.16564	0.022585227
20.1778616	0.023863636
20.1900832	0.018607955
20.2023048	0.022159091
20.2145264	0.020454545
20.226748	0.019176136
20.2389696	0.022017045
20.2511912	0.0203125
20.2634128	0.021875
20.2756344	0.018323864
20.287856	0.018465909
20.3000776	0.018181818
20.3122992	0.019744318
20.3245208	0.019460227
20.3367424	0.016761364
20.348964	0.019886364
20.3611856	0.018181818
20.3734072	0.018039773
20.3856288	0.021164773
20.3978504	0.018892045
20.410072	0.021306818
20.4222936	0.017755682
20.4345152	0.020170455
20.4467368	0.018039773
20.4589584	0.019034091
20.47118	0.019460227
20.4834016	0.018323864
20.4956232	0.019034091
20.5078448	0.019460227
20.5200664	0.018181818
20.532288	0.020738636
20.5445096	0.019034091
20.5567312	0.018607955
20.5689528	0.018892045
20.5811744	0.018465909
20.593396	0.021164773
20.6056176	0.015767045
20.6178392	0.017471591
20.6300608	0.016619318
20.6422824	0.019318182
20.654504	0.018465909
20.6667256	0.015909091
20.6789472	0.016477273
20.6911688	0.020170455
20.7033904	0.017897727
20.715612	0.020454545
20.7278336	0.017045455
20.7400552	0.017755682
20.7522768	0.017897727
20.7644984	0.018323864
20.77672	0.017471591
20.7889416	0.019034091
20.8011632	0.017613636
20.8133848	0.015767045
20.8256064	0.017045455
20.837828	0.016761364
20.8500496	0.015625
20.8622712	0.016051136
20.8744928	0.016051136
20.8867144	0.016477273
20.898936	0.015340909
20.9111576	0.015767045
20.9233792	0.016619318
20.9356008	0.016193182
20.9478224	0.015056818
20.960044	0.016477273
20.9722656	0.017755682
20.9844872	0.015482955
20.9967088	0.017471591
21.0089304	0.014346591
21.021152	0.014772727
21.0333736	0.018892045
21.0455952	0.014488636
21.0578168	0.015625
21.0700384	0.013636364
21.08226	0.014772727
21.0944816	0.016477273
21.1067032	0.0140625
21.1189248	0.014772727
21.1311464	0.017045455
21.143368	0.017329545
21.1555896	0.015625
21.1678112	0.014346591
21.1800328	0.014914773
21.1922544	0.015482955
21.204476	0.014772727
21.2166976	0.013494318
21.2289192	0.013920455
21.2411408	0.013068182
21.2533624	0.014630682
21.265584	0.014346591
21.2778056	0.014914773
21.2900272	0.014630682
21.3022488	0.014772727
21.3144704	0.011789773
21.326692	0.014630682
21.3389136	0.014914773
21.3511352	0.016477273
21.3633568	0.012784091
21.3755784	0.0140625
21.3878	0.016903409
21.4000216	0.011931818
21.4122432	0.013210227
21.4244648	0.012215909
21.4366864	0.014204545
21.448908	0.015056818
21.4611296	0.015909091
21.4733512	0.013636364
21.4855728	0.015198864
21.4977944	0.013068182
21.510016	0.0125
21.5222376	0.015056818
21.5344592	0.015482955
21.5466808	0.010085227
21.5589024	0.013778409
21.571124	0.012784091
21.5833456	0.010511364
21.5955672	0.0171875
21.6077888	0.010653409
21.6200104	0.012926136
21.632232	0.012357955
21.6444536	0.012073864
21.6566752	0.014204545
21.6688968	0.012642045
21.6811184	0.011221591
21.69334	0.0140625
21.7055616	0.013352273
21.7177832	0.012926136
21.7300048	0.011931818
21.7422264	0.011505682
21.754448	0.012357955
21.7666696	0.014204545
21.7788912	0.010653409
21.7911128	0.0125
21.8033344	0.015340909
21.815556	0.014346591
21.8277776	0.014772727
21.8399992	0.013068182
21.8522208	0.015625
21.8644424	0.011363636
21.876664	0.011931818
21.8888856	0.011505682
21.9011072	0.013068182
21.9133288	0.0109375
21.9255504	0.013778409
21.937772	0.0109375
21.9499936	0.014346591
21.9622152	0.012215909
21.9744368	0.010511364
21.9866584	0.010369318
21.99888	0.013210227
22.0111016	0.010653409
22.0233232	0.010795455
22.0355448	0.013068182
22.0477664	0.009375
22.059988	0.011079545
22.0722096	0.010227273
22.0844312	0.010227273
22.0966528	0.012215909
22.1088744	0.010795455
22.121096	0.012357955
22.1333176	0.011789773
22.1455392	0.011789773
22.1577608	0.008096591
22.1699824	0.011505682
22.182204	0.011789773
22.1944256	0.008380682
22.2066472	0.011363636
22.2188688	0.011505682
22.2310904	0.011931818
22.243312	0.008522727
22.2555336	0.010795455
22.2677552	0.011363636
22.2799768	0.012926136
22.2921984	0.011647727
22.30442	0.010795455
22.3166416	0.011221591
22.3288632	0.009517045
22.3410848	0.012215909
22.3533064	0.010653409
22.365528	0.0109375
22.3777496	0.009801136
22.3899712	0.010795455
22.4021928	0.011505682
22.4144144	0.010795455
22.426636	0.009943182
22.4388576	0.0109375
22.4510792	0.009659091
22.4633008	0.010227273
22.4755224	0.0109375
22.487744	0.009943182
22.4999656	0.009801136
22.5121872	0.007528409
22.5244088	0.009232955
22.5366304	0.011221591
22.548852	0.009090909
22.5610736	0.008238636
22.5732952	0.009801136
22.5855168	0.009801136
22.5977384	0.012784091
22.60996	0.010653409
22.6221816	0.010369318
22.6344032	0.009943182
22.6466248	0.010227273
22.6588464	0.008238636
22.671068	0.008238636
22.6832896	0.011221591
22.6955112	0.011505682
22.7077328	0.010085227
22.7199544	0.009801136
22.732176	0.009943182
22.7443976	0.009801136
22.7566192	0.010795455
22.7688408	0.007954545
22.7810624	0.009232955
22.793284	0.008522727
22.8055056	0.010085227
22.8177272	0.009659091
22.8299488	0.007386364
22.8421704	0.009943182
22.854392	0.012073864
22.8666136	0.008522727
22.8788352	0.010369318
22.8910568	0.010511364
22.9032784	0.008380682
22.9155	0.010227273
22.9277216	0.008380682
22.9399432	0.009232955
22.9521648	0.011079545
22.9643864	0.006392045
22.976608	0.010653409
22.9888296	0.008664773
23.0010512	0.008806818
23.0132728	0.009090909
23.0254944	0.008806818
23.037716	0.008522727
23.0499376	0.008664773
23.0621592	0.008380682
23.0743808	0.007670455
23.0866024	0.009659091
23.098824	0.008238636
23.1110456	0.007386364
23.1232672	0.007670455
23.1354888	0.009090909
23.1477104	0.009232955
23.159932	0.008806818
23.1721536	0.008806818
23.1843752	0.008096591
23.1965968	0.010085227
23.2088184	0.006534091
23.22104	0.007528409
23.2332616	0.007528409
23.2454832	0.008806818
23.2577048	0.008380682
23.2699264	0.005965909
23.282148	0.008806818
23.2943696	0.005397727
23.3065912	0.007528409
23.3188128	0.007670455
23.3310344	0.007670455
23.343256	0.008238636
23.3554776	0.007528409
23.3676992	0.008238636
23.3799208	0.007954545
23.3921424	0.0078125
23.404364	0.0078125
23.4165856	0.006107955
23.4288072	0.008806818
23.4410288	0.007528409
23.4532504	0.008806818
23.465472	0.008238636
23.4776936	0.007528409
23.4899152	0.007528409
23.5021368	0.006960227
23.5143584	0.007102273
23.52658	0.006960227
23.5388016	0.00625
23.5510232	0.007244318
23.5632448	0.007670455
23.5754664	0.008096591
23.587688	0.007954545
23.5999096	0.006676136
23.6121312	0.008238636
23.6243528	0.005965909
23.6365744	0.006107955
23.648796	0.008664773
23.6610176	0.007102273
23.6732392	0.007954545
23.6854608	0.005539773
23.6976824	0.007528409
23.709904	0.007244318
23.7221256	0.005539773
23.7343472	0.007954545
23.7465688	0.008806818
23.7587904	0.006534091
23.771012	0.006818182
23.7832336	0.007386364
23.7954552	0.006818182
23.8076768	0.007244318
23.8198984	0.0078125
23.83212	0.006107955
23.8443416	0.006392045
23.8565632	0.006392045
23.8687848	0.006960227
23.8810064	0.007670455
23.893228	0.007102273
23.9054496	0.005681818
23.9176712	0.006107955
23.9298928	0.006534091
23.9421144	0.007386364
23.954336	0.008238636
23.9665576	0.007670455
23.9787792	0.009090909
23.9910008	0.006107955
24.0032224	0.006818182
24.015444	0.0046875
24.0276656	0.0078125
24.0398872	0.005255682
24.0521088	0.006818182
24.0643304	0.006107955
24.076552	0.0046875
24.0887736	0.008664773
24.1009952	0.007670455
24.1132168	0.008948864
24.1254384	0.007102273
24.13766	0.00625
24.1498816	0.007244318
24.1621032	0.005823864
24.1743248	0.007386364
24.1865464	0.00625
24.198768	0.00625
24.2109896	0.004403409
24.2232112	0.00625
24.2354328	0.00625
24.2476544	0.005823864
24.259876	0.006818182
24.2720976	0.006676136
24.2843192	0.00625
24.2965408	0.004829545
24.3087624	0.006676136
24.320984	0.008238636
24.3332056	0.006392045
24.3454272	0.005539773
24.3576488	0.005113636
24.3698704	0.008238636
24.382092	0.005255682
24.3943136	0.005113636
24.4065352	0.004971591
24.4187568	0.005113636
24.4309784	0.005113636
24.4432	0.005255682
24.4554216	0.006392045
24.4676432	0.006107955
24.4798648	0.005965909
24.4920864	0.005397727
24.504308	0.004545455
24.5165296	0.005397727
24.5287512	0.005255682
24.5409728	0.005539773
24.5531944	0.007670455
24.565416	0.005397727
24.5776376	0.006960227
24.5898592	0.006107955
24.6020808	0.005823864
24.6143024	0.006534091
24.626524	0.005681818
24.6387456	0.006676136
24.6509672	0.005255682
24.6631888	0.005539773
24.6754104	0.006392045
24.687632	0.005681818
24.6998536	0.004403409
24.7120752	0.004261364
24.7242968	0.006534091
24.7365184	0.005397727
24.74874	0.004261364
24.7609616	0.005823864
24.7731832	0.00625
24.7854048	0.004971591
24.7976264	0.003409091
24.809848	0.005539773
24.8220696	0.006960227
24.8342912	0.0046875
24.8465128	0.005255682
24.8587344	0.00625
24.870956	0.005397727
24.8831776	0.005965909
24.8953992	0.004403409
24.9076208	0.006534091
24.9198424	0.005397727
24.932064	0.005255682
24.9442856	0.005539773
24.9565072	0.004119318
24.9687288	0.004829545
24.9809504	0.0046875
24.993172	0.004971591
25.0053936	0.006960227
25.0176152	0.004261364
25.0298368	0.003409091
25.0420584	0.0046875
25.05428	0.004119318
25.0665016	0.005823864
25.0787232	0.004971591
25.0909448	0.003977273
25.1031664	0.007386364
25.115388	0.005255682
25.1276096	0.0046875
25.1398312	0.006534091
25.1520528	0.005965909
25.1642744	0.005113636
25.176496	0.00625
25.1887176	0.004971591
25.2009392	0.0046875
25.2131608	0.004119318
25.2253824	0.003977273
25.237604	0.003835227
25.2498256	0.004119318
25.2620472	0.004119318
25.2742688	0.004971591
25.2864904	0.005539773
25.298712	0.004119318
25.3109336	0.003409091
25.3231552	0.005255682
25.3353768	0.005397727
25.3475984	0.004545455
25.35982	0.005255682
25.3720416	0.004829545
25.3842632	0.003835227
25.3964848	0.005113636
25.4087064	0.004403409
25.420928	0.004261364
25.4331496	0.005965909
25.4453712	0.003551136
25.4575928	0.003551136
25.4698144	0.005113636
25.482036	0.004829545
25.4942576	0.004545455
25.5064792	0.003835227
25.5187008	0.0046875
25.5309224	0.006534091
25.543144	0.003267045
25.5553656	0.003551136
25.5675872	0.003977273
25.5798088	0.006534091
25.5920304	0.004261364
25.604252	0.004829545
25.6164736	0.004829545
25.6286952	0.004261364
25.6409168	0.005539773
25.6531384	0.004119318
25.66536	0.004119318
25.6775816	0.003551136
25.6898032	0.003693182
25.7020248	0.004545455
25.7142464	0.004403409
25.726468	0.005255682
25.7386896	0.005823864
25.7509112	0.003977273
25.7631328	0.003551136
25.7753544	0.004119318
25.787576	0.003835227
25.7997976	0.003835227
25.8120192	0.003267045
25.8242408	0.004119318
25.8364624	0.003835227
25.848684	0.003835227
25.8609056	0.004403409
25.8731272	0.003977273
25.8853488	0.004119318
25.8975704	0.0046875
25.909792	0.004971591
25.9220136	0.002556818
25.9342352	0.003267045
25.9464568	0.002414773
25.9586784	0.004971591
25.9709	0.004403409
25.9831216	0.005255682
25.9953432	0.004403409
26.0075648	0.002556818
26.0197864	0.004403409
26.032008	0.004119318
26.0442296	0.004403409
26.0564512	0.003693182
26.0686728	0.005113636
26.0808944	0.003835227
26.093116	0.0046875
26.1053376	0.004971591
26.1175592	0.004119318
26.1297808	0.003977273
26.1420024	0.004545455
26.154224	0.004829545
26.1664456	0.003693182
26.1786672	0.004971591
26.1908888	0.004261364
26.2031104	0.004119318
26.215332	0.003693182
26.2275536	0.003977273
26.2397752	0.004119318
26.2519968	0.0046875
26.2642184	0.003267045
26.27644	0.004119318
26.2886616	0.004119318
26.3008832	0.002982955
26.3131048	0.003551136
26.3253264	0.003693182
26.337548	0.003267045
26.3497696	0.003125
26.3619912	0.002414773
26.3742128	0.003551136
26.3864344	0.002982955
26.398656	0.003125
26.4108776	0.002840909
26.4230992	0.0046875
26.4353208	0.003267045
26.4475424	0.003551136
26.459764	0.003835227
26.4719856	0.003267045
26.4842072	0.003835227
26.4964288	0.003551136
26.5086504	0.003693182
26.520872	0.004261364
26.5330936	0.003409091
26.5453152	0.002982955
26.5575368	0.0046875
26.5697584	0.004545455
26.58198	0.004261364
26.5942016	0.004829545
26.6064232	0.003693182
26.6186448	0.002982955
26.6308664	0.002840909
26.643088	0.002556818
26.6553096	0.0046875
26.6675312	0.004971591
26.6797528	0.003693182
26.6919744	0.002840909
26.704196	0.003835227
26.7164176	0.002982955
26.7286392	0.002414773
26.7408608	0.004119318
26.7530824	0.002698864
26.765304	0.003835227
26.7775256	0.002840909
26.7897472	0.003693182
26.8019688	0.004261364
26.8141904	0.003835227
26.826412	0.003551136
26.8386336	0.003267045
26.8508552	0.003125
26.8630768	0.004119318
26.8752984	0.003693182
26.88752	0.003551136
26.8997416	0.003125
26.9119632	0.002840909
26.9241848	0.002556818
26.9364064	0.003835227
26.948628	0.003835227
26.9608496	0.002130682
26.9730712	0.004403409
26.9852928	0.002840909
26.9975144	0.004261364
27.009736	0.005113636
27.0219576	0.003409091
27.0341792	0.003267045
27.0464008	0.003267045
27.0586224	0.002982955
27.070844	0.002982955
27.0830656	0.002414773
27.0952872	0.003977273
27.1075088	0.002698864
27.1197304	0.002698864
27.131952	0.002840909
27.1441736	0.003125
27.1563952	0.004119318
27.1686168	0.004261364
27.1808384	0.003835227
27.19306	0.003835227
27.2052816	0.001988636
27.2175032	0.002130682
27.2297248	0.002130682
27.2419464	0.002982955
27.254168	0.002840909
27.2663896	0.003551136
27.2786112	0.002130682
27.2908328	0.003125
27.3030544	0.002840909
27.315276	0.002982955
27.3274976	0.003977273
27.3397192	0.002414773
27.3519408	0.003409091
27.3641624	0.003551136
27.376384	0.002982955
27.3886056	0.002130682
27.4008272	0.002982955
27.4130488	0.003693182
27.4252704	0.004261364
27.437492	0.002982955
27.4497136	0.003267045
27.4619352	0.002556818
27.4741568	0.003551136
27.4863784	0.002414773
27.4986	0.003409091
27.5108216	0.002698864
27.5230432	0.002272727
27.5352648	0.003977273
27.5474864	0.003693182
27.559708	0.002840909
27.5719296	0.003693182
27.5841512	0.002840909
27.5963728	0.003267045
27.6085944	0.001704545
27.620816	0.003977273
27.6330376	0.003551136
27.6452592	0.003409091
27.6574808	0.003125
27.6697024	0.003409091
27.681924	0.002840909
27.6941456	0.001704545
27.7063672	0.003693182
27.7185888	0.002982955
27.7308104	0.003125
27.743032	0.002840909
27.7552536	0.003693182
27.7674752	0.002556818
27.7796968	0.002982955
27.7919184	0.003125
27.80414	0.003551136
27.8163616	0.002698864
27.8285832	0.001988636
27.8408048	0.002272727
27.8530264	0.003835227
27.865248	0.002556818
27.8774696	0.003551136
27.8896912	0.002414773
27.9019128	0.002130682
27.9141344	0.002982955
27.926356	0.002414773
27.9385776	0.001846591
27.9507992	0.001988636
27.9630208	0.002556818
27.9752424	0.002556818
27.987464	0.002982955
27.9996856	0.002982955
28.0119072	0.003551136
28.0241288	0.003267045
28.0363504	0.003693182
28.048572	0.002840909
28.0607936	0.003409091
28.0730152	0.002840909
28.0852368	0.002698864
28.0974584	0.002272727
28.10968	0.002556818
28.1219016	0.003551136
28.1341232	0.002982955
28.1463448	0.002982955
28.1585664	0.002414773
28.170788	0.001136364
28.1830096	0.002272727
28.1952312	0.003267045
28.2074528	0.001988636
28.2196744	0.002698864
28.231896	0.001704545
28.2441176	0.001704545
28.2563392	0.002272727
28.2685608	0.001988636
28.2807824	0.002840909
28.293004	0.002982955
28.3052256	0.002556818
28.3174472	0.002698864
28.3296688	0.002414773
28.3418904	0.002698864
28.354112	0.001704545
28.3663336	0.002556818
28.3785552	0.002414773
28.3907768	0.002840909
28.4029984	0.002698864
28.41522	0.002414773
28.4274416	0.003977273
28.4396632	0.003267045
28.4518848	0.002556818
28.4641064	0.001704545
28.476328	0.002130682
28.4885496	0.002556818
28.5007712	0.002130682
28.5129928	0.003125
28.5252144	0.001988636
28.537436	0.001846591
28.5496576	0.002414773
28.5618792	0.001846591
28.5741008	0.001704545
28.5863224	0.002840909
28.598544	0.002272727
28.6107656	0.001988636
28.6229872	0.002840909
28.6352088	0.001988636
28.6474304	0.002698864
28.659652	0.002414773
28.6718736	0.001988636
28.6840952	0.001704545
28.6963168	0.0015625
28.7085384	0.001988636
28.72076	0.0015625
28.7329816	0.002414773
28.7452032	0.002698864
28.7574248	0.001988636
28.7696464	0.002130682
28.781868	0.001846591
28.7940896	0.002272727
28.8063112	0.002698864
28.8185328	0.001704545
28.8307544	0.0015625
28.842976	0.003409091
28.8551976	0.001846591
28.8674192	0.001846591
28.8796408	0.002414773
28.8918624	0.002698864
28.904084	0.003409091
28.9163056	0.002414773
28.9285272	0.001988636
28.9407488	0.002840909
28.9529704	0.001704545
28.965192	0.0015625
28.9774136	0.0015625
28.9896352	0.002130682
29.0018568	0.002272727
29.0140784	0.002130682
29.0263	0.001420455
29.0385216	0.002130682
29.0507432	0.002272727
29.0629648	0.002130682
29.0751864	0.002982955
29.087408	0.002982955
29.0996296	0.0015625
29.1118512	0.0015625
29.1240728	0.0015625
29.1362944	0.002272727
29.148516	0.002556818
29.1607376	0.002414773
29.1729592	0.002414773
29.1851808	0.002698864
29.1974024	0.002698864
29.209624	0.001704545
29.2218456	0.001846591
29.2340672	0.001988636
29.2462888	0.001846591
29.2585104	0.002982955
29.270732	0.001704545
29.2829536	0.002272727
29.2951752	0.001988636
29.3073968	0.002130682
29.3196184	0.000568182
29.33184	0.001704545
29.3440616	0.002414773
29.3562832	0.002698864
29.3685048	0.002272727
29.3807264	0.002414773
29.392948	0.002130682
29.4051696	0.002556818
29.4173912	0.001846591
29.4296128	0.001846591
29.4418344	0.001704545
29.454056	0.001988636
29.4662776	0.0015625
29.4784992	0.001278409
29.4907208	0.001136364
29.5029424	0.001846591
29.515164	0.002982955
29.5273856	0.001846591
29.5396072	0.001278409
29.5518288	0.002556818
29.5640504	0.001846591
29.576272	0.001846591
29.5884936	0.002130682
29.6007152	0.002272727
29.6129368	0.0015625
29.6251584	0.002414773
29.63738	0.001846591
29.6496016	0.001420455
29.6618232	0.002840909
29.6740448	0.002840909
29.6862664	0.001704545
29.698488	0.002272727
29.7107096	0.001988636
29.7229312	0.001846591
29.7351528	0.001704545
29.7473744	0.002272727
29.759596	0.001846591
29.7718176	0.0015625
29.7840392	0.001988636
29.7962608	0.001846591
29.8084824	0.001704545
29.820704	0.002130682
29.8329256	0.001846591
29.8451472	0.001704545
29.8573688	0.002130682
29.8695904	0.001278409
29.881812	0.001846591
29.8940336	0.002414773
29.9062552	0.001136364
29.9184768	0.001846591
29.9306984	0.002272727
29.94292	0.002130682
29.9551416	0.001420455
29.9673632	0.001846591
29.9795848	0.001136364
29.9918064	0.001420455
30.004028	0.001136364
30.0162496	0.001846591
30.0284712	0.000994318
30.0406928	0.001278409
30.0529144	0.001420455
30.065136	0.002272727
30.0773576	0.002272727
30.0895792	0.001420455
30.1018008	0.002272727
30.1140224	0.000994318
30.126244	0.002556818
30.1384656	0.002982955
30.1506872	0.001420455
30.1629088	0.001278409
30.1751304	0.001136364
30.187352	0.001278409
30.1995736	0.002414773
30.2117952	0.002556818
30.2240168	0.001988636
30.2362384	0.001136364
30.24846	0.002130682
30.2606816	0.001988636
30.2729032	0.001988636
30.2851248	0.001420455
30.2973464	0.002414773
30.309568	0.001704545
30.3217896	0.001278409
30.3340112	0.001704545
30.3462328	0.001278409
30.3584544	0.002272727
30.370676	0.001278409
30.3828976	0.002130682
30.3951192	0.001136364
30.4073408	0.001278409
30.4195624	0.001136364
30.431784	0.001846591
30.4440056	0.000994318
30.4562272	0.0015625
30.4684488	0.001136364
30.4806704	0.0015625
30.492892	0.002130682
30.5051136	0.000710227
30.5173352	0.002414773
30.5295568	0.001136364
30.5417784	0.001278409
30.554	0.001278409
30.5662216	0.0015625
30.5784432	0.002130682
30.5906648	0.001988636
30.6028864	0.0015625
30.615108	0.001988636
30.6273296	0.001846591
30.6395512	0.0015625
30.6517728	0.001278409
30.6639944	0.001846591
30.676216	0.001136364
30.6884376	0.001846591
30.7006592	0.001420455
30.7128808	0.001136364
30.7251024	0.0015625
30.737324	0.0015625
30.7495456	0.001420455
30.7617672	0.001420455
30.7739888	0.000994318
30.7862104	0.0015625
30.798432	0.0015625
30.8106536	0.002272727
30.8228752	0.001278409
30.8350968	0.0015625
30.8473184	0.001846591
30.85954	0.001278409
30.8717616	0.0015625
30.8839832	0.001704545
30.8962048	0.002414773
30.9084264	0.001704545
30.920648	0.002414773
30.9328696	0.001988636
30.9450912	0.002556818
30.9573128	0.0015625
30.9695344	0.001704545
30.981756	0.001846591
30.9939776	0.001420455
31.0061992	0.001278409
31.0184208	0.001278409
31.0306424	0.0015625
31.042864	0.002130682
31.0550856	0.0015625
31.0673072	0.001988636
31.0795288	0.000994318
31.0917504	0.000426136
31.103972	0.002556818
31.1161936	0.001278409
31.1284152	0.001846591
31.1406368	0.000994318
31.1528584	0.001704545
31.16508	0.001988636
31.1773016	0.002272727
31.1895232	0.001136364
31.2017448	0.001136364
31.2139664	0.002130682
31.226188	0.001136364
31.2384096	0.0015625
31.2506312	0.001704545
31.2628528	0.001420455
31.2750744	0.001420455
31.287296	0.000710227
31.2995176	0.001278409
31.3117392	0.0015625
31.3239608	0.001420455
31.3361824	0.001420455
31.348404	0.001136364
31.3606256	0.002414773
31.3728472	0.001278409
31.3850688	0.000994318
31.3972904	0.001704545
31.409512	0.0015625
31.4217336	0.001420455
31.4339552	0.001420455
31.4461768	0.001704545
31.4583984	0.001136364
31.47062	0.0015625
31.4828416	0.001704545
31.4950632	0.001420455
31.5072848	0.000994318
31.5195064	0.001704545
31.531728	0.0015625
31.5439496	0.001278409
31.5561712	0.001420455
31.5683928	0.000994318
31.5806144	0.0015625
31.592836	0.001704545
31.6050576	0.001136364
31.6172792	0.001136364
31.6295008	0.001278409
31.6417224	0.001136364
31.653944	0.001420455
31.6661656	0.000710227
31.6783872	0.001420455
31.6906088	0.002698864
31.7028304	0.001278409
31.715052	0.001136364
31.7272736	0.000852273
31.7394952	0.001420455
31.7517168	0.001136364
31.7639384	0.001136364
31.77616	0.001420455
31.7883816	0.001420455
31.8006032	0.001988636
31.8128248	0.001846591
31.8250464	0.001420455
31.837268	0.000568182
31.8494896	0.000994318
31.8617112	0.001420455
31.8739328	0.001704545
31.8861544	0.000994318
31.898376	0.000710227
31.9105976	0.000994318
31.9228192	0.000852273
31.9350408	0.001278409
31.9472624	0.001278409
31.959484	0.001846591
31.9717056	0.001420455
31.9839272	0.0015625
31.9961488	0.001846591
32.0083704	0.001704545
32.020592	0.001278409
32.0328136	0.001420455
32.0450352	0.001846591
32.0572568	0.001136364
32.0694784	0.000852273
32.0817	0.001988636
32.0939216	0.000710227
32.1061432	0.002130682
32.1183648	0.001846591
32.1305864	0.001846591
32.142808	0.000994318
32.1550296	0.000426136
32.1672512	0.001278409
32.1794728	0.001278409
32.1916944	0.000994318
32.203916	0.000426136
32.2161376	0.0015625
32.2283592	0.000994318
32.2405808	0.001278409
32.2528024	0.001846591
32.265024	0.000710227
32.2772456	0.000710227
32.2894672	0.000710227
32.3016888	0.002414773
32.3139104	0.001278409
32.326132	0.000426136
32.3383536	0.001420455
32.3505752	0.000568182
32.3627968	0.001278409
32.3750184	0.0015625
32.38724	0.000994318
32.3994616	0.001278409
32.4116832	0.000852273
32.4239048	0.000568182
32.4361264	0.0015625
32.448348	0.000710227
32.4605696	0.0015625
32.4727912	0.001278409
32.4850128	0.002130682
32.4972344	0.001988636
32.509456	0.001278409
32.5216776	0.001846591
32.5338992	0.001704545
32.5461208	0.001136364
32.5583424	0.0015625
32.570564	0.001846591
32.5827856	0.0015625
32.5950072	0.001846591
32.6072288	0.000710227
32.6194504	0.001420455
32.631672	0.000852273
32.6438936	0.000994318
32.6561152	0.001420455
32.6683368	0.000568182
32.6805584	0.001136364
32.69278	0.003125
32.7050016	0.000710227
32.7172232	0.000994318
32.7294448	0.000852273
32.7416664	0.001988636
32.753888	0.001278409
32.7661096	0.001136364
32.7783312	0.001136364
32.7905528	0.000710227
32.8027744	0.000710227
32.814996	0.0015625
32.8272176	0.000994318
32.8394392	0.0015625
32.8516608	0.001136364
32.8638824	0.000994318
32.876104	0.001278409
32.8883256	0.000852273
32.9005472	0.000994318
32.9127688	0.001136364
32.9249904	0.001420455
32.937212	0.0015625
32.9494336	0.001278409
32.9616552	0.000994318
32.9738768	0.000568182
32.9860984	0.000994318
32.99832	0.001420455
33.0105416	0.001136364
33.0227632	0.000994318
33.0349848	0.000426136
33.0472064	0.000568182
33.059428	0.000710227
33.0716496	0.0015625
33.0838712	0.002414773
33.0960928	0.001278409
33.1083144	0.000994318
33.120536	0.000568182
33.1327576	0.001136364
33.1449792	0.001136364
33.1572008	0.001704545
33.1694224	0.000994318
33.181644	0.000710227
33.1938656	0.000994318
33.2060872	0.000852273
33.2183088	0.001420455
33.2305304	0.0015625
33.242752	0.001136364
33.2549736	0.001136364
33.2671952	0.001278409
33.2794168	0.001278409
33.2916384	0.000852273
33.30386	0.001420455
33.3160816	0.001420455
33.3283032	0.0015625
33.3405248	0.000710227
33.3527464	0.000710227
33.364968	0.000852273
33.3771896	0.001278409
33.3894112	0.000710227
33.4016328	0.001136364
33.4138544	0.0015625
33.426076	0.000710227
33.4382976	0.000710227
33.4505192	0.000710227
33.4627408	0.001136364
33.4749624	0.001136364
33.487184	0.001420455
33.4994056	0.001846591
33.5116272	0.000426136
33.5238488	0.001420455
33.5360704	0.001136364
33.548292	0.0015625
33.5605136	0.001136364
33.5727352	0.000852273
33.5849568	0.001420455
33.5971784	0.001136364
33.6094	0.000852273
33.6216216	0.001278409
33.6338432	0.001704545
33.6460648	0.001136364
33.6582864	0.001420455
33.670508	0.000994318
33.6827296	0.000710227
33.6949512	0.0015625
33.7071728	0.000852273
33.7193944	0.001136364
33.731616	0.001278409
33.7438376	0.000852273
33.7560592	0.000994318
33.7682808	0.000994318
33.7805024	0.001846591
33.792724	0.001136364
33.8049456	0.001846591
33.8171672	0.001988636
33.8293888	0.001420455
33.8416104	0.001278409
33.853832	0.001136364
33.8660536	0.001420455
33.8782752	0.0015625
33.8904968	0.000994318
33.9027184	0.002130682
33.91494	0.000852273
33.9271616	0.0015625
33.9393832	0.000568182
33.9516048	0.000852273
33.9638264	0.001420455
33.976048	0.000994318
33.9882696	0.000994318
34.0004912	0.001278409
34.0127128	0.000994318
34.0249344	0.001278409
34.037156	0.000852273
34.0493776	0.0015625
34.0615992	0.001278409
34.0738208	0.0015625
34.0860424	0.001136364
34.098264	0.000710227
34.1104856	0.000852273
34.1227072	0.001278409
34.1349288	0.000710227
34.1471504	0.001136364
34.159372	0.001136364
34.1715936	0.000852273
34.1838152	0.001420455
34.1960368	0.001846591
34.2082584	0.000994318
34.22048	0.001136364
34.2327016	0.000994318
34.2449232	0.000994318
34.2571448	0.0015625
34.2693664	0.000994318
34.281588	0.000994318
34.2938096	0.000852273
34.3060312	0.001420455
34.3182528	0.001136364
34.3304744	0.001136364
34.342696	0.000852273
34.3549176	0.000426136
34.3671392	0.001704545
34.3793608	0.000852273
34.3915824	0.001136364
34.403804	0.001278409
34.4160256	0.001278409
34.4282472	0.001278409
34.4404688	0.000994318
34.4526904	0.001988636
34.464912	0.001704545
34.4771336	0.001136364
34.4893552	0.001420455
34.5015768	0.001278409
34.5137984	0.000852273
34.52602	0.000426136
34.5382416	0.0015625
34.5504632	0.000994318
34.5626848	0.001278409
34.5749064	0.000852273
34.587128	0.001136364
34.5993496	0.000710227
34.6115712	0.001704545
34.6237928	0.001278409
34.6360144	0.000852273
34.648236	0.001136364
34.6604576	0.001420455
34.6726792	0.000994318
34.6849008	0.001420455
34.6971224	0.001278409
34.709344	0.001704545
34.7215656	0.001136364
34.7337872	0.001136364
34.7460088	0.000710227
34.7582304	0.000568182
34.770452	0.001278409
34.7826736	0.000710227
34.7948952	0.001136364
34.8071168	0.000852273
34.8193384	0.000994318
34.83156	0.0015625
34.8437816	0.000852273
34.8560032	0.000568182
34.8682248	0.001136364
34.8804464	0.0015625
34.892668	0.001136364
34.9048896	0.001136364
34.9171112	0.000852273
34.9293328	0.0015625
34.9415544	0.000568182
34.953776	0.000710227
34.9659976	0.001420455
34.9782192	0.001278409
34.9904408	0.000994318
35.0026624	0.001136364
35.014884	0.001846591
35.0271056	0.000994318
35.0393272	0.001420455
35.0515488	0.0015625
35.0637704	0.000994318
35.075992	0.000142045
35.0882136	0.000568182
35.1004352	0.001420455
35.1126568	0.000426136
35.1248784	0.000568182
35.1371	0.000994318
35.1493216	0.001278409
35.1615432	0.000426136
35.1737648	0.000994318
35.1859864	0.000710227
35.198208	0.000568182
35.2104296	0.000710227
35.2226512	0.000568182
35.2348728	0.000994318
35.2470944	0.001136364
35.259316	0.000710227
35.2715376	0.001278409
35.2837592	0.000852273
35.2959808	0.001988636
35.3082024	0.000710227
35.320424	0.001136364
35.3326456	0.001136364
35.3448672	0.000994318
35.3570888	0.000710227
35.3693104	0.000852273
35.381532	0.001846591
35.3937536	0.000710227
35.4059752	0.000852273
35.4181968	0.000994318
35.4304184	0.000994318
35.44264	0.000710227
35.4548616	0.000994318
35.4670832	0.000426136
35.4793048	0.000568182
35.4915264	0.000568182
35.503748	0.000994318
35.5159696	0.000994318
35.5281912	0.001278409
35.5404128	0.000426136
35.5526344	0.000710227
35.564856	0.000568182
35.5770776	0.000710227
35.5892992	0.000426136
35.6015208	0.001136364
35.6137424	0.001136364
35.625964	0.001136364
35.6381856	0.000710227
35.6504072	0.001278409
35.6626288	0.000710227
35.6748504	0.000994318
35.687072	0.001278409
35.6992936	0.000994318
35.7115152	0.000710227
35.7237368	0.000426136
35.7359584	0.000994318
35.74818	0.000994318
35.7604016	0.000568182
35.7726232	0.001704545
35.7848448	0.000852273
35.7970664	0.0015625
35.809288	0.001278409
35.8215096	0.000852273
35.8337312	0.000994318
35.8459528	0.000710227
35.8581744	0.000426136
35.870396	0.000994318
35.8826176	0.000710227
35.8948392	0.001136364
35.9070608	0.0015625
35.9192824	0.000710227
35.931504	0.000426136
35.9437256	0.001136364
35.9559472	0.000994318
35.9681688	0.001136364
35.9803904	0.000568182
35.992612	0.001136364
36.0048336	0.000852273
36.0170552	0.001704545
36.0292768	0.001136364
36.0414984	0.001420455
36.05372	0.000852273
36.0659416	0.002130682
36.0781632	0.0015625
36.0903848	0.000852273
36.1026064	0.000142045
36.114828	0.000568182
36.1270496	0.000994318
36.1392712	0.000852273
36.1514928	0.000852273
36.1637144	0.000994318
36.175936	0.001278409
36.1881576	0.001420455
36.2003792	0.001136364
36.2126008	0.000568182
36.2248224	0.000710227
36.237044	0.000568182
36.2492656	0.001136364
36.2614872	0.000710227
36.2737088	0.000710227
36.2859304	0.000142045
36.298152	0.000994318
36.3103736	0.001136364
36.3225952	0.000994318
36.3348168	0.001278409
36.3470384	0.000284091
36.35926	0.000426136
36.3714816	0.000710227
36.3837032	0.000710227
36.3959248	0.000568182
36.4081464	0.000852273
36.420368	0.000710227
36.4325896	0.000852273
36.4448112	0.000568182
36.4570328	0.000994318
36.4692544	0.000568182
36.481476	0.000852273
36.4936976	0.000568182
36.5059192	0.001136364
36.5181408	0.001278409
36.5303624	0.001420455
36.542584	0.000710227
36.5548056	0.000994318
36.5670272	0.000568182
36.5792488	0.000994318
36.5914704	0.000568182
36.603692	0.000994318
36.6159136	0.000994318
36.6281352	0.000852273
36.6403568	0.001278409
36.6525784	0.000710227
36.6648	0.0015625
36.6770216	0.000852273
36.6892432	0.000426136
36.7014648	0.001704545
36.7136864	0.000710227
36.725908	0.000852273
36.7381296	0.000710227
36.7503512	0.001136364
36.7625728	0.001136364
36.7747944	0.000852273
36.787016	0.000994318
36.7992376	0.000852273
36.8114592	0.001136364
36.8236808	0.000994318
36.8359024	0.000710227
36.848124	0.000426136
36.8603456	0.001704545
36.8725672	0.001278409
36.8847888	0.000710227
36.8970104	0.000710227
36.909232	0.000710227
36.9214536	0.001278409
36.9336752	0.000284091
36.9458968	0.000710227
36.9581184	0.000852273
36.97034	0.001278409
36.9825616	0.001278409
36.9947832	0.000994318
37.0070048	0.001420455
37.0192264	0.0015625
37.031448	0.000852273
37.0436696	0.000852273
37.0558912	0.000568182
37.0681128	0.000426136
37.0803344	0.000568182
37.092556	0.000994318
37.1047776	0.000994318
37.1169992	0.000852273
37.1292208	0.001278409
37.1414424	0.001420455
37.153664	0.000284091
37.1658856	0.001988636
37.1781072	0.000852273
37.1903288	0.000994318
37.2025504	0.000568182
37.214772	0.000710227
37.2269936	0.000568182
37.2392152	0.000852273
37.2514368	0.000852273
37.2636584	0.001846591
37.27588	0.000710227
37.2881016	0.000710227
37.3003232	0.000142045
37.3125448	0.000852273
37.3247664	0.000852273
37.336988	0.000710227
37.3492096	0.000852273
37.3614312	0.001136364
37.3736528	0.001704545
37.3858744	0.001420455
37.398096	0.000852273
37.4103176	0.001278409
37.4225392	0.000994318
37.4347608	0.000852273
37.4469824	0.000426136
37.459204	0.000994318
37.4714256	0.001136364
37.4836472	0.000994318
37.4958688	0.001420455
37.5080904	0.000994318
37.520312	0.001278409
37.5325336	0.000852273
37.5447552	0.000994318
37.5569768	0.001420455
37.5691984	0.000710227
37.58142	0.001420455
37.5936416	0.000994318
37.6058632	0.000568182
37.6180848	0.000852273
37.6303064	0.000852273
37.642528	0.000994318
37.6547496	0.000852273
37.6669712	0.001136364
37.6791928	0.000568182
37.6914144	0.001278409
37.703636	0.000710227
37.7158576	0.000284091
37.7280792	0.000426136
37.7403008	0.000994318
37.7525224	0.001278409
37.764744	0.000284091
37.7769656	0.000710227
37.7891872	0.001420455
37.8014088	0.000852273
37.8136304	0.001136364
37.825852	0.000426136
37.8380736	0.000994318
37.8502952	0.000710227
37.8625168	0.000710227
37.8747384	0.001278409
37.88696	0.000994318
37.8991816	0.000710227
37.9114032	0.000710227
37.9236248	0.000426136
37.9358464	0.000568182
37.948068	0.000710227
37.9602896	0.000852273
37.9725112	0.001420455
37.9847328	0.000852273
37.9969544	0.000568182
38.009176	0.000568182
38.0213976	0.000568182
38.0336192	0.000710227
38.0458408	0.000426136
38.0580624	0.000994318
38.070284	0.000426136
38.0825056	0.000426136
38.0947272	0.000852273
38.1069488	0.000710227
38.1191704	0.000994318
38.131392	0.000994318
38.1436136	0.000852273
38.1558352	0.000426136
38.1680568	0.000568182
38.1802784	0.000142045
38.1925	0.000994318
38.2047216	0.000426136
38.2169432	0.001278409
38.2291648	0.001278409
38.2413864	0.000710227
38.253608	0.000710227
38.2658296	0.000852273
38.2780512	0.001420455
38.2902728	0.000426136
38.3024944	0.000852273
38.314716	0.000852273
38.3269376	0.000994318
38.3391592	0.000710227
38.3513808	0.000710227
38.3636024	0.000568182
38.375824	0.001136364
38.3880456	0.000994318
38.4002672	0.001278409
38.4124888	0.000852273
38.4247104	0.000426136
38.436932	0.000710227
38.4491536	0.001704545
38.4613752	0.000994318
38.4735968	0
38.4858184	0.000994318
38.49804	0.000568182
38.5102616	0.0015625
38.5224832	0.000568182
38.5347048	0.001420455
38.5469264	0.001136364
38.559148	0.000142045
38.5713696	0.000710227
38.5835912	0.001278409
38.5958128	0.001136364
38.6080344	0.001136364
38.620256	0.000710227
38.6324776	0.000568182
38.6446992	0.001846591
38.6569208	0.000994318
38.6691424	0.000710227
38.681364	0.000710227
38.6935856	0.000852273
38.7058072	0.001420455
38.7180288	0.001278409
38.7302504	0.000284091
38.742472	0.000284091
38.7546936	0.001278409
38.7669152	0.000852273
38.7791368	0.000568182
38.7913584	0.000426136
38.80358	0.000710227
38.8158016	0.001136364
38.8280232	0.000852273
38.8402448	0.001420455
38.8524664	0.000142045
38.864688	0.001136364
38.8769096	0.001278409
38.8891312	0.001278409
38.9013528	0.000284091
38.9135744	0.000852273
38.925796	0.000284091
38.9380176	0.000284091
38.9502392	0.000852273
38.9624608	0.001136364
38.9746824	0.000994318
38.986904	0.000852273
38.9991256	0.000568182
39.0113472	0.000994318
39.0235688	0.000852273
39.0357904	0.000710227
39.048012	0.000994318
39.0602336	0.000284091
39.0724552	0.000994318
39.0846768	0.001420455
39.0968984	0.000568182
39.10912	0.000852273
39.1213416	0.000426136
39.1335632	0.000994318
39.1457848	0.000852273
39.1580064	0.000568182
39.170228	0.001136364
39.1824496	0.000568182
39.1946712	0.000852273
39.2068928	0.000568182
39.2191144	0.000568182
39.231336	0.000710227
39.2435576	0.000994318
39.2557792	0.001136364
39.2680008	0.000284091
39.2802224	0.000710227
39.292444	0.000852273
39.3046656	0.000284091
39.3168872	0.000710227
39.3291088	0.001136364
39.3413304	0.001704545
39.353552	0.001136364
39.3657736	0.000852273
39.3779952	0.000426136
39.3902168	0.000426136
39.4024384	0.000852273
39.41466	0.000568182
39.4268816	0.000994318
39.4391032	0.000994318
39.4513248	0.000710227
39.4635464	0.001704545
39.475768	0.001136364
39.4879896	0.000994318
39.5002112	0.000568182
39.5124328	0.001136364
39.5246544	0.000710227
39.536876	0.001136364
39.5490976	0.000994318
39.5613192	0.000710227
39.5735408	0.000710227
39.5857624	0.000710227
39.597984	0.000710227
39.6102056	0.000994318
39.6224272	0.001136364
39.6346488	0.001136364
39.6468704	0.001136364
39.659092	0.000426136
39.6713136	0.000710227
39.6835352	0.000994318
39.6957568	0.000852273
39.7079784	0.000710227
39.7202	0.000852273
39.7324216	0.000994318
39.7446432	0.001278409
39.7568648	0.000568182
39.7690864	0.000710227
39.781308	0.000426136
39.7935296	0.001420455
39.8057512	0.000568182
39.8179728	0.000710227
39.8301944	0.000994318
39.842416	0.000994318
39.8546376	0.001704545
39.8668592	0.001136364
39.8790808	0.000710227
39.8913024	0.001136364
39.903524	0.000284091
39.9157456	0.000426136
39.9279672	0.000568182
39.9401888	0.000568182
39.9524104	0.000568182
39.964632	0.000710227
39.9768536	0.001136364
39.9890752	0.001420455
40.0012968	0.001420455
40.0135184	0.000710227
40.02574	0.000994318
40.0379616	0.001278409
40.0501832	0.000852273
40.0624048	0.000568182
40.0746264	0.000994318
40.086848	0.001136364
40.0990696	0.000142045
40.1112912	0.000994318
40.1235128	0.000852273
40.1357344	0.001704545
40.147956	0.001136364
40.1601776	0.000994318
40.1723992	0.000568182
40.1846208	0.000710227
40.1968424	0.000284091
40.209064	0.000852273
40.2212856	0.000994318
40.2335072	0.000284091
40.2457288	0.000710227
40.2579504	0.000568182
40.270172	0.000852273
40.2823936	0.001136364
40.2946152	0.000710227
40.3068368	0.000852273
40.3190584	0.000568182
40.33128	0.000852273
40.3435016	0.000852273
40.3557232	0.000852273
40.3679448	0.001846591
40.3801664	0.000852273
40.392388	0.000710227
40.4046096	0.000852273
40.4168312	0.000852273
40.4290528	0.000852273
40.4412744	0.000710227
40.453496	0.001136364
40.4657176	0.001278409
40.4779392	0.000568182
40.4901608	0.000568182
40.5023824	0.000852273
40.514604	0.001420455
40.5268256	0.000994318
40.5390472	0.000284091
40.5512688	0.000852273
40.5634904	0.001420455
40.575712	0.000426136
40.5879336	0.000426136
40.6001552	0.000568182
40.6123768	0.000426136
40.6245984	0.000568182
40.63682	0.001136364
40.6490416	0.000852273
40.6612632	0.000710227
40.6734848	0.000142045
40.6857064	0.001136364
40.697928	0.000568182
40.7101496	0.000568182
40.7223712	0.000284091
40.7345928	0.000994318
40.7468144	0.001136364
40.759036	0.000710227
40.7712576	0.000852273
40.7834792	0.000142045
40.7957008	0.001136364
40.8079224	0.000710227
40.820144	0.000568182
40.8323656	0.000710227
40.8445872	0.000568182
40.8568088	0.000284091
40.8690304	0.000994318
40.881252	0.000710227
40.8934736	0.000710227
40.9056952	0.000994318
40.9179168	0.000852273
40.9301384	0.000852273
40.94236	0.000568182
40.9545816	0.001420455
40.9668032	0.000426136
40.9790248	0.000994318
40.9912464	0.000994318
41.003468	0.000426136
41.0156896	0.000994318
41.0279112	0.000710227
41.0401328	0.000284091
41.0523544	0.000710227
41.064576	0.000284091
41.0767976	0.000710227
41.0890192	0.001420455
41.1012408	0.000426136
41.1134624	0.000994318
41.125684	0.001704545
41.1379056	0.000284091
41.1501272	0.000994318
41.1623488	0.000710227
41.1745704	0.000852273
41.186792	0.000710227
41.1990136	0.000994318
41.2112352	0.000994318
41.2234568	0.000426136
41.2356784	0.000568182
41.2479	0.000852273
41.2601216	0.000994318
41.2723432	0.000426136
41.2845648	0.000426136
41.2967864	0.000426136
41.309008	0.001420455
41.3212296	0.000426136
41.3334512	0.000852273
41.3456728	0.000710227
41.3578944	0.000710227
41.370116	0.000284091
41.3823376	0.000710227
41.3945592	0.000852273
41.4067808	0.000710227
41.4190024	0.000710227
41.431224	0.000994318
41.4434456	0.000710227
41.4556672	0.000426136
41.4678888	0.000994318
41.4801104	0.001278409
41.492332	0.000852273
41.5045536	0.000852273
41.5167752	0.000568182
41.5289968	0.000568182
41.5412184	0
41.55344	0.000568182
41.5656616	0.000426136
41.5778832	0.001136364
41.5901048	0.001704545
41.6023264	0.000710227
41.614548	0.000710227
41.6267696	0.000284091
41.6389912	0.000426136
41.6512128	0.000426136
41.6634344	0.000852273
41.675656	0.000852273
41.6878776	0.000710227
41.7000992	0.000568182
41.7123208	0.000852273
41.7245424	0.000994318
41.736764	0.000710227
41.7489856	0.000710227
41.7612072	0.000426136
41.7734288	0.001278409
41.7856504	0.001278409
41.797872	0.000284091
41.8100936	0.000710227
41.8223152	0.000852273
41.8345368	0.000568182
41.8467584	0.000568182
41.85898	0.000994318
41.8712016	0.000568182
41.8834232	0.000852273
41.8956448	0.000284091
41.9078664	0.000852273
41.920088	0.000284091
41.9323096	0.000852273
41.9445312	0.000852273
41.9567528	0.001136364
41.9689744	0.000710227
41.981196	0.000568182
41.9934176	0.000426136
42.0056392	0.000568182
42.0178608	0.000710227
42.0300824	0.000710227
42.042304	0.000710227
42.0545256	0.000568182
42.0667472	0.001704545
42.0789688	0.000426136
42.0911904	0.000284091
42.103412	0.000284091
42.1156336	0.0015625
42.1278552	0.000994318
42.1400768	0.002130682
42.1522984	0.000568182
42.16452	0.000568182
42.1767416	0.000426136
42.1889632	0.000426136
42.2011848	0.000142045
42.2134064	0.000568182
42.225628	0.000568182
42.2378496	0.001136364
42.2500712	0.001136364
42.2622928	0.000568182
42.2745144	0.001136364
42.286736	0.000568182
42.2989576	0.000710227
42.3111792	0.000710227
42.3234008	0.001136364
42.3356224	0.000426136
42.347844	0.000426136
42.3600656	0.000426136
42.3722872	0.000994318
42.3845088	0.001704545
42.3967304	0.0015625
42.408952	0.001846591
42.4211736	0.000710227
42.4333952	0.000142045
42.4456168	0.000426136
42.4578384	0.001136364
42.47006	0.001420455
42.4822816	0.000284091
42.4945032	0.001136364
42.5067248	0.000710227
42.5189464	0.001136364
42.531168	0.000142045
42.5433896	0.000568182
42.5556112	0.000568182
42.5678328	0.000568182
42.5800544	0.000852273
42.592276	0.000852273
42.6044976	0.001278409
42.6167192	0.000994318
42.6289408	0.000710227
42.6411624	0.000284091
42.653384	0.000568182
42.6656056	0.000710227
42.6778272	0.000852273
42.6900488	0.000568182
42.7022704	0.000852273
42.714492	0.000994318
42.7267136	0.000852273
42.7389352	0.000852273
42.7511568	0.000710227
42.7633784	0.000568182
42.7756	0.000710227
42.7878216	0.000994318
42.8000432	0.000568182
42.8122648	0.001420455
42.8244864	0.000994318
42.836708	0.000994318
42.8489296	0.000568182
42.8611512	0.000426136
42.8733728	0.000994318
42.8855944	0.000852273
42.897816	0.000284091
42.9100376	0.000710227
42.9222592	0.001136364
42.9344808	0.000710227
42.9467024	0.000994318
42.958924	0.000426136
42.9711456	0
42.9833672	0.001278409
42.9955888	0.000426136
43.0078104	0.000568182
43.020032	0.000710227
43.0322536	0.000852273
43.0444752	0.000710227
43.0566968	0.000852273
43.0689184	0.000426136
43.08114	0.000568182
43.0933616	0.001278409
43.1055832	0.000710227
43.1178048	0.001278409
43.1300264	0.000994318
43.142248	0.000852273
43.1544696	0.000568182
43.1666912	0.001278409
43.1789128	0.000142045
43.1911344	0.001136364
43.203356	0.001136364
43.2155776	0.000710227
43.2277992	0.000426136
43.2400208	0.000852273
43.2522424	0.000994318
43.264464	0.000852273
43.2766856	0.000568182
43.2889072	0.000710227
43.3011288	0.000426136
43.3133504	0.001278409
43.325572	0.000852273
43.3377936	0.000994318
43.3500152	0.001136364
43.3622368	0.000142045
43.3744584	0.001136364
43.38668	0.001420455
43.3989016	0
43.4111232	0.000710227
43.4233448	0.000426136
43.4355664	0.000426136
43.447788	0.000710227
43.4600096	0.000710227
43.4722312	0.000426136
43.4844528	0.000426136
43.4966744	0.000710227
43.508896	0.000710227
43.5211176	0.000710227
43.5333392	0.000426136
43.5455608	0.000994318
43.5577824	0.000852273
43.570004	0.000710227
43.5822256	0.000852273
43.5944472	0.000994318
43.6066688	0.001278409
43.6188904	0.000852273
43.631112	0.000426136
43.6433336	0.000710227
43.6555552	0.000994318
43.6677768	0.000852273
43.6799984	0.000568182
43.69222	0.000426136
43.7044416	0.000426136
43.7166632	0.000426136
43.7288848	0.000994318
43.7411064	0.000710227
43.753328	0.001420455
43.7655496	0.000568182
43.7777712	0.000994318
43.7899928	0.000710227
43.8022144	0.000284091
43.814436	0.000710227
43.8266576	0.000284091
43.8388792	0.000142045
43.8511008	0.000710227
43.8633224	0.000710227
43.875544	0.000426136
43.8877656	0.000568182
43.8999872	0.000568182
43.9122088	0.000568182
43.9244304	0.000852273
43.936652	0.000852273
43.9488736	0.000852273
43.9610952	0.001136364
43.9733168	0.000852273
43.9855384	0.000710227
43.99776	0.000426136
44.0099816	0.0015625
44.0222032	0.000710227
44.0344248	0.000710227
44.0466464	0.000142045
44.058868	0.000568182
44.0710896	0.000568182
44.0833112	0.000568182
44.0955328	0.000852273
44.1077544	0.000284091
44.119976	0.000710227
44.1321976	0.000710227
44.1444192	0.000568182
44.1566408	0.000994318
44.1688624	0.001278409
44.181084	0.000994318
44.1933056	0.000568182
44.2055272	0.000852273
44.2177488	0.000994318
44.2299704	0.000994318
44.242192	0.001278409
44.2544136	0.000284091
44.2666352	0.000710227
44.2788568	0.000852273
44.2910784	0.001846591
44.3033	0.001136364
44.3155216	0.000852273
44.3277432	0.000568182
44.3399648	0.000994318
44.3521864	0.000852273
44.364408	0.000284091
44.3766296	0.001278409
44.3888512	0.000852273
44.4010728	0.000852273
44.4132944	0.000568182
44.425516	0.000852273
44.4377376	0.000994318
44.4499592	0.000568182
44.4621808	0.000284091
44.4744024	0.000994318
44.486624	0.000852273
44.4988456	0.000994318
44.5110672	0.000710227
44.5232888	0.001420455
44.5355104	0.000710227
44.547732	0.000710227
44.5599536	0.000568182
44.5721752	0.000568182
44.5843968	0.000568182
44.5966184	0.000710227
44.60884	0.000994318
44.6210616	0.001278409
44.6332832	0.000852273
44.6455048	0.000568182
44.6577264	0.000284091
44.669948	0.000568182
44.6821696	0.000710227
44.6943912	0.000994318
44.7066128	0.000284091
44.7188344	0.000852273
44.731056	0.000852273
44.7432776	0.000710227
44.7554992	0.000710227
44.7677208	0.000426136
44.7799424	0.001136364
44.792164	0.000852273
44.8043856	0.000568182
44.8166072	0.000426136
44.8288288	0.000710227
44.8410504	0
44.853272	0.000852273
44.8654936	0.000426136
44.8777152	0.000284091
44.8899368	0.000426136
44.9021584	0.001136364
44.91438	0.000710227
44.9266016	0.000852273
44.9388232	0.001278409
44.9510448	0.000710227
44.9632664	0.000142045
44.975488	0.000284091
44.9877096	0.000994318
44.9999312	0.001278409
45.0121528	0.000710227
45.0243744	0.000568182
45.036596	0.000710227
45.0488176	0.000852273
45.0610392	0.000710227
45.0732608	0.001278409
45.0854824	0.000284091
45.097704	0.000710227
45.1099256	0.000284091
45.1221472	0.000568182
45.1343688	0.000852273
45.1465904	0.000284091
45.158812	0.000710227
45.1710336	0.000142045
45.1832552	0.001136364
45.1954768	0.000710227
45.2076984	0.001136364
45.21992	0.000852273
45.2321416	0.000710227
45.2443632	0.000852273
45.2565848	0.000568182
45.2688064	0.000994318
45.281028	0.000852273
45.2932496	0.000568182
45.3054712	0.000568182
45.3176928	0.000426136
45.3299144	0.000568182
45.342136	0.0015625
45.3543576	0.000568182
45.3665792	0.000852273
45.3788008	0.001136364
45.3910224	0.000568182
45.403244	0.000994318
45.4154656	0.001136364
45.4276872	0.000852273
45.4399088	0.000994318
45.4521304	0.001136364
45.464352	0.001278409
45.4765736	0.000710227
45.4887952	0.001704545
45.5010168	0.000710227
45.5132384	0.000568182
45.52546	0.001420455
45.5376816	0.000426136
45.5499032	0.000426136
45.5621248	0.000568182
45.5743464	0.000994318
45.586568	0.000284091
45.5987896	0.000852273
45.6110112	0.000994318
45.6232328	0.001136364
45.6354544	0.000994318
45.647676	0.000994318
45.6598976	0.000710227
45.6721192	0.000568182
45.6843408	0.000994318
45.6965624	0.000568182
45.708784	0.000284091
45.7210056	0.000568182
45.7332272	0.000994318
45.7454488	0.001278409
45.7576704	0.000426136
45.769892	0.000426136
45.7821136	0.000284091
45.7943352	0.000426136
45.8065568	0.000426136
45.8187784	0.001278409
45.831	0.000994318
45.8432216	0.000426136
45.8554432	0.000568182
45.8676648	0.000568182
45.8798864	0.001136364
45.892108	0.000710227
45.9043296	0.000710227
45.9165512	0.000426136
45.9287728	0.000426136
45.9409944	0.000710227
45.953216	0.000710227
45.9654376	0.000710227
45.9776592	0.000852273
45.9898808	0.000994318
46.0021024	0.001420455
46.014324	0.000994318
46.0265456	0.000994318
46.0387672	0.000568182
46.0509888	0.000568182
46.0632104	0.000852273
46.075432	0.000994318
46.0876536	0.000994318
46.0998752	0.000710227
46.1120968	0.000142045
46.1243184	0.001136364
46.13654	0.000568182
46.1487616	0.000426136
46.1609832	0.000142045
46.1732048	0.000994318
46.1854264	0.000710227
46.197648	0.000568182
46.2098696	0.000852273
46.2220912	0.000710227
46.2343128	0.000568182
46.2465344	0.000426136
46.258756	0.000426136
46.2709776	0.000426136
46.2831992	0.000426136
46.2954208	0.000710227
46.3076424	0.000710227
46.319864	0.000284091
46.3320856	0.000568182
46.3443072	0.000568182
46.3565288	0.000994318
46.3687504	0.001136364
46.380972	0.000710227
46.3931936	0.000852273
46.4054152	0.000568182
46.4176368	0.000142045
46.4298584	0.000426136
46.44208	0.000994318
46.4543016	0.000994318
46.4665232	0.000710227
46.4787448	0.000852273
46.4909664	0.001136364
46.503188	0.000852273
46.5154096	0.000994318
46.5276312	0.000994318
46.5398528	0.000852273
46.5520744	0.000852273
46.564296	0.000710227
46.5765176	0.000852273
46.5887392	0.001420455
46.6009608	0.000568182
46.6131824	0.000568182
46.625404	0.000710227
46.6376256	0.000994318
46.6498472	0.001704545
46.6620688	0.000710227
46.6742904	0.000710227
46.686512	0.000852273
46.6987336	0.000284091
46.7109552	0.001136364
46.7231768	0.001278409
46.7353984	0.000852273
46.74762	0.001136364
46.7598416	0.000994318
46.7720632	0.000568182
46.7842848	0.000426136
46.7965064	0.000284091
46.808728	0.000852273
46.8209496	0.000852273
46.8331712	0.000284091
46.8453928	0.000568182
46.8576144	0.000852273
46.869836	0.000710227
46.8820576	0.000710227
46.8942792	0.0015625
46.9065008	0.000710227
46.9187224	0.000568182
46.930944	0.000852273
46.9431656	0.000852273
46.9553872	0.000852273
46.9676088	0.001136364
46.9798304	0.000568182
46.992052	0.000852273
47.0042736	0.000852273
47.0164952	0.001278409
47.0287168	0.000852273
47.0409384	0.001420455
47.05316	0.001278409
47.0653816	0.000710227
47.0776032	0.000994318
47.0898248	0.000710227
47.1020464	0.001136364
47.114268	0.000994318
47.1264896	0.000994318
47.1387112	0.000426136
47.1509328	0.000568182
47.1631544	0.000710227
47.175376	0.000142045
47.1875976	0.000284091
47.1998192	0.000994318
47.2120408	0.001136364
47.2242624	0.000852273
47.236484	0.000852273
47.2487056	0.000852273
47.2609272	0.001278409
47.2731488	0.001136364
47.2853704	0.000710227
47.297592	0.000852273
47.3098136	0.000994318
47.3220352	0.001278409
47.3342568	0.000710227
47.3464784	0.000852273
47.3587	0.000852273
47.3709216	0.000994318
47.3831432	0.000710227
47.3953648	0.000994318
47.4075864	0.001420455
47.419808	0.001420455
47.4320296	0.000852273
47.4442512	0.001136364
47.4564728	0.001420455
47.4686944	0.001420455
47.480916	0.000994318
47.4931376	0.000852273
47.5053592	0.001278409
47.5175808	0.000994318
47.5298024	0.001420455
47.542024	0.0015625
47.5542456	0.001278409
47.5664672	0.000994318
47.5786888	0.001278409
47.5909104	0.001278409
47.603132	0.000852273
47.6153536	0.001704545
47.6275752	0.001988636
47.6397968	0.001278409
47.6520184	0.000852273
47.66424	0.001278409
47.6764616	0.000426136
47.6886832	0.000710227
47.7009048	0.001988636
47.7131264	0.001704545
47.725348	0.001846591
47.7375696	0.001278409
47.7497912	0.001136364
47.7620128	0.0015625
47.7742344	0.000994318
47.786456	0.002130682
47.7986776	0.002698864
47.8108992	0.002840909
47.8231208	0.002840909
47.8353424	0.003551136
47.847564	0.003693182
47.8597856	0.002982955
47.8720072	0.005397727
47.8842288	0.003977273
47.8964504	0.004545455
47.908672	0.002982955
47.9208936	0.000994318
47.9331152	0.000284091
47.9453368	0
47.9575584	0
47.96978	0
47.9820016	0
47.9942232	0
48.0064448	0
48.0186664	0
48.030888	0
48.0431096	0
48.0553312	0
48.0675528	0
48.0797744	0
48.091996	0.000142045
48.1042176	0.000142045
48.1164392	0
48.1286608	0
48.1408824	0
48.153104	0
48.1653256	0.000142045
48.1775472	0.000284091
48.1897688	0.000142045
48.2019904	0.000142045
48.214212	0.000142045
48.2264336	0
48.2386552	0
48.2508768	0
48.2630984	0
48.27532	0
48.2875416	0
48.2997632	0
48.3119848	0
48.3242064	0
48.336428	0
48.3486496	0
48.3608712	0.000142045
48.3730928	0.000142045
48.3853144	0
48.397536	0
48.4097576	0
48.4219792	0.000142045
48.4342008	0.000142045
48.4464224	0.000142045
48.458644	0.000142045
48.4708656	0
48.4830872	0
48.4953088	0
48.5075304	0
48.519752	0
48.5319736	0
48.5441952	0
48.5564168	0
48.5686384	0.000142045
48.58086	0.000142045
48.5930816	0.000142045
48.6053032	0.000142045
48.6175248	0
48.6297464	0
48.641968	0
48.6541896	0
48.6664112	0
48.6786328	0
48.6908544	0
48.703076	0
48.7152976	0
48.7275192	0
48.7397408	0
48.7519624	0
48.764184	0
48.7764056	0
48.7886272	0
48.8008488	0
48.8130704	0
48.825292	0
48.8375136	0
48.8497352	0
48.8619568	0
48.8741784	0.000142045
48.8864	0.000142045
48.8986216	0.000142045
48.9108432	0.000284091
48.9230648	0.000284091
48.9352864	0.000142045
48.947508	0
48.9597296	0
48.9719512	0.000142045
48.9841728	0.000142045
48.9963944	0
49.008616	0
49.0208376	0
49.0330592	0
49.0452808	0
49.0575024	0
49.069724	0
49.0819456	0
49.0941672	0
49.1063888	0
49.1186104	0
49.130832	0
49.1430536	0
49.1552752	0
49.1674968	0
49.1797184	0
49.19194	0
49.2041616	0
49.2163832	0
49.2286048	0.000142045
49.2408264	0.000142045
49.253048	0
49.2652696	0
49.2774912	0
49.2897128	0
49.3019344	0
49.314156	0
49.3263776	0
49.3385992	0
49.3508208	0
49.3630424	0
49.375264	0
49.3874856	0
49.3997072	0
49.4119288	0
49.4241504	0
49.436372	0.000142045
49.4485936	0.000142045
49.4608152	0
49.4730368	0
49.4852584	0
49.49748	0
49.5097016	0
49.5219232	0.000142045
49.5341448	0.000142045
49.5463664	0
49.558588	0
49.5708096	0.000142045
49.5830312	0.000142045
49.5952528	0
49.6074744	0
49.619696	0.000142045
49.6319176	0.000142045
49.6441392	0
49.6563608	0.000142045
49.6685824	0.000142045
49.680804	0
49.6930256	0.000142045
49.7052472	0.000142045
49.7174688	0
49.7296904	0
49.741912	0
49.7541336	0
49.7663552	0
49.7785768	0
49.7907984	0
49.80302	0
49.8152416	0
49.8274632	0
49.8396848	0
49.8519064	0
49.864128	0
49.8763496	0
49.8885712	0
49.9007928	0
49.9130144	0
49.925236	0
49.9374576	0
49.9496792	0
49.9619008	0
49.9741224	0
49.986344	0
49.9985656	0
50.0107872	0
50.0230088	0
50.0352304	0
50.047452	0.000142045