#time	counts
0	0
0.0122216	0
0.0244432	0
0.0366648	0
0.0488864	0
0.061108	0
0.0733296	0
0.0855512	0
0.0977728	0
0.1099944	0
0.122216	0
0.1344376	0
0.1466592	0
0.1588808	0
0.1711024	0
0.183324	0
0.1955456	0
0.2077672	0
0.2199888	0
0.2322104	0
0.244432	0
0.2566536	0
0.2688752	0
0.2810968	0
0.2933184	0
0.30554	0
0.3177616	0
0.3299832	0
0.3422048	0
0.3544264	0
0.366648	0
0.3788696	0
0.3910912	0
0.4033128	0
0.4155344	0
0.427756	0
0.4399776	0
0.4521992	9.02E-05
0.4644208	0
0.4766424	9.02E-05
0.488864	0.000180375
0.5010856	0.000270563
0.5133072	0.00036075
0.5255288	9.02E-05
0.5377504	0.000270563
0.549972	0
0.5621936	0.000270563
0.5744152	0.000270563
0.5866368	0.00036075
0.5988584	0.00036075
0.61108	0.000450938
0.6233016	0.000450938
0.6355232	0.000270563
0.6477448	0.000270563
0.6599664	0.000450938
0.672188	0.000180375
0.6844096	0.000901876
0.6966312	0.000180375
0.7088528	0.000180375
0.7210744	0.000631313
0.733296	0.000541126
0.7455176	0.000270563
0.7577392	0.00036075
0.7699608	0.000450938
0.7821824	0.000631313
0.794404	0.000270563
0.8066256	0.000541126
0.8188472	0.000450938
0.8310688	0.00036075
0.8432904	0.00036075
0.855512	0.000270563
0.8677336	0.00036075
0.8799552	0.000631313
0.8921768	0.000450938
0.9043984	0.000270563
0.91662	0.000901876
0.9288416	0.000631313
0.9410632	0.000270563
0.9532848	0.000270563
0.9655064	0.000541126
0.977728	0.000270563
0.9899496	0.000180375
1.0021712	0.000631313
1.0143928	0.000541126
1.0266144	0.000631313
1.038836	0.00036075
1.0510576	0.000541126
1.0632792	0.000541126
1.0755008	0.000270563
1.0877224	0.000631313
1.099944	0.000180375
1.1121656	0.000811688
1.1243872	0.000631313
1.1366088	0.000992063
1.1488304	0.00036075
1.161052	0.000450938
1.1732736	0.000270563
1.1854952	0.000541126
1.1977168	0.000901876
1.2099384	0.000721501
1.22216	0.000631313
1.2343816	0.000450938
1.2466032	0.000631313
1.2588248	0.000180375
1.2710464	0.000450938
1.283268	0.00036075
1.2954896	0.000450938
1.3077112	0.00036075
1.3199328	0.00036075
1.3321544	0.00036075
1.344376	0.000721501
1.3565976	0.000631313
1.3688192	0.000270563
1.3810408	0.000180375
1.3932624	0.000541126
1.405484	0.000180375
1.4177056	0.000541126
1.4299272	0.000450938
1.4421488	0.000631313
1.4543704	0.000721501
1.466592	0.000721501
1.4788136	0.000450938
1.4910352	0.000631313
1.5032568	0.000721501
1.5154784	0.001082251
1.5277	0.000450938
1.5399216	0.000270563
1.5521432	0.000450938
1.5643648	0.000631313
1.5765864	0.000541126
1.588808	0.000541126
1.6010296	0.000450938
1.6132512	0.000541126
1.6254728	0.000631313
1.6376944	0.000721501
1.649916	0.000901876
1.6621376	0.000541126
1.6743592	0.000270563
1.6865808	0.000541126
1.6988024	0.000631313
1.711024	0.000450938
1.7232456	0.00036075
1.7354672	0.00036075
1.7476888	0.000450938
1.7599104	0.000631313
1.772132	0.000541126
1.7843536	0.000631313
1.7965752	0.000541126
1.8087968	0.000270563
1.8210184	0.000541126
1.83324	0.000541126
1.8454616	0.000992063
1.8576832	0.000992063
1.8699048	0.000270563
1.8821264	0.001082251
1.894348	0.000180375
1.9065696	0.000631313
1.9187912	0.000631313
1.9310128	0.000992063
1.9432344	0.000631313
1.955456	0.000450938
1.9676776	0.000450938
1.9798992	0.00036075
1.9921208	0.000270563
2.0043424	0.000631313
2.016564	0.000811688
2.0287856	0.000721501
2.0410072	0.000270563
2.0532288	0.000541126
2.0654504	0.000541126
2.077672	0.000541126
2.0898936	0.00036075
2.1021152	0.000721501
2.1143368	0.000450938
2.1265584	0.00036075
2.13878	0.001352814
2.1510016	0.000721501
2.1632232	0.000901876
2.1754448	0.000541126
2.1876664	0.000811688
2.199888	0.000721501
2.2121096	0.000450938
2.2243312	0.000541126
2.2365528	0.000721501
2.2487744	0.001262626
2.260996	0.000541126
2.2732176	0.000811688
2.2854392	0.000450938
2.2976608	0.000992063
2.3098824	0.000811688
2.322104	0.000541126
2.3343256	0.000811688
2.3465472	0.000992063
2.3587688	0.000450938
2.3709904	0.000901876
2.383212	0.001082251
2.3954336	0.000811688
2.4076552	0.000901876
2.4198768	0.001082251
2.4320984	0.000901876
2.44432	0.000811688
2.4565416	0.000811688
2.4687632	0.000901876
2.4809848	0.000631313
2.4932064	0.000541126
2.505428	0.001082251
2.5176496	0.000901876
2.5298712	0.000992063
2.5420928	0.000721501
2.5543144	0.000450938
2.566536	0.000541126
2.5787576	0.000721501
2.5909792	0.000721501
2.6032008	0.000992063
2.6154224	0.000450938
2.627644	0.000631313
2.6398656	0.000721501
2.6520872	0.001262626
2.6643088	0.000811688
2.6765304	0.000450938
2.688752	0.000992063
2.7009736	0.000541126
2.7131952	0.000541126
2.7254168	0.000992063
2.7376384	0.000631313
2.74986	0.001262626
2.7620816	0.000631313
2.7743032	0.000450938
2.7865248	0.000721501
2.7987464	0.001533189
2.810968	0.000721501
2.8231896	0.001172439
2.8354112	0.000992063
2.8476328	0.001082251
2.8598544	0.000992063
2.872076	0.001082251
2.8842976	0.001172439
2.8965192	0.000811688
2.9087408	0.000631313
2.9209624	0.000721501
2.933184	0.001262626
2.9454056	0.001262626
2.9576272	0.000631313
2.9698488	0.000992063
2.9820704	0.00036075
2.994292	0.000631313
3.0065136	0.000450938
3.0187352	0.000721501
3.0309568	0.00036075
3.0431784	0.000541126
3.0554	0.000721501
3.0676216	0.000631313
3.0798432	0.000901876
3.0920648	0.000541126
3.1042864	0.00036075
3.116508	0.001082251
3.1287296	0.000631313
3.1409512	0.000270563
3.1531728	0.000811688
3.1653944	0.000721501
3.177616	0.00036075
3.1898376	0.000631313
3.2020592	0.000631313
3.2142808	0.000541126
3.2265024	0.000450938
3.238724	0.000450938
3.2509456	0.000811688
3.2631672	0.000541126
3.2753888	0.000631313
3.2876104	0.000541126
3.299832	0.000721501
3.3120536	0.000631313
3.3242752	0.000631313
3.3364968	0.000450938
3.3487184	0.000721501
3.36094	0.000180375
3.3731616	0.000180375
3.3853832	0.000270563
3.3976048	0.000721501
3.4098264	0.000450938
3.422048	0.000631313
3.4342696	0.000811688
3.4464912	0.000901876
3.4587128	0.00036075
3.4709344	0.000992063
3.483156	0.000450938
3.4953776	0.00036075
3.5075992	0.000631313
3.5198208	0.000811688
3.5320424	0.000721501
3.544264	0.000541126
3.5564856	0.000631313
3.5687072	0.00036075
3.5809288	0.000721501
3.5931504	0.000631313
3.605372	0.00036075
3.6175936	0.000901876
3.6298152	0.000811688
3.6420368	0.000541126
3.6542584	0.000270563
3.66648	0.000631313
3.6787016	0.00036075
3.6909232	0.000721501
3.7031448	0.000631313
3.7153664	0.000541126
3.727588	0.000541126
3.7398096	0.00036075
3.7520312	0.000631313
3.7642528	0.000541126
3.7764744	0.000721501
3.788696	0.000631313
3.8009176	0.000541126
3.8131392	0.000450938
3.8253608	0.000450938
3.8375824	0.00036075
3.849804	0.000901876
3.8620256	0.000450938
3.8742472	0.000541126
3.8864688	0.000901876
3.8986904	0.000270563
3.910912	0.000992063
3.9231336	0.001172439
3.9353552	0.000541126
3.9475768	0.000450938
3.9597984	0.000901876
3.97202	0.001082251
3.9842416	0.000631313
3.9964632	0.000541126
4.0086848	0.000541126
4.0209064	0.000721501
4.033128	0.000631313
4.0453496	0.000721501
4.0575712	9.02E-05
4.0697928	0.000450938
4.0820144	0.000901876
4.094236	0.000721501
4.1064576	0.000901876
4.1186792	0.000270563
4.1309008	0.000450938
4.1431224	0.001172439
4.155344	0.000541126
4.1675656	0.000631313
4.1797872	0.000631313
4.1920088	0.000721501
4.2042304	0.000631313
4.216452	0.000450938
4.2286736	0.000541126
4.2408952	0.000901876
4.2531168	0.000811688
4.2653384	0.00036075
4.27756	0.000631313
4.2897816	0.000721501
4.3020032	0.00036075
4.3142248	0.000811688
4.3264464	0.000450938
4.338668	0.000721501
4.3508896	0.000992063
4.3631112	0.00036075
4.3753328	0.000541126
4.3875544	0.000450938
4.399776	0.000811688
4.4119976	0.000631313
4.4242192	0.000631313
4.4364408	0.000541126
4.4486624	0.001082251
4.460884	0.000450938
4.4731056	0.000631313
4.4853272	0.000631313
4.4975488	0.000450938
4.5097704	0.000631313
4.521992	0.000721501
4.5342136	0.000541126
4.5464352	0.000541126
4.5586568	0.000631313
4.5708784	0.000811688
4.5831	0.00036075
4.5953216	0.000721501
4.6075432	0.000631313
4.6197648	0.000631313
4.6319864	0.00036075
4.644208	0.000992063
4.6564296	0.000541126
4.6686512	0.00036075
4.6808728	0.000811688
4.6930944	0.00036075
4.705316	0.000721501
4.7175376	0.000450938
4.7297592	0.000450938
4.7419808	0.00036075
4.7542024	0.000541126
4.766424	0.000721501
4.7786456	0.000811688
4.7908672	0.000270563
4.8030888	0.000811688
4.8153104	0.000541126
4.827532	0.00036075
4.8397536	0.000811688
4.8519752	0.000811688
4.8641968	0.000901876
4.8764184	0.000992063
4.88864	0.000450938
4.9008616	0.000541126
4.9130832	0.000450938
4.9253048	0.00036075
4.9375264	0.000811688
4.949748	0.000721501
4.9619696	0.000811688
4.9741912	0.000541126
4.9864128	0.000901876
4.9986344	0.000541126
5.010856	0.000901876
5.0230776	0.001082251
5.0352992	0.000992063
5.0475208	0.000541126
5.0597424	0.000992063
5.071964	0.000541126
5.0841856	0.001082251
5.0964072	0.000721501
5.1086288	0.000811688
5.1208504	0.000450938
5.133072	0.000901876
5.1452936	0.000631313
5.1575152	0.000811688
5.1697368	0.000901876
5.1819584	0.00036075
5.19418	0.001082251
5.2064016	0.000541126
5.2186232	0.000721501
5.2308448	0.000631313
5.2430664	0.000541126
5.255288	0.000270563
5.2675096	0.00036075
5.2797312	0.000992063
5.2919528	0.000450938
5.3041744	0.000992063
5.316396	0.000901876
5.3286176	0.000901876
5.3408392	0.000721501
5.3530608	0.000721501
5.3652824	0.000901876
5.377504	0.000631313
5.3897256	0.000992063
5.4019472	0.000450938
5.4141688	0.000721501
5.4263904	0.000721501
5.438612	0.000541126
5.4508336	0.000992063
5.4630552	0.000992063
5.4752768	0.000450938
5.4874984	0.001443001
5.49972	0.000992063
5.5119416	0.000541126
5.5241632	0.000721501
5.5363848	0.000811688
5.5486064	0.000450938
5.560828	0.000541126
5.5730496	0.001082251
5.5852712	0.000631313
5.5974928	0.000180375
5.6097144	0.000450938
5.621936	0.00036075
5.6341576	0.000992063
5.6463792	0.000992063
5.6586008	0.000901876
5.6708224	0.001262626
5.683044	0.000270563
5.6952656	0.000541126
5.7074872	0.000721501
5.7197088	0.000811688
5.7319304	0.000270563
5.744152	0.000270563
5.7563736	0.000721501
5.7685952	0.000811688
5.7808168	0.000541126
5.7930384	0.000901876
5.80526	0.000811688
5.8174816	0.000631313
5.8297032	0.00036075
5.8419248	0.000721501
5.8541464	0.000992063
5.866368	0.000631313
5.8785896	0.001443001
5.8908112	0.000992063
5.9030328	0.000450938
5.9152544	0.001082251
5.927476	0.000811688
5.9396976	0.000541126
5.9519192	0.000721501
5.9641408	0.000541126
5.9763624	0.000901876
5.988584	0.000541126
6.0008056	0.001352814
6.0130272	0.000541126
6.0252488	0.000631313
6.0374704	0.000901876
6.049692	0.000631313
6.0619136	0.000992063
6.0741352	0.000811688
6.0863568	0.000901876
6.0985784	0.000450938
6.1108	0.00036075
6.1230216	0.000721501
6.1352432	0.000811688
6.1474648	0.000450938
6.1596864	0.000721501
6.171908	0.000541126
6.1841296	0.000992063
6.1963512	0.000541126
6.2085728	0.000721501
6.2207944	0.000721501
6.233016	0.000901876
6.2452376	0.001172439
6.2574592	0.000541126
6.2696808	0.000992063
6.2819024	0.000541126
6.294124	0.000721501
6.3063456	0.000270563
6.3185672	0.000450938
6.3307888	0.000721501
6.3430104	0.000541126
6.355232	0.000541126
6.3674536	0.000541126
6.3796752	0.000992063
6.3918968	0.000450938
6.4041184	0.000270563
6.41634	0.000811688
6.4285616	0.000721501
6.4407832	0.000721501
6.4530048	0.000631313
6.4652264	0.000541126
6.477448	0.000992063
6.4896696	0.000721501
6.5018912	0.000631313
6.5141128	0.000541126
6.5263344	0.000721501
6.538556	0.00036075
6.5507776	0.000631313
6.5629992	0.000721501
6.5752208	0.000450938
6.5874424	0.000631313
6.599664	0.00036075
6.6118856	0.000450938
6.6241072	0.000811688
6.6363288	0.000721501
6.6485504	0.000631313
6.660772	0.00036075
6.6729936	0.00036075
6.6852152	0.000721501
6.6974368	0.00036075
6.7096584	0.000180375
6.72188	0.000721501
6.7341016	0.001082251
6.7463232	0.000811688
6.7585448	0.000541126
6.7707664	0.000811688
6.782988	0.000721501
6.7952096	0.000541126
6.8074312	0.000631313
6.8196528	0.000721501
6.8318744	0.000901876
6.844096	0.000631313
6.8563176	0.000541126
6.8685392	0.000811688
6.8807608	0.000721501
6.8929824	0.000450938
6.905204	0.000631313
6.9174256	0
6.9296472	0.000721501
6.9418688	0.00036075
6.9540904	0.000541126
6.966312	0.000721501
6.9785336	0.000450938
6.9907552	0.000631313
7.0029768	0.000631313
7.0151984	0.000721501
7.02742	0.001443001
7.0396416	0.000270563
7.0518632	0.001082251
7.0640848	0.00036075
7.0763064	0.000541126
7.088528	0.000811688
7.1007496	0.000541126
7.1129712	0.000901876
7.1251928	0.000901876
7.1374144	0.000450938
7.149636	0.000811688
7.1618576	0.000721501
7.1740792	0.000450938
7.1863008	0.000721501
7.1985224	0.001082251
7.210744	0.00036075
7.2229656	0.000721501
7.2351872	0.000450938
7.2474088	0.000992063
7.2596304	0.00036075
7.271852	0.000901876
7.2840736	0.001082251
7.2962952	0.000811688
7.3085168	0.000631313
7.3207384	0.000541126
7.33296	0.000721501
7.3451816	0.000811688
7.3574032	0.000811688
7.3696248	0.000721501
7.3818464	0.001623377
7.394068	0.000901876
7.4062896	0.000270563
7.4185112	0.000541126
7.4307328	0.000721501
7.4429544	0.000631313
7.455176	0.001172439
7.4673976	0.000811688
7.4796192	0.000721501
7.4918408	0.000992063
7.5040624	0.001082251
7.516284	0.00036075
7.5285056	0.000901876
7.5407272	0.000180375
7.5529488	0.000450938
7.5651704	0.000541126
7.577392	0.000901876
7.5896136	0.000631313
7.6018352	0.000721501
7.6140568	0.00036075
7.6262784	0.000450938
7.6385	0.000811688
7.6507216	0.000721501
7.6629432	0.000541126
7.6751648	0.000631313
7.6873864	0.000631313
7.699608	0.000992063
7.7118296	0.00036075
7.7240512	0.000450938
7.7362728	0.000811688
7.7484944	0.000541126
7.760716	0.000631313
7.7729376	0.000811688
7.7851592	0.000721501
7.7973808	0.000450938
7.8096024	0.000450938
7.821824	0.001082251
7.8340456	0.000811688
7.8462672	0.000992063
7.8584888	0.000721501
7.8707104	0.000541126
7.882932	0.000450938
7.8951536	0.000631313
7.9073752	0.000180375
7.9195968	0.000541126
7.9318184	0.00036075
7.94404	0.000450938
7.9562616	0.000541126
7.9684832	0.000450938
7.9807048	0.001082251
7.9929264	0.000721501
8.005148	0.000541126
8.0173696	0.000811688
8.0295912	0.000450938
8.0418128	0.000450938
8.0540344	0.000721501
8.066256	0.000631313
8.0784776	0.000541126
8.0906992	0.001172439
8.1029208	0.000631313
8.1151424	0.000450938
8.127364	0.000450938
8.1395856	0.000541126
8.1518072	0.000811688
8.1640288	0.001082251
8.1762504	0.000811688
8.188472	0.000541126
8.2006936	0.00036075
8.2129152	0.000721501
8.2251368	0.000631313
8.2373584	0.000901876
8.24958	0.000180375
8.2618016	0.000721501
8.2740232	0.000541126
8.2862448	0.00036075
8.2984664	0.000721501
8.310688	0.000541126
8.3229096	0.000450938
8.3351312	0.000721501
8.3473528	0.000541126
8.3595744	0.000631313
8.371796	0.00036075
8.3840176	0.000631313
8.3962392	0.001443001
8.4084608	0.000541126
8.4206824	0.000270563
8.432904	0.001082251
8.4451256	0.000541126
8.4573472	0.000721501
8.4695688	0.000901876
8.4817904	0.000721501
8.494012	0.000541126
8.5062336	0.000631313
8.5184552	0.00036075
8.5306768	0.000631313
8.5428984	0.000180375
8.55512	0.000450938
8.5673416	0.000541126
8.5795632	0.001082251
8.5917848	0.000721501
8.6040064	0.000721501
8.616228	0.000631313
8.6284496	0.000450938
8.6406712	0.000992063
8.6528928	0.000270563
8.6651144	0.000450938
8.677336	0.000541126
8.6895576	0.000631313
8.7017792	0.000811688
8.7140008	0.000541126
8.7262224	0.00036075
8.738444	0.000811688
8.7506656	0.001082251
8.7628872	0.000631313
8.7751088	0.000811688
8.7873304	0.000541126
8.799552	0.000811688
8.8117736	0.000450938
8.8239952	0.000901876
8.8362168	0.000450938
8.8484384	0.00036075
8.86066	0.000811688
8.8728816	0.000631313
8.8851032	0.000811688
8.8973248	0.000180375
8.9095464	0.000631313
8.921768	0.000631313
8.9339896	0.000811688
8.9462112	0.000541126
8.9584328	0.000631313
8.9706544	0.000901876
8.982876	0.000721501
8.9950976	0.000721501
9.0073192	0.00036075
9.0195408	0.000631313
9.0317624	0.000721501
9.043984	0.000811688
9.0562056	0.000811688
9.0684272	0.00225469
9.0806488	0.003878066
9.0928704	0.012626263
9.105092	0.032106782
9.1173136	0.064935065
9.1295352	0.133658009
9.1417568	0.223214286
9.1539784	0.333874459
9.1662	0.460227273
9.1784216	0.569534632
9.1906432	0.676406926
9.2028648	0.756764069
9.2150864	0.826208514
9.227308	0.87797619
9.2395296	0.88474026
9.2517512	0.922258297
9.2639728	0.935606061
9.2761944	0.964375902
9.288416	0.964285714
9.3006376	0.995039683
9.3128592	0.97041847
9.3250808	0.973484848
9.3373024	0.989267677
9.349524	0.978625541
9.3617456	0.973755411
9.3739672	0.986652237
9.3861888	0.989628427
9.3984104	0.988546176
9.410632	0.979347042
9.4228536	1
9.4350752	0.986291486
9.4472968	0.976190476
9.4595184	0.980429293
9.47174	0.974747475
9.4839616	0.982593795
9.4961832	0.975739538
9.5084048	0.9752886
9.5206264	0.968885281
9.532848	0.956439394
9.5450696	0.980339105
9.5572912	0.977723665
9.5695128	0.971049784
9.5817344	0.962031025
9.593956	0.969246032
9.6061776	0.972132035
9.6183992	0.970779221
9.6306208	0.97718254
9.6428424	0.977002165
9.655064	0.969516595
9.6672856	0.959145022
9.6795072	0.952380952
9.6917288	0.943903319
9.7039504	0.971049784
9.716172	0.94200938
9.7283936	0.952741703
9.7406152	0.94273088
9.7528368	0.963203463
9.7650584	0.938582251
9.77728	0.936417749
9.7895016	0.947781385
9.8017232	0.932900433
9.8139448	0.921626984
9.8261664	0.918109668
9.838388	0.926406926
9.8506096	0.918290043
9.8628312	0.930645743
9.8750528	0.909090909
9.8872744	0.904491342
9.899496	0.899891775
9.9117176	0.880140693
9.9239392	0.901515152
9.9361608	0.903499278
9.9483824	0.884650072
9.960604	0.87950938
9.9728256	0.860930736
9.9850472	0.875721501
9.9972688	0.865169553
10.0094904	0.869588745
10.021712	0.865891053
10.0339336	0.84992785
10.0461552	0.850739538
10.0583768	0.84208153
10.0705984	0.852994228
10.08282	0.846951659
10.0950416	0.840999278
10.1072632	0.839466089
10.1194848	0.831259019
10.1317064	0.832251082
10.143928	0.828643579
10.1561496	0.82521645
10.1683712	0.819805195
10.1805928	0.814123377
10.1928144	0.816378066
10.205036	0.814935065
10.2172576	0.817550505
10.2294792	0.813672439
10.2417008	0.797438672
10.2539224	0.796897547
10.266144	0.797438672
10.2783656	0.788329726
10.2905872	0.800054113
10.3028088	0.787968975
10.3150304	0.780032468
10.327252	0.774170274
10.3394736	0.756854257
10.3516952	0.776424964
10.3639168	0.753427128
10.3761384	0.749188312
10.38836	0.763798701
10.4005816	0.751984127
10.4128032	0.763708514
10.4250248	0.747113997
10.4372464	0.741341991
10.449468	0.743867244
10.4616896	0.744859307
10.4739112	0.732323232
10.4861328	0.73989899
10.4983544	0.737824675
10.510576	0.717532468
10.5227976	0.723665224
10.5350192	0.718344156
10.5472408	0.727813853
10.5594624	0.706439394
10.571684	0.719155844
10.5839056	0.721049784
10.5961272	0.709505772
10.6083488	0.702561328
10.6205704	0.706078644
10.632792	0.681186869
10.6450136	0.694895382
10.6572352	0.696338384
10.6694568	0.686056999
10.6816784	0.682178932
10.6939	0.685155123
10.7061216	0.676767677
10.7183432	0.680194805
10.7305648	0.683170996
10.7427864	0.670183983
10.755008	0.651785714
10.7672296	0.677489177
10.7794512	0.666125541
10.7916728	0.662157287
10.8038944	0.660984848
10.816116	0.664051227
10.8283376	0.652417027
10.8405592	0.653138528
10.8527808	0.640151515
10.8650024	0.638708514
10.877224	0.647727273
10.8894456	0.650703463
10.9016672	0.640692641
10.9138888	0.639430014
10.9261104	0.612012987
10.938332	0.626623377
10.9505536	0.623015873
10.9627752	0.619227994
10.9749968	0.618506494
10.9872184	0.624458874
10.99944	0.614087302
11.0116616	0.606150794
11.0238832	0.603445166
11.0361048	0.606782107
11.0483264	0.609848485
11.060548	0.614357864
11.0727696	0.621121934
11.0849912	0.598575036
11.0972128	0.594877345
11.1094344	0.598304473
11.121656	0.594336219
11.1338776	0.584866522
11.1460992	0.591179654
11.1583208	0.573773449
11.1705424	0.579635642
11.182764	0.571969697
11.1949856	0.569895382
11.2072072	0.558351371
11.2194288	0.569715007
11.2316504	0.577380952
11.243872	0.569444444
11.2560936	0.559974747
11.2683152	0.557539683
11.2805368	0.574404762
11.2927584	0.552579365
11.30498	0.551857864
11.3172016	0.556096681
11.3294232	0.546176046
11.3416448	0.546897547
11.3538664	0.560155123
11.366088	0.550234488
11.3783096	0.544733045
11.3905312	0.534181097
11.4027528	0.548611111
11.4149744	0.542929293
11.427196	0.531926407
11.4394176	0.535984848
11.4516392	0.533459596
11.4638608	0.530934343
11.4760824	0.528769841
11.488304	0.54004329
11.5005256	0.521554834
11.5127472	0.523538961
11.5249688	0.511634199
11.5371904	0.518668831
11.549412	0.503787879
11.5616336	0.498917749
11.5738552	0.508026696
11.5860768	0.505862193
11.5982984	0.494588745
11.61052	0.493867244
11.6227416	0.496302309
11.6349632	0.492424242
11.6471848	0.509199134
11.6594064	0.486562049
11.671628	0.483676046
11.6838496	0.487193362
11.6960712	0.490169553
11.7082928	0.486201299
11.7205144	0.486020924
11.732736	0.468524531
11.7449576	0.476821789
11.7571792	0.476641414
11.7694008	0.472853535
11.7816224	0.473755411
11.793844	0.4622114
11.8060656	0.463203463
11.8182872	0.451839827
11.8305088	0.450757576
11.8427304	0.47267316
11.854952	0.458423521
11.8671736	0.468524531
11.8793952	0.461309524
11.8916168	0.449494949
11.9038384	0.454906205
11.91606	0.465638528
11.9282816	0.436868687
11.9405032	0.450487013
11.9527248	0.442640693
11.9649464	0.447330447
11.977168	0.43713925
11.9893896	0.429563492
12.0016112	0.447420635
12.0138328	0.427669553
12.0260544	0.437409812
12.038276	0.432359307
12.0504976	0.42703824
12.0627192	0.426587302
12.0749408	0.434433622
12.0871624	0.426857864
12.099384	0.42965368
12.1116056	0.417207792
12.1238272	0.427849928
12.1360488	0.414862915
12.1482704	0.420725108
12.160492	0.420183983
12.1727136	0.411796537
12.1849352	0.40981241
12.1971568	0.407828283
12.2093784	0.418470418
12.2216	0.409361472
12.2338216	0.400793651
12.2460432	0.399801587
12.2582648	0.399531025
12.2704864	0.400162338
12.282708	0.399080087
12.2949296	0.388888889
12.3071512	0.391865079
12.3193728	0.393849206
12.3315944	0.393217893
12.343816	0.388979076
12.3560376	0.393127706
12.3682592	0.385732323
12.3804808	0.383477633
12.3927024	0.388618326
12.404924	0.386634199
12.4171456	0.376623377
12.4293672	0.386093074
12.4415888	0.384289322
12.4538104	0.372925685
12.466032	0.378787879
12.4782536	0.380140693
12.4904752	0.375450938
12.5026968	0.374819625
12.5149184	0.363726551
12.52714	0.375631313
12.5393616	0.363906926
12.5515832	0.357864358
12.5638048	0.363365801
12.5760264	0.363455988
12.588248	0.358946609
12.6004696	0.365620491
12.6126912	0.359126984
12.6249128	0.354076479
12.6371344	0.362554113
12.649356	0.35777417
12.6615776	0.348575036
12.6737992	0.362193362
12.6860208	0.351641414
12.6982424	0.348124098
12.710464	0.350649351
12.7226856	0.350198413
12.7349072	0.349837662
12.7471288	0.3495671
12.7593504	0.348484848
12.771572	0.333874459
12.7837936	0.340097403
12.7960152	0.341179654
12.8082368	0.34244228
12.8204584	0.331709957
12.83268	0.333694084
12.8449016	0.332070707
12.8571232	0.337391775
12.8693448	0.334415584
12.8815664	0.333243146
12.893788	0.3248557
12.9060096	0.334235209
12.9182312	0.317279942
12.9304528	0.311868687
12.9426744	0.320707071
12.954896	0.320797258
12.9671176	0.322510823
12.9793392	0.318362193
12.9915608	0.318181818
13.0037824	0.313852814
13.016004	0.320797258
13.0282256	0.307720058
13.0404472	0.3125
13.0526688	0.308621934
13.0648904	0.302669553
13.077112	0.301406926
13.0893336	0.314213564
13.1015552	0.305194805
13.1137768	0.296897547
13.1259984	0.305826118
13.13822	0.296807359
13.1504416	0.299152237
13.1626632	0.301316739
13.1748848	0.301046176
13.1871064	0.302669553
13.199328	0.299963925
13.2115496	0.290494228
13.2237712	0.290584416
13.2359928	0.296446609
13.2482144	0.298340548
13.260436	0.291125541
13.2726576	0.291847042
13.2848792	0.293740981
13.2971008	0.284090909
13.3093224	0.280483405
13.321544	0.285804473
13.3337656	0.282828283
13.3459872	0.285443723
13.3582088	0.282106782
13.3704304	0.27768759
13.382652	0.283820346
13.3948736	0.271554834
13.4070952	0.279761905
13.4193168	0.270021645
13.4315384	0.270021645
13.44376	0.280573593
13.4559816	0.265512266
13.4682032	0.272005772
13.4804248	0.276785714
13.4926464	0.272366522
13.504868	0.268398268
13.5170896	0.255772006
13.5293112	0.265151515
13.5415328	0.269480519
13.5537544	0.265422078
13.565976	0.263528139
13.5781976	0.265151515
13.5904192	0.266323954
13.6026408	0.25036075
13.6148624	0.252795815
13.627084	0.258477633
13.6393056	0.250180375
13.6515272	0.249909812
13.6637488	0.253336941
13.6759704	0.251352814
13.688192	0.249007937
13.7004136	0.251443001
13.7126352	0.245670996
13.7248568	0.25225469
13.7370784	0.245941558
13.7493	0.246392496
13.7615216	0.242784993
13.7737432	0.250811688
13.7859648	0.244137807
13.7981864	0.25036075
13.810408	0.238365801
13.8226296	0.240079365
13.8348512	0.240349928
13.8470728	0.246572872
13.8592944	0.235479798
13.871516	0.239628427
13.8837376	0.230339105
13.8959592	0.237012987
13.9081808	0.237824675
13.9204024	0.236652237
13.932624	0.227633478
13.9448456	0.232593795
13.9570672	0.228986291
13.9692888	0.229256854
13.9815104	0.234487734
13.993732	0.230339105
14.0059536	0.229256854
14.0181752	0.223755411
14.0303968	0.224296537
14.0426184	0.220508658
14.05484	0.230248918
14.0670616	0.221861472
14.0792832	0.219246032
14.0915048	0.210497835
14.1037264	0.209686147
14.115948	0.221951659
14.1281696	0.219787157
14.1403912	0.221230159
14.1526128	0.205808081
14.1648344	0.207611833
14.177056	0.213924964
14.1892776	0.208603896
14.2014992	0.21482684
14.2137208	0.210948773
14.2259424	0.208694084
14.238164	0.213383838
14.2503856	0.208243146
14.2626072	0.201298701
14.2748288	0.204816017
14.2870504	0.204094517
14.299272	0.215818903
14.3114936	0.203373016
14.3237152	0.202651515
14.3359368	0.207251082
14.3481584	0.196608947
14.36038	0.197150072
14.3726016	0.202020202
14.3848232	0.19724026
14.3970448	0.201659452
14.4092664	0.19498557
14.421488	0.197330447
14.4337096	0.194083694
14.4459312	0.198773449
14.4581528	0.19273088
14.4703744	0.200757576
14.482596	0.201208514
14.4948176	0.181547619
14.5070392	0.191017316
14.5192608	0.191378066
14.5314824	0.187049062
14.543704	0.185696248
14.5559256	0.192189755
14.5681472	0.189574315
14.5803688	0.179834055
14.5925904	0.183712121
14.604812	0.182449495
14.6170336	0.193813131
14.6292552	0.184704185
14.6414768	0.187680375
14.6536984	0.185155123
14.66592	0.177940115
14.6781416	0.179924242
14.6903632	0.179383117
14.7025848	0.176587302
14.7148064	0.174512987
14.727028	0.178481241
14.7392496	0.178030303
14.7514712	0.17703824
14.7636928	0.175775613
14.7759144	0.179473304
14.788136	0.17703824
14.8003576	0.170725108
14.8125792	0.170725108
14.8248008	0.173430736
14.8370224	0.168831169
14.849244	0.173701299
14.8614656	0.168650794
14.8736872	0.172799423
14.8859088	0.168650794
14.8981304	0.16765873
14.910352	0.161616162
14.9225736	0.166486291
14.9347952	0.171085859
14.9470168	0.164502165
14.9592384	0.160533911
14.97146	0.161796537
14.9836816	0.165674603
14.9959032	0.163600289
15.0081248	0.159181097
15.0203464	0.160443723
15.032568	0.169191919
15.0447896	0.157828283
15.0570112	0.158189033
15.0692328	0.163239538
15.0814544	0.159902597
15.093676	0.162518038
15.1058976	0.151244589
15.1181192	0.152597403
15.1303408	0.15007215
15.1425624	0.160082973
15.154784	0.14745671
15.1670056	0.155212843
15.1792272	0.158008658
15.1914488	0.145292208
15.2036704	0.147907648
15.215892	0.151785714
15.2281136	0.14781746
15.2403352	0.1504329
15.2525568	0.146103896
15.2647784	0.152777778
15.277	0.152056277
15.2892216	0.14781746
15.3014432	0.147997835
15.3136648	0.144119769
15.3258864	0.14709596
15.338108	0.140963203
15.3503296	0.143578644
15.3625512	0.145382395
15.3747728	0.143217893
15.3869944	0.141053391
15.399216	0.142045455
15.4114376	0.147276335
15.4236592	0.140241703
15.4358808	0.14033189
15.4481024	0.136904762
15.460324	0.141143579
15.4725456	0.132665945
15.4847672	0.133297258
15.4969888	0.135551948
15.5092104	0.135642136
15.521432	0.134650072
15.5336536	0.136363636
15.5458752	0.140602453
15.5580968	0.14520202
15.5703184	0.138888889
15.58254	0.133477633
15.5947616	0.134379509
15.6069832	0.134830447
15.6192048	0.127525253
15.6314264	0.131403319
15.643648	0.131132756
15.6558696	0.12987013
15.6680912	0.125180375
15.6803128	0.133387446
15.6925344	0.130050505
15.704756	0.12797619
15.7169776	0.125631313
15.7291992	0.127435065
15.7414208	0.120220058
15.7536424	0.130681818
15.765864	0.128427128
15.7780856	0.125
15.7903072	0.124549062
15.8025288	0.122474747
15.8147504	0.129689755
15.826972	0.115800866
15.8391936	0.128336941
15.8514152	0.124549062
15.8636368	0.124188312
15.8758584	0.120580808
15.88808	0.121212121
15.9003016	0.124368687
15.9125232	0.12012987
15.9247448	0.119588745
15.9369664	0.118506494
15.949188	0.115349928
15.9614096	0.120310245
15.9736312	0.114718615
15.9858528	0.116612554
15.9980744	0.11525974
16.010296	0.121933622
16.0225176	0.113726551
16.0347392	0.112193362
16.0469608	0.115710678
16.0591824	0.106872294
16.071404	0.119949495
16.0836256	0.111201299
16.0958472	0.11787518
16.1080688	0.111291486
16.1202904	0.115169553
16.132512	0.113816739
16.1447336	0.106962482
16.1569552	0.109036797
16.1691768	0.109487734
16.1813984	0.10479798
16.19362	0.104888167
16.2058416	0.106150794
16.2180632	0.112193362
16.2302848	0.112734488
16.2425064	0.107593795
16.254728	0.106962482
16.2669496	0.105790043
16.2791712	0.109758297
16.2913928	0.105880231
16.3036144	0.109217172
16.315836	0.106511544
16.3280576	0.108495671
16.3402792	0.102002165
16.3525008	0.104617605
16.3647224	0.099657287
16.376944	0.103625541
16.3891656	0.099837662
16.4013872	0.105699856
16.4136088	0.098033911
16.4258304	0.097853535
16.438052	0.104256854
16.4502736	0.096681097
16.4624952	0.098845599
16.4747168	0.097582973
16.4869384	0.095779221
16.49916	0.103986291
16.5113816	0.099837662
16.5236032	0.097763348
16.5358248	0.095869408
16.5480464	0.098033911
16.560268	0.096771284
16.5724896	0.091630592
16.5847112	0.094336219
16.5969328	0.093344156
16.6091544	0.095508658
16.621376	0.091179654
16.6335976	0.096590909
16.6458192	0.091360029
16.6580408	0.094336219
16.6702624	0.094516595
16.682484	0.103084416
16.6947056	0.09469697
16.7069272	0.096230159
16.7191488	0.094606782
16.7313704	0.094606782
16.743592	0.095779221
16.7558136	0.08982684
16.7680352	0.090548341
16.7802568	0.09018759
16.7924784	0.095147908
16.8047	0.094877345
16.8169216	0.09541847
16.8291432	0.094155844
16.8413648	0.089736652
16.8535864	0.090999278
16.865808	0.084325397
16.8780296	0.090367965
16.8902512	0.082521645
16.9024728	0.086309524
16.9146944	0.089105339
16.926916	0.089285714
16.9391376	0.08495671
16.9513592	0.089466089
16.9635808	0.089195527
16.9758024	0.085407648
16.988024	0.08270202
17.0002456	0.083603896
17.0124672	0.080898268
17.0246888	0.089556277
17.0369104	0.081800144
17.049132	0.088113276
17.0613536	0.080357143
17.0735752	0.080898268
17.0857968	0.090277778
17.0980184	0.085858586
17.11024	0.084866522
17.1224616	0.082070707
17.1346832	0.079635642
17.1469048	0.083513709
17.1591264	0.08008658
17.171348	0.082972583
17.1835696	0.087031025
17.1957912	0.077651515
17.2080128	0.079906205
17.2202344	0.078643579
17.232456	0.078553391
17.2446776	0.076749639
17.2568992	0.081980519
17.2691208	0.078373016
17.2813424	0.080357143
17.293564	0.072691198
17.3057856	0.075036075
17.3180072	0.077651515
17.3302288	0.078643579
17.3424504	0.073773449
17.354672	0.07972583
17.3668936	0.073322511
17.3791152	0.074585137
17.3913368	0.071338384
17.4035584	0.071969697
17.41578	0.074044012
17.4280016	0.07711039
17.4402232	0.073051948
17.4524448	0.075487013
17.4646664	0.071338384
17.476888	0.071879509
17.4891096	0.071428571
17.5013312	0.071699134
17.5135528	0.071158009
17.5257744	0.077922078
17.537996	0.075126263
17.5502176	0.070887446
17.5624392	0.073502886
17.5746608	0.065025253
17.5868824	0.07034632
17.599104	0.069354257
17.6113256	0.06700938
17.6235472	0.076208514
17.6357688	0.068001443
17.6479904	0.069354257
17.660212	0.068903319
17.6724336	0.067099567
17.6846552	0.063762626
17.6968768	0.069805195
17.7090984	0.070887446
17.72132	0.06700938
17.7335416	0.070616883
17.7457632	0.065566378
17.7579848	0.067099567
17.7702064	0.071428571
17.782428	0.065566378
17.7946496	0.068993506
17.8068712	0.066648629
17.8190928	0.064123377
17.8313144	0.067279942
17.843536	0.064484127
17.8557576	0.066107504
17.8679792	0.068362193
17.8802008	0.066197691
17.8924224	0.067460317
17.904644	0.063221501
17.9168656	0.064213564
17.9290872	0.064664502
17.9413088	0.064303752
17.9535304	0.066107504
17.965752	0.066287879
17.9779736	0.061778499
17.9901952	0.061056999
18.0024168	0.061327561
18.0146384	0.060425685
18.02686	0.062590188
18.0390816	0.063221501
18.0513032	0.062680375
18.0635248	0.061237374
18.0757464	0.054834055
18.087968	0.057178932
18.1001896	0.058080808
18.1124112	0.062950938
18.1246328	0.057088745
18.1368544	0.061056999
18.149076	0.064303752
18.1612976	0.055555556
18.1735192	0.05762987
18.1857408	0.058531746
18.1979624	0.059072872
18.210184	0.054473304
18.2224056	0.060876623
18.2346272	0.057539683
18.2468488	0.058261183
18.2590704	0.05465368
18.271292	0.054563492
18.2835136	0.056457431
18.2957352	0.056998557
18.3079568	0.056637807
18.3201784	0.058531746
18.3324	0.056096681
18.3446216	0.057449495
18.3568432	0.054924242
18.3690648	0.053481241
18.3812864	0.05465368
18.393508	0.050955988
18.4057296	0.054202742
18.4179512	0.055465368
18.4301728	0.05537518
18.4423944	0.05239899
18.454616	0.053841991
18.4668376	0.056006494
18.4790592	0.04788961
18.4912808	0.054112554
18.5035024	0.051046176
18.515724	0.050414863
18.5279456	0.051136364
18.5401672	0.052669553
18.5523888	0.050865801
18.5646104	0.051136364
18.576832	0.048881674
18.5890536	0.052308802
18.6012752	0.054202742
18.6134968	0.050955988
18.6257184	0.052579365
18.63794	0.049062049
18.6501616	0.053210678
18.6623832	0.053391053
18.6746048	0.04752886
18.6868264	0.051316739
18.699048	0.053391053
18.7112696	0.045093795
18.7234912	0.051136364
18.7357128	0.049152237
18.7479344	0.049963925
18.760156	0.046987734
18.7723776	0.048611111
18.7845992	0.04788961
18.7968208	0.04491342
18.8090424	0.049512987
18.821264	0.049422799
18.8334856	0.048520924
18.8457072	0.045364358
18.8579288	0.04716811
18.8701504	0.049963925
18.882372	0.043650794
18.8945936	0.045454545
18.9068152	0.046626984
18.9190368	0.048430736
18.9312584	0.045364358
18.94348	0.044372294
18.9557016	0.046446609
18.9679232	0.044011544
18.9801448	0.045003608
18.9923664	0.045995671
19.004588	0.044101732
19.0168096	0.039772727
19.0290312	0.043290043
19.0412528	0.044823232
19.0534744	0.046536797
19.065696	0.041756854
19.0779176	0.044101732
19.0901392	0.043831169
19.1023608	0.044101732
19.1145824	0.044372294
19.126804	0.045003608
19.1390256	0.044282107
19.1512472	0.041396104
19.1634688	0.040674603
19.1756904	0.041305916
19.187912	0.045544733
19.2001336	0.043109668
19.2123552	0.03968254
19.2245768	0.040223665
19.2367984	0.041666667
19.24902	0.041035354
19.2612416	0.037968975
19.2734632	0.039411977
19.2856848	0.040854978
19.2979064	0.042117605
19.310128	0.042568543
19.3223496	0.041576479
19.3345712	0.039953102
19.3467928	0.040945166
19.3590144	0.039231602
19.371236	0.042568543
19.3834576	0.040674603
19.3956792	0.037878788
19.4079008	0.038961039
19.4201224	0.039141414
19.432344	0.039231602
19.4445656	0.036616162
19.4567872	0.04527417
19.4690088	0.03742785
19.4812304	0.040133478
19.493452	0.036435786
19.5056736	0.039862915
19.5178952	0.040133478
19.5301168	0.036706349
19.5423384	0.036345599
19.55456	0.037518038
19.5667816	0.041396104
19.5790032	0.039592352
19.5912248	0.039411977
19.6034464	0.035533911
19.615668	0.037157287
19.6278896	0.038149351
19.6401112	0.037247475
19.6523328	0.034632035
19.6645544	0.036616162
19.676776	0.038600289
19.6889976	0.036886724
19.7012192	0.035714286
19.7134408	0.039772727
19.7256624	0.036706349
19.737884	0.034902597
19.7501056	0.032738095
19.7623272	0.036165224
19.7745488	0.036525974
19.7867704	0.033008658
19.798992	0.034632035
19.8112136	0.036706349
19.8234352	0.034361472
19.8356568	0.034992785
19.8478784	0.032647908
19.8601	0.034722222
19.8723216	0.034181097
19.8845432	0.035443723
19.8967648	0.032647908
19.9089864	0.03291847
19.921208	0.034361472
19.9334296	0.030483405
19.9456512	0.03517316
19.9578728	0.03030303
19.9700944	0.034541847
19.982316	0.032106782
19.9945376	0.034181097
20.0067592	0.031114719
20.0189808	0.03291847
20.0312024	0.033279221
20.043424	0.03255772
20.0556456	0.030934343
20.0678672	0.030483405
20.0800888	0.032377345
20.0923104	0.033820346
20.104532	0.031114719
20.1167536	0.03030303
20.1289752	0.030122655
20.1411968	0.032828283
20.1534184	0.031746032
20.16564	0.02958153
20.1778616	0.034632035
20.1900832	0.032377345
20.2023048	0.03030303
20.2145264	0.032828283
20.226748	0.031565657
20.2389696	0.031024531
20.2511912	0.031385281
20.2634128	0.030663781
20.2756344	0.029310967
20.287856	0.029220779
20.3000776	0.028589466
20.3122992	0.030212843
20.3245208	0.031114719
20.3367424	0.029761905
20.348964	0.029401154
20.3611856	0.030573593
20.3734072	0.029671717
20.3856288	0.030122655
20.3978504	0.030393218
20.410072	0.027867965
20.4222936	0.028589466
20.4345152	0.026875902
20.4467368	0.02768759
20.4589584	0.027867965
20.47118	0.02768759
20.4834016	0.031475469
20.4956232	0.026875902
20.5078448	0.031836219
20.5200664	0.03030303
20.532288	0.028228716
20.5445096	0.027597403
20.5567312	0.028048341
20.5689528	0.028769841
20.5811744	0.028769841
20.593396	0.028228716
20.6056176	0.029220779
20.6178392	0.026244589
20.6300608	0.026154401
20.6422824	0.029491342
20.654504	0.025252525
20.6667256	0.026695527
20.6789472	0.02732684
20.6911688	0.024621212
20.7033904	0.025342713
20.715612	0.025252525
20.7278336	0.024350649
20.7400552	0.026875902
20.7522768	0.027417027
20.7644984	0.027417027
20.77672	0.025974026
20.7889416	0.024170274
20.8011632	0.027236652
20.8133848	0.027236652
20.8256064	0.028048341
20.837828	0.022907648
20.8500496	0.023448773
20.8622712	0.024440837
20.8744928	0.023989899
20.8867144	0.026424964
20.898936	0.024531025
20.9111576	0.026244589
20.9233792	0.023268398
20.9356008	0.024801587
20.9478224	0.022907648
20.960044	0.023088023
20.9722656	0.024440837
20.9844872	0.026154401
20.9967088	0.022546898
21.0089304	0.025523088
21.021152	0.026244589
21.0333736	0.0247114
21.0455952	0.02281746
21.0578168	0.025523088
21.0700384	0.025523088
21.08226	0.022005772
21.0944816	0.024981962
21.1067032	0.022727273
21.1189248	0.0247114
21.1311464	0.02281746
21.143368	0.023538961
21.1555896	0.022186147
21.1678112	0.023268398
21.1800328	0.021554834
21.1922544	0.022997835
21.204476	0.020562771
21.2166976	0.023358586
21.2289192	0.020562771
21.2411408	0.023088023
21.2533624	0.023989899
21.265584	0.021825397
21.2778056	0.019300144
21.2900272	0.023629149
21.3022488	0.022276335
21.3144704	0.023268398
21.326692	0.019570707
21.3389136	0.022366522
21.3511352	0.021103896
21.3633568	0.020111833
21.3755784	0.022637085
21.3878	0.021645022
21.4000216	0.022186147
21.4122432	0.022727273
21.4244648	0.019931457
21.4366864	0.022276335
21.448908	0.022907648
21.4611296	0.022005772
21.4733512	0.020292208
21.4855728	0.02245671
21.4977944	0.022366522
21.510016	0.022186147
21.5222376	0.018849206
21.5344592	0.021915584
21.5466808	0.018578644
21.5589024	0.021825397
21.571124	0.021194084
21.5833456	0.018668831
21.5955672	0.020292208
21.6077888	0.020923521
21.6200104	0.021284271
21.632232	0.020562771
21.6444536	0.021554834
21.6566752	0.020743146
21.6688968	0.018037518
21.6811184	0.018217893
21.69334	0.018217893
21.7055616	0.016594517
21.7177832	0.019931457
21.7300048	0.020111833
21.7422264	0.020472583
21.754448	0.020562771
21.7666696	0.018398268
21.7788912	0.018398268
21.7911128	0.020021645
21.8033344	0.019751082
21.815556	0.017857143
21.8277776	0.016955267
21.8399992	0.019119769
21.8522208	0.016594517
21.8644424	0.018668831
21.876664	0.020292208
21.8888856	0.019209957
21.9011072	0.018127706
21.9133288	0.018308081
21.9255504	0.016504329
21.937772	0.018308081
21.9499936	0.01533189
21.9622152	0.018127706
21.9744368	0.018308081
21.9866584	0.019660895
21.99888	0.021284271
22.0111016	0.017045455
22.0233232	0.019570707
22.0355448	0.016955267
22.0477664	0.017406205
22.059988	0.017766955
22.0722096	0.018759019
22.0844312	0.017496392
22.0966528	0.017406205
22.1088744	0.01984127
22.121096	0.018939394
22.1333176	0.016233766
22.1455392	0.016143579
22.1577608	0.016143579
22.1699824	0.018398268
22.182204	0.017766955
22.1944256	0.016774892
22.2066472	0.015873016
22.2188688	0.016774892
22.2310904	0.017496392
22.243312	0.019480519
22.2555336	0.018127706
22.2677552	0.015692641
22.2799768	0.020382395
22.2921984	0.017766955
22.30442	0.016684704
22.3166416	0.017857143
22.3288632	0.016955267
22.3410848	0.01533189
22.3533064	0.016504329
22.365528	0.015963203
22.3777496	0.014790765
22.3899712	0.015692641
22.4021928	0.016053391
22.4144144	0.014430014
22.426636	0.015873016
22.4388576	0.013708514
22.4510792	0.014520202
22.4633008	0.014159452
22.4755224	0.014430014
22.487744	0.013167388
22.4999656	0.01533189
22.5121872	0.016143579
22.5244088	0.016053391
22.5366304	0.013979076
22.548852	0.018037518
22.5610736	0.015873016
22.5732952	0.017045455
22.5855168	0.014790765
22.5977384	0.014790765
22.60996	0.016504329
22.6221816	0.015151515
22.6344032	0.013708514
22.6466248	0.016143579
22.6588464	0.014069264
22.671068	0.014159452
22.6832896	0.014159452
22.6955112	0.013257576
22.7077328	0.013798701
22.7199544	0.01461039
22.732176	0.015602453
22.7443976	0.01461039
22.7566192	0.016233766
22.7688408	0.014790765
22.7810624	0.013798701
22.793284	0.015061328
22.8055056	0.013798701
22.8177272	0.013257576
22.8299488	0.014430014
22.8421704	0.013437951
22.854392	0.014430014
22.8666136	0.015782828
22.8788352	0.014790765
22.8910568	0.014159452
22.9032784	0.013167388
22.9155	0.0123557
22.9277216	0.014249639
22.9399432	0.013077201
22.9521648	0.011814574
22.9643864	0.013437951
22.976608	0.015422078
22.9888296	0.013618326
23.0010512	0.012987013
23.0132728	0.013437951
23.0254944	0.012896825
23.037716	0.013257576
23.0499376	0.014159452
23.0621592	0.013077201
23.0743808	0.012175325
23.0866024	0.013077201
23.098824	0.010551948
23.1110456	0.012626263
23.1232672	0.011904762
23.1354888	0.014520202
23.1477104	0.012987013
23.159932	0.013708514
23.1721536	0.013257576
23.1843752	0.013347763
23.1965968	0.010642136
23.2088184	0.010281385
23.22104	0.011814574
23.2332616	0.013708514
23.2454832	0.012175325
23.2577048	0.012896825
23.2699264	0.011183261
23.282148	0.010822511
23.2943696	0.010551948
23.3065912	0.011093074
23.3188128	0.015061328
23.3310344	0.01271645
23.343256	0.01271645
23.3554776	0.012987013
23.3676992	0.012175325
23.3799208	0.011904762
23.3921424	0.013257576
23.404364	0.012536075
23.4165856	0.012806638
23.4288072	0.011273449
23.4410288	0.010642136
23.4532504	0.012536075
23.465472	0.01046176
23.4776936	0.013798701
23.4899152	0.011904762
23.5021368	0.013077201
23.5143584	0.012987013
23.52658	0.011814574
23.5388016	0.010822511
23.5510232	0.011273449
23.5632448	0.011544012
23.5754664	0.0123557
23.587688	0.012085137
23.5999096	0.010642136
23.6121312	0.010010823
23.6243528	0.011814574
23.6365744	0.011814574
23.648796	0.010822511
23.6610176	0.011453824
23.6732392	0.010822511
23.6854608	0.010732323
23.6976824	0.010642136
23.709904	0.011363636
23.7221256	0.011994949
23.7343472	0.01010101
23.7465688	0.011904762
23.7587904	0.010371573
23.771012	0.01046176
23.7832336	0.011363636
23.7954552	0.008838384
23.8076768	0.010551948
23.8198984	0.010551948
23.83212	0.009469697
23.8443416	0.010191198
23.8565632	0.011544012
23.8687848	0.009830447
23.8810064	0.010822511
23.893228	0.010912698
23.9054496	0.010191198
23.9176712	0.010642136
23.9298928	0.010642136
23.9421144	0.011363636
23.954336	0.009199134
23.9665576	0.009830447
23.9787792	0.010281385
23.9910008	0.009108947
24.0032224	0.011093074
24.015444	0.00974026
24.0276656	0.010010823
24.0398872	0.011363636
24.0521088	0.009469697
24.0643304	0.009469697
24.076552	0.009920635
24.0887736	0.009469697
24.1009952	0.009018759
24.1132168	0.009379509
24.1254384	0.00974026
24.13766	0.009379509
24.1498816	0.008658009
24.1621032	0.009559885
24.1743248	0.010191198
24.1865464	0.008477633
24.198768	0.009920635
24.2109896	0.008567821
24.2232112	0.009199134
24.2354328	0.009289322
24.2476544	0.009018759
24.259876	0.011363636
24.2720976	0.008297258
24.2843192	0.009199134
24.2965408	0.008387446
24.3087624	0.008928571
24.320984	0.01046176
24.3332056	0.009650072
24.3454272	0.009469697
24.3576488	0.010191198
24.3698704	0.009018759
24.382092	0.009650072
24.3943136	0.008928571
24.4065352	0.009018759
24.4187568	0.010010823
24.4309784	0.008297258
24.4432	0.009018759
24.4554216	0.008116883
24.4676432	0.00784632
24.4798648	0.008748196
24.4920864	0.008116883
24.504308	0.009559885
24.5165296	0.009199134
24.5287512	0.00974026
24.5409728	0.007215007
24.5531944	0.008838384
24.565416	0.006764069
24.5776376	0.011002886
24.5898592	0.007395382
24.6020808	0.008026696
24.6143024	0.009018759
24.626524	0.009289322
24.6387456	0.00712482
24.6509672	0.007756133
24.6631888	0.007215007
24.6754104	0.007575758
24.687632	0.008658009
24.6998536	0.008116883
24.7120752	0.009379509
24.7242968	0.007575758
24.7365184	0.007305195
24.74874	0.009559885
24.7609616	0.00784632
24.7731832	0.009469697
24.7854048	0.008838384
24.7976264	0.007665945
24.809848	0.007575758
24.8220696	0.00784632
24.8342912	0.008748196
24.8465128	0.007665945
24.8587344	0.009559885
24.870956	0.009650072
24.8831776	0.007756133
24.8953992	0.008477633
24.9076208	0.008567821
24.9198424	0.008567821
24.932064	0.008116883
24.9442856	0.007305195
24.9565072	0.008477633
24.9687288	0.007756133
24.9809504	0.008116883
24.993172	0.008297258
25.0053936	0.006944444
25.0176152	0.007305195
25.0298368	0.006493506
25.0420584	0.00712482
25.05428	0.008297258
25.0665016	0.008297258
25.0787232	0.00748557
25.0909448	0.006944444
25.1031664	0.006764069
25.115388	0.007305195
25.1276096	0.00748557
25.1398312	0.008387446
25.1520528	0.008207071
25.1642744	0.006764069
25.176496	0.008477633
25.1887176	0.00712482
25.2009392	0.008116883
25.2131608	0.007305195
25.2253824	0.007395382
25.237604	0.005952381
25.2498256	0.00748557
25.2620472	0.009108947
25.2742688	0.006764069
25.2864904	0.008116883
25.298712	0.007756133
25.3109336	0.007215007
25.3231552	0.00784632
25.3353768	0.007756133
25.3475984	0.007665945
25.35982	0.00748557
25.3720416	0.007936508
25.3842632	0.007575758
25.3964848	0.007756133
25.4087064	0.006493506
25.420928	0.006854257
25.4331496	0.006673882
25.4453712	0.005140693
25.4575928	0.006222944
25.4698144	0.006854257
25.482036	0.006222944
25.4942576	0.006042569
25.5064792	0.007034632
25.5187008	0.007665945
25.5309224	0.006222944
25.543144	0.006854257
25.5553656	0.007575758
25.5675872	0.006583694
25.5798088	0.007034632
25.5920304	0.006132756
25.604252	0.007215007
25.6164736	0.005591631
25.6286952	0.006764069
25.6409168	0.007034632
25.6531384	0.006583694
25.66536	0.007575758
25.6775816	0.005862193
25.6898032	0.005862193
25.7020248	0.004419192
25.7142464	0.005772006
25.726468	0.005772006
25.7386896	0.006222944
25.7509112	0.007034632
25.7631328	0.006764069
25.7753544	0.006132756
25.787576	0.006403319
25.7997976	0.007215007
25.8120192	0.00487013
25.8242408	0.006313131
25.8364624	0.006042569
25.848684	0.005411255
25.8609056	0.005862193
25.8731272	0.004779942
25.8853488	0.003878066
25.8975704	0.005772006
25.909792	0.005050505
25.9220136	0.006132756
25.9342352	0.004960317
25.9464568	0.006944444
25.9586784	0.005591631
25.9709	0.004960317
25.9831216	0.006222944
25.9953432	0.007034632
26.0075648	0.006493506
26.0197864	0.005772006
26.032008	0.007395382
26.0442296	0.005321068
26.0564512	0.005862193
26.0686728	0.004779942
26.0808944	0.005681818
26.093116	0.004779942
26.1053376	0.005591631
26.1175592	0.005772006
26.1297808	0.00523088
26.1420024	0.003968254
26.154224	0.005050505
26.1664456	0.005050505
26.1786672	0.006042569
26.1908888	0.006583694
26.2031104	0.005952381
26.215332	0.005050505
26.2275536	0.005862193
26.2397752	0.003787879
26.2519968	0.006132756
26.2642184	0.005862193
26.27644	0.005952381
26.2886616	0.005591631
26.3008832	0.005772006
26.3131048	0.005952381
26.3253264	0.004960317
26.337548	0.005140693
26.3497696	0.006042569
26.3619912	0.004960317
26.3742128	0.007215007
26.3864344	0.005681818
26.398656	0.005681818
26.4108776	0.006222944
26.4230992	0.004779942
26.4353208	0.005952381
26.4475424	0.004238817
26.459764	0.005321068
26.4719856	0.004960317
26.4842072	0.005952381
26.4964288	0.003787879
26.5086504	0.005501443
26.520872	0.004599567
26.5330936	0.005772006
26.5453152	0.005050505
26.5575368	0.003246753
26.5697584	0.005321068
26.58198	0.005772006
26.5942016	0.005501443
26.6064232	0.004148629
26.6186448	0.005681818
26.6308664	0.004148629
26.643088	0.004148629
26.6553096	0.005411255
26.6675312	0.00450938
26.6797528	0.005772006
26.6919744	0.004960317
26.704196	0.004779942
26.7164176	0.004599567
26.7286392	0.004960317
26.7408608	0.004058442
26.7530824	0.004329004
26.765304	0.005681818
26.7775256	0.005140693
26.7897472	0.005681818
26.8019688	0.005050505
26.8141904	0.005411255
26.826412	0.005321068
26.8386336	0.004148629
26.8508552	0.004419192
26.8630768	0.006403319
26.8752984	0.005501443
26.88752	0.004148629
26.8997416	0.004419192
26.9119632	0.005321068
26.9241848	0.005862193
26.9364064	0.00523088
26.948628	0.004689755
26.9608496	0.004058442
26.9730712	0.004599567
26.9852928	0.003427128
26.9975144	0.004329004
27.009736	0.004238817
27.0219576	0.005050505
27.0341792	0.004238817
27.0464008	0.003787879
27.0586224	0.004419192
27.070844	0.004148629
27.0830656	0.003787879
27.0952872	0.00450938
27.1075088	0.003878066
27.1197304	0.004058442
27.131952	0.005140693
27.1441736	0.00523088
27.1563952	0.003156566
27.1686168	0.004689755
27.1808384	0.003968254
27.19306	0.003427128
27.2052816	0.003878066
27.2175032	0.004329004
27.2297248	0.004689755
27.2419464	0.004238817
27.254168	0.003246753
27.2663896	0.00450938
27.2786112	0.004058442
27.2908328	0.00450938
27.3030544	0.003607504
27.315276	0.004419192
27.3274976	0.003968254
27.3397192	0.004148629
27.3519408	0.004058442
27.3641624	0.004689755
27.376384	0.004238817
27.3886056	0.003607504
27.4008272	0.005321068
27.4130488	0.004960317
27.4252704	0.002886003
27.437492	0.004599567
27.4497136	0.003878066
27.4619352	0.00450938
27.4741568	0.004238817
27.4863784	0.005140693
27.4986	0.004419192
27.5108216	0.002074315
27.5230432	0.003787879
27.5352648	0.004329004
27.5474864	0.003427128
27.559708	0.003517316
27.5719296	0.003336941
27.5841512	0.003517316
27.5963728	0.003878066
27.6085944	0.003427128
27.620816	0.004238817
27.6330376	0.00450938
27.6452592	0.003066378
27.6574808	0.004058442
27.6697024	0.00523088
27.681924	0.004779942
27.6941456	0.003427128
27.7063672	0.003607504
27.7185888	0.003246753
27.7308104	0.003156566
27.743032	0.003336941
27.7552536	0.004329004
27.7674752	0.003787879
27.7796968	0.003787879
27.7919184	0.003787879
27.80414	0.004779942
27.8163616	0.003517316
27.8285832	0.00450938
27.8408048	0.004238817
27.8530264	0.003066378
27.865248	0.004960317
27.8774696	0.003968254
27.8896912	0.004689755
27.9019128	0.003246753
27.9141344	0.003697691
27.926356	0.003697691
27.9385776	0.004148629
27.9507992	0.004058442
27.9630208	0.003878066
27.9752424	0.004599567
27.987464	0.003246753
27.9996856	0.003427128
28.0119072	0.002705628
28.0241288	0.003697691
28.0363504	0.002705628
28.048572	0.003968254
28.0607936	0.003427128
28.0730152	0.002795815
28.0852368	0.003336941
28.0974584	0.003968254
28.10968	0.002886003
28.1219016	0.003787879
28.1341232	0.003066378
28.1463448	0.002525253
28.1585664	0.003878066
28.170788	0.003427128
28.1830096	0.003427128
28.1952312	0.00297619
28.2074528	0.003336941
28.2196744	0.003066378
28.231896	0.002344877
28.2441176	0.002435065
28.2563392	0.003066378
28.2685608	0.002705628
28.2807824	0.003246753
28.293004	0.003607504
28.3052256	0.002886003
28.3174472	0.004238817
28.3296688	0.002164502
28.3418904	0.003517316
28.354112	0.003517316
28.3663336	0.003697691
28.3785552	0.004329004
28.3907768	0.002705628
28.4029984	0.003517316
28.41522	0.00225469
28.4274416	0.003697691
28.4396632	0.003246753
28.4518848	0.003607504
28.4641064	0.003246753
28.476328	0.003517316
28.4885496	0.002525253
28.5007712	0.003968254
28.5129928	0.002074315
28.5252144	0.003066378
28.537436	0.002435065
28.5496576	0.003697691
28.5618792	0.002886003
28.5741008	0.003427128
28.5863224	0.003517316
28.598544	0.002164502
28.6107656	0.00297619
28.6229872	0.003156566
28.6352088	0.001713564
28.6474304	0.003066378
28.659652	0.003156566
28.6718736	0.004238817
28.6840952	0.003336941
28.6963168	0.002705628
28.7085384	0.002525253
28.72076	0.00261544
28.7329816	0.002795815
28.7452032	0.003156566
28.7574248	0.003336941
28.7696464	0.00297619
28.781868	0.003427128
28.7940896	0.003517316
28.8063112	0.003336941
28.8185328	0.00261544
28.8307544	0.004419192
28.842976	0.002886003
28.8551976	0.003246753
28.8674192	0.003246753
28.8796408	0.002795815
28.8918624	0.003066378
28.904084	0.002705628
28.9163056	0.002886003
28.9285272	0.002164502
28.9407488	0.001713564
28.9529704	0.003156566
28.965192	0.003246753
28.9774136	0.00261544
28.9896352	0.002795815
29.0018568	0.002344877
29.0140784	0.002525253
29.0263	0.002886003
29.0385216	0.002164502
29.0507432	0.00297619
29.0629648	0.00261544
29.0751864	0.00225469
29.087408	0.00297619
29.0996296	0.003066378
29.1118512	0.003246753
29.1240728	0.002074315
29.1362944	0.002886003
29.148516	0.002525253
29.1607376	0.002525253
29.1729592	0.001893939
29.1851808	0.003156566
29.1974024	0.002164502
29.209624	0.003427128
29.2218456	0.002164502
29.2340672	0.00297619
29.2462888	0.00225469
29.2585104	0.003336941
29.270732	0.002705628
29.2829536	0.00297619
29.2951752	0.003517316
29.3073968	0.00261544
29.3196184	0.002705628
29.33184	0.00261544
29.3440616	0.002795815
29.3562832	0.002705628
29.3685048	0.001443001
29.3807264	0.002344877
29.392948	0.002705628
29.4051696	0.00297619
29.4173912	0.002344877
29.4296128	0.003066378
29.4418344	0.003607504
29.454056	0.002344877
29.4662776	0.002074315
29.4784992	0.00261544
29.4907208	0.002344877
29.5029424	0.002525253
29.515164	0.002435065
29.5273856	0.002074315
29.5396072	0.001893939
29.5518288	0.00225469
29.5640504	0.00297619
29.576272	0.002435065
29.5884936	0.002705628
29.6007152	0.00297619
29.6129368	0.002074315
29.6251584	0.003156566
29.63738	0.002795815
29.6496016	0.002164502
29.6618232	0.002435065
29.6740448	0.002435065
29.6862664	0.002705628
29.698488	0.001803752
29.7107096	0.001893939
29.7229312	0.001984127
29.7351528	0.00225469
29.7473744	0.00225469
29.759596	0.002074315
29.7718176	0.002886003
29.7840392	0.003517316
29.7962608	0.001893939
29.8084824	0.002525253
29.820704	0.001984127
29.8329256	0.001443001
29.8451472	0.002074315
29.8573688	0.002435065
29.8695904	0.002074315
29.881812	0.00225469
29.8940336	0.001984127
29.9062552	0.001533189
29.9184768	0.00297619
29.9306984	0.002435065
29.94292	0.002164502
29.9551416	0.002344877
29.9673632	0.002344877
29.9795848	0.001803752
29.9918064	0.002344877
30.004028	0.001984127
30.0162496	0.002705628
30.0284712	0.00225469
30.0406928	0.001623377
30.0529144	0.002435065
30.065136	0.001172439
30.0773576	0.002525253
30.0895792	0.001984127
30.1018008	0.003156566
30.1140224	0.00225469
30.126244	0.002164502
30.1384656	0.001803752
30.1506872	0.002435065
30.1629088	0.002525253
30.1751304	0.002074315
30.187352	0.001623377
30.1995736	0.00225469
30.2117952	0.00261544
30.2240168	0.001623377
30.2362384	0.001713564
30.24846	0.002435065
30.2606816	0.002886003
30.2729032	0.002525253
30.2851248	0.002164502
30.2973464	0.001443001
30.309568	0.001893939
30.3217896	0.00225469
30.3340112	0.00225469
30.3462328	0.001893939
30.3584544	0.001893939
30.370676	0.001713564
30.3828976	0.003066378
30.3951192	0.002164502
30.4073408	0.002435065
30.4195624	0.00261544
30.431784	0.001713564
30.4440056	0.002164502
30.4562272	0.00225469
30.4684488	0.002074315
30.4806704	0.001803752
30.492892	0.001352814
30.5051136	0.001984127
30.5173352	0.002705628
30.5295568	0.001984127
30.5417784	0.001984127
30.554	0.002164502
30.5662216	0.003066378
30.5784432	0.002705628
30.5906648	0.001893939
30.6028864	0.001713564
30.615108	0.001803752
30.6273296	0.002074315
30.6395512	0.002525253
30.6517728	0.001352814
30.6639944	0.002074315
30.676216	0.001623377
30.6884376	0.001533189
30.7006592	0.002435065
30.7128808	0.001352814
30.7251024	0.002164502
30.737324	0.002164502
30.7495456	0.002074315
30.7617672	0.001803752
30.7739888	0.001893939
30.7862104	0.002074315
30.798432	0.001623377
30.8106536	0.001443001
30.8228752	0.00225469
30.8350968	0.002164502
30.8473184	0.001713564
30.85954	0.001893939
30.8717616	0.00225469
30.8839832	0.001352814
30.8962048	0.001713564
30.9084264	0.001533189
30.920648	0.001533189
30.9328696	0.001533189
30.9450912	0.001803752
30.9573128	0.001443001
30.9695344	0.00261544
30.981756	0.001713564
30.9939776	0.00225469
31.0061992	0.001713564
31.0184208	0.001984127
31.0306424	0.001713564
31.042864	0.001803752
31.0550856	0.001623377
31.0673072	0.001984127
31.0795288	0.001984127
31.0917504	0.001623377
31.103972	0.001533189
31.1161936	0.001262626
31.1284152	0.001984127
31.1406368	0.00225469
31.1528584	0.001533189
31.16508	0.001803752
31.1773016	0.002435065
31.1895232	0.001893939
31.2017448	0.000811688
31.2139664	0.001713564
31.226188	0.001623377
31.2384096	0.001713564
31.2506312	0.001713564
31.2628528	0.002344877
31.2750744	0.001803752
31.287296	0.00225469
31.2995176	0.001713564
31.3117392	0.001262626
31.3239608	0.001623377
31.3361824	0.001533189
31.348404	0.001623377
31.3606256	0.002164502
31.3728472	0.001984127
31.3850688	0.001803752
31.3972904	0.001623377
31.409512	0.002435065
31.4217336	0.001533189
31.4339552	0.001893939
31.4461768	0.001713564
31.4583984	0.001984127
31.47062	0.001984127
31.4828416	0.001623377
31.4950632	0.001623377
31.5072848	0.002344877
31.5195064	0.001713564
31.531728	0.002164502
31.5439496	0.001893939
31.5561712	0.001443001
31.5683928	0.001713564
31.5806144	0.001623377
31.592836	0.001082251
31.6050576	0.001893939
31.6172792	0.002074315
31.6295008	0.000901876
31.6417224	0.001352814
31.653944	0.002074315
31.6661656	0.00225469
31.6783872	0.001172439
31.6906088	0.001713564
31.7028304	0.001893939
31.715052	0.000811688
31.7272736	0.001623377
31.7394952	0.001443001
31.7517168	0.001172439
31.7639384	0.001533189
31.77616	0.001082251
31.7883816	0.001893939
31.8006032	0.002705628
31.8128248	0.001082251
31.8250464	0.001443001
31.837268	0.001443001
31.8494896	0.001623377
31.8617112	0.001803752
31.8739328	0.001443001
31.8861544	0.001172439
31.898376	0.001533189
31.9105976	0.001713564
31.9228192	0.000901876
31.9350408	0.002344877
31.9472624	0.001713564
31.959484	0.000901876
31.9717056	0.001893939
31.9839272	0.001803752
31.9961488	0.001713564
32.0083704	0.001893939
32.020592	0.001262626
32.0328136	0.001172439
32.0450352	0.002074315
32.0572568	0.001533189
32.0694784	0.001713564
32.0817	0.001262626
32.0939216	0.001352814
32.1061432	0.002164502
32.1183648	0.001443001
32.1305864	0.001984127
32.142808	0.001262626
32.1550296	0.001082251
32.1672512	0.001443001
32.1794728	0.001893939
32.1916944	0.001262626
32.203916	0.001352814
32.2161376	0.001262626
32.2283592	0.002435065
32.2405808	0.002164502
32.2528024	0.001352814
32.265024	0.001893939
32.2772456	0.001352814
32.2894672	0.001623377
32.3016888	0.001172439
32.3139104	0.002164502
32.326132	0.001713564
32.3383536	0.001893939
32.3505752	0.001803752
32.3627968	0.000901876
32.3750184	0.001172439
32.38724	0.001172439
32.3994616	0.001623377
32.4116832	0.001172439
32.4239048	0.001803752
32.4361264	0.001172439
32.448348	0.001082251
32.4605696	0.001172439
32.4727912	0.000901876
32.4850128	0.001082251
32.4972344	0.000992063
32.509456	0.001533189
32.5216776	0.001623377
32.5338992	0.001443001
32.5461208	0.001352814
32.5583424	0.001623377
32.570564	0.001082251
32.5827856	0.001623377
32.5950072	0.000811688
32.6072288	0.001803752
32.6194504	0.001533189
32.631672	0.001893939
32.6438936	0.000811688
32.6561152	0.001082251
32.6683368	0.001623377
32.6805584	0.001623377
32.69278	0.001262626
32.7050016	0.001713564
32.7172232	0.000992063
32.7294448	0.002074315
32.7416664	0.001443001
32.753888	0.001803752
32.7661096	0.001082251
32.7783312	0.001352814
32.7905528	0.001533189
32.8027744	0.001984127
32.814996	0.001352814
32.8272176	0.001893939
32.8394392	0.001262626
32.8516608	0.001893939
32.8638824	0.001533189
32.876104	0.001172439
32.8883256	0.001533189
32.9005472	0.000541126
32.9127688	0.001893939
32.9249904	0.000901876
32.937212	0.001352814
32.9494336	0.000901876
32.9616552	0.001443001
32.9738768	0.001533189
32.9860984	0.001352814
32.99832	0.001082251
33.0105416	0.001082251
33.0227632	0.001172439
33.0349848	0.000811688
33.0472064	0.001533189
33.059428	0.001623377
33.0716496	0.001803752
33.0838712	0.001713564
33.0960928	0.001443001
33.1083144	0.001082251
33.120536	0.000992063
33.1327576	0.000901876
33.1449792	0.000992063
33.1572008	0.000901876
33.1694224	0.002164502
33.181644	0.001623377
33.1938656	0.001172439
33.2060872	0.001262626
33.2183088	0.001082251
33.2305304	0.000901876
33.242752	0.000811688
33.2549736	0.000901876
33.2671952	0.001352814
33.2794168	0.001262626
33.2916384	0.001172439
33.30386	0.001623377
33.3160816	0.000901876
33.3283032	0.001082251
33.3405248	0.000721501
33.3527464	0.000992063
33.364968	0.001623377
33.3771896	0.000811688
33.3894112	0.001262626
33.4016328	0.001533189
33.4138544	0.001082251
33.426076	0.001172439
33.4382976	0.001262626
33.4505192	0.001082251
33.4627408	0.001443001
33.4749624	0.000992063
33.487184	0.001262626
33.4994056	0.000541126
33.5116272	0.001623377
33.5238488	0.000992063
33.5360704	0.001172439
33.548292	0.001262626
33.5605136	0.001713564
33.5727352	0.000901876
33.5849568	0.001352814
33.5971784	0.000992063
33.6094	0.001443001
33.6216216	0.000811688
33.6338432	0.000992063
33.6460648	0.001533189
33.6582864	0.000901876
33.670508	0.000992063
33.6827296	0.001082251
33.6949512	0.001533189
33.7071728	0.001623377
33.7193944	0.001352814
33.731616	0.001082251
33.7438376	0.001172439
33.7560592	0.000901876
33.7682808	0.002344877
33.7805024	0.001082251
33.792724	0.001262626
33.8049456	0.001172439
33.8171672	0.001082251
33.8293888	0.000992063
33.8416104	0.000721501
33.853832	0.001803752
33.8660536	0.000721501
33.8782752	0.001352814
33.8904968	0.000811688
33.9027184	0.001352814
33.91494	0.001533189
33.9271616	0.001082251
33.9393832	0.001262626
33.9516048	0.000811688
33.9638264	0.001443001
33.976048	0.001262626
33.9882696	0.001533189
34.0004912	0.000901876
34.0127128	0.001533189
34.0249344	0.001082251
34.037156	0.000541126
34.0493776	0.001262626
34.0615992	0.001893939
34.0738208	0.001262626
34.0860424	0.000631313
34.098264	0.001082251
34.1104856	0.000811688
34.1227072	0.001443001
34.1349288	0.001082251
34.1471504	0.001262626
34.159372	0.001172439
34.1715936	0.000901876
34.1838152	0.001262626
34.1960368	0.001443001
34.2082584	0.001352814
34.22048	0.000901876
34.2327016	0.000901876
34.2449232	0.000992063
34.2571448	0.001262626
34.2693664	0.000901876
34.281588	0.001172439
34.2938096	0.000992063
34.3060312	0.001262626
34.3182528	0.001352814
34.3304744	0.000992063
34.342696	0.001262626
34.3549176	0.001352814
34.3671392	0.001262626
34.3793608	0.001262626
34.3915824	0.001443001
34.403804	0.000901876
34.4160256	0.000901876
34.4282472	0.001262626
34.4404688	0.001443001
34.4526904	0.001172439
34.464912	0.000541126
34.4771336	0.000721501
34.4893552	0.001262626
34.5015768	0.000270563
34.5137984	0.000901876
34.52602	0.000901876
34.5382416	0.000992063
34.5504632	0.001082251
34.5626848	0.000811688
34.5749064	0.000631313
34.587128	0.001443001
34.5993496	0.000992063
34.6115712	0.000992063
34.6237928	0.000811688
34.6360144	0.000631313
34.648236	0.001082251
34.6604576	0.000901876
34.6726792	0.001082251
34.6849008	0.000450938
34.6971224	0.000721501
34.709344	0.000992063
34.7215656	0.000901876
34.7337872	0.000721501
34.7460088	0.001262626
34.7582304	0.000721501
34.770452	0.001262626
34.7826736	0.001262626
34.7948952	0.001082251
34.8071168	0.000901876
34.8193384	0.001893939
34.83156	0.001172439
34.8437816	0.000811688
34.8560032	0.001533189
34.8682248	0.001082251
34.8804464	0.000721501
34.892668	0.001623377
34.9048896	0.000901876
34.9171112	0.001352814
34.9293328	0.001352814
34.9415544	0.000811688
34.953776	0.000901876
34.9659976	0.001082251
34.9782192	0.000631313
34.9904408	0.001443001
35.0026624	0.00036075
35.014884	0.001172439
35.0271056	0.001262626
35.0393272	0.000992063
35.0515488	0.000992063
35.0637704	0.000992063
35.075992	0.001262626
35.0882136	0.000721501
35.1004352	0.000901876
35.1126568	0.001082251
35.1248784	0.000631313
35.1371	0.001713564
35.1493216	0.000541126
35.1615432	0.00036075
35.1737648	0.000992063
35.1859864	0.000992063
35.198208	0.001262626
35.2104296	0.001172439
35.2226512	0.000992063
35.2348728	0.001262626
35.2470944	0.000901876
35.259316	0.000992063
35.2715376	0.000721501
35.2837592	0.000901876
35.2959808	0.000631313
35.3082024	0.001082251
35.320424	0.000992063
35.3326456	0.000450938
35.3448672	0.001172439
35.3570888	0.001172439
35.3693104	0.001623377
35.381532	0.001172439
35.3937536	0.001172439
35.4059752	0.001082251
35.4181968	0.000811688
35.4304184	0.000541126
35.44264	0.000721501
35.4548616	0.001082251
35.4670832	0.000450938
35.4793048	0.001082251
35.4915264	0.001533189
35.503748	0.001172439
35.5159696	0.001082251
35.5281912	0.001082251
35.5404128	0.000992063
35.5526344	0.00036075
35.564856	0.001352814
35.5770776	0.000901876
35.5892992	0.000811688
35.6015208	0.000811688
35.6137424	0.000901876
35.625964	0.001172439
35.6381856	0.001352814
35.6504072	0.001533189
35.6626288	0.001262626
35.6748504	0.000721501
35.687072	0.000721501
35.6992936	0.000721501
35.7115152	0.001082251
35.7237368	0.000811688
35.7359584	0.001443001
35.74818	0.000811688
35.7604016	0.000721501
35.7726232	0.000901876
35.7848448	0.001082251
35.7970664	0.000631313
35.809288	0.000811688
35.8215096	0.001352814
35.8337312	0.000811688
35.8459528	0.001172439
35.8581744	0.001443001
35.870396	0.001172439
35.8826176	0.001262626
35.8948392	0.001443001
35.9070608	0.000901876
35.9192824	0.001352814
35.931504	0.000541126
35.9437256	0.001443001
35.9559472	0.000992063
35.9681688	0.001262626
35.9803904	0.001352814
35.992612	0.000450938
36.0048336	0.000992063
36.0170552	0.001262626
36.0292768	0.001172439
36.0414984	0.000992063
36.05372	0.000811688
36.0659416	0.001262626
36.0781632	0.000811688
36.0903848	0.000631313
36.1026064	0.000541126
36.114828	0.001172439
36.1270496	0.001082251
36.1392712	0.000631313
36.1514928	0.001082251
36.1637144	0.000631313
36.175936	0.000721501
36.1881576	0.000901876
36.2003792	0.001172439
36.2126008	0.000811688
36.2248224	0.001262626
36.237044	0.000450938
36.2492656	0.000541126
36.2614872	0.000631313
36.2737088	0.001352814
36.2859304	0.001082251
36.298152	0.000541126
36.3103736	0.000270563
36.3225952	0.000811688
36.3348168	0.001082251
36.3470384	0.000450938
36.35926	0.000901876
36.3714816	0.001533189
36.3837032	0.000541126
36.3959248	0.001082251
36.4081464	0.000992063
36.420368	0.001262626
36.4325896	0.000901876
36.4448112	0.000901876
36.4570328	0.001262626
36.4692544	0.000721501
36.481476	0.000541126
36.4936976	0.001262626
36.5059192	0.001262626
36.5181408	0.000631313
36.5303624	0.001082251
36.542584	0.000811688
36.5548056	0.001082251
36.5670272	0.000901876
36.5792488	0.001172439
36.5914704	0.000811688
36.603692	0.000811688
36.6159136	0.001172439
36.6281352	0.000541126
36.6403568	0.001262626
36.6525784	0.001082251
36.6648	0.001262626
36.6770216	0.001352814
36.6892432	0.000901876
36.7014648	0.000631313
36.7136864	0.000541126
36.725908	0.000992063
36.7381296	0.000541126
36.7503512	0.001443001
36.7625728	0.001443001
36.7747944	0.000631313
36.787016	0.000901876
36.7992376	0.000901876
36.8114592	0.000631313
36.8236808	0.001352814
36.8359024	0.001172439
36.848124	0.000721501
36.8603456	0.000541126
36.8725672	0.000450938
36.8847888	0.001172439
36.8970104	0.001443001
36.909232	0.000992063
36.9214536	0.000811688
36.9336752	0.000901876
36.9458968	0.000992063
36.9581184	0.001172439
36.97034	0.001172439
36.9825616	0.000901876
36.9947832	0.000721501
37.0070048	0.00036075
37.0192264	0.000631313
37.031448	0.000901876
37.0436696	0.000811688
37.0558912	0.000541126
37.0681128	0.000721501
37.0803344	0.000631313
37.092556	0.000631313
37.1047776	0.000811688
37.1169992	0.001352814
37.1292208	0.000450938
37.1414424	0.000450938
37.153664	0.001172439
37.1658856	0.000541126
37.1781072	0.001172439
37.1903288	0.000811688
37.2025504	0.000901876
37.214772	0.001082251
37.2269936	0.000541126
37.2392152	0.000631313
37.2514368	0.001352814
37.2636584	0.000631313
37.27588	0.00036075
37.2881016	0.000631313
37.3003232	0.000811688
37.3125448	0.000541126
37.3247664	0.000631313
37.336988	0.00036075
37.3492096	0.000631313
37.3614312	0.000541126
37.3736528	0.001352814
37.3858744	0.000631313
37.398096	0.000901876
37.4103176	0.000631313
37.4225392	0.000901876
37.4347608	0.000811688
37.4469824	0.001082251
37.459204	0.001082251
37.4714256	0.000450938
37.4836472	0.000901876
37.4958688	0.001082251
37.5080904	0.000721501
37.520312	0.000811688
37.5325336	0.000541126
37.5447552	0.000270563
37.5569768	0.000631313
37.5691984	0.000811688
37.58142	0.000450938
37.5936416	0.000811688
37.6058632	0.000450938
37.6180848	0.000721501
37.6303064	0.000541126
37.642528	0.000811688
37.6547496	0.001082251
37.6669712	0.000811688
37.6791928	0.000901876
37.6914144	0.000721501
37.703636	0.000901876
37.7158576	0.000721501
37.7280792	0.000811688
37.7403008	0.000721501
37.7525224	0.000721501
37.764744	0.000721501
37.7769656	0.000811688
37.7891872	0.001082251
37.8014088	0.00036075
37.8136304	0.000541126
37.825852	0.000901876
37.8380736	0.000992063
37.8502952	0.000901876
37.8625168	0.000541126
37.8747384	0.000541126
37.88696	0.000631313
37.8991816	0.000450938
37.9114032	0.000631313
37.9236248	0.000901876
37.9358464	0.000450938
37.948068	0.000901876
37.9602896	0.001082251
37.9725112	0.00036075
37.9847328	0.000992063
37.9969544	9.02E-05
38.009176	0.000992063
38.0213976	0.000721501
38.0336192	0.001082251
38.0458408	0.000631313
38.0580624	0.000721501
38.070284	0.000450938
38.0825056	0.000901876
38.0947272	0.001352814
38.1069488	0.000541126
38.1191704	0.000811688
38.131392	0.00036075
38.1436136	0.000541126
38.1558352	0.000721501
38.1680568	0.000992063
38.1802784	0.000992063
38.1925	0.000631313
38.2047216	0.000901876
38.2169432	0.000450938
38.2291648	0.000721501
38.2413864	0.001172439
38.253608	0.000450938
38.2658296	0.000541126
38.2780512	0.001262626
38.2902728	0.000450938
38.3024944	0.000541126
38.314716	0.001262626
38.3269376	0.000631313
38.3391592	0.000721501
38.3513808	0.001082251
38.3636024	0.000721501
38.375824	0.000811688
38.3880456	0.001533189
38.4002672	0.001262626
38.4124888	0.000450938
38.4247104	0.001082251
38.436932	0.000631313
38.4491536	0.000450938
38.4613752	0.000180375
38.4735968	0.000811688
38.4858184	0.000721501
38.49804	0.000450938
38.5102616	0.001082251
38.5224832	0.000721501
38.5347048	0.000631313
38.5469264	0.001172439
38.559148	0.000721501
38.5713696	0.001082251
38.5835912	0.000631313
38.5958128	0.000721501
38.6080344	0.000270563
38.620256	0.000901876
38.6324776	0.000721501
38.6446992	0.001443001
38.6569208	0.000992063
38.6691424	0.000992063
38.681364	0.000901876
38.6935856	0.00036075
38.7058072	0.000631313
38.7180288	0.000721501
38.7302504	0.000992063
38.742472	0.001623377
38.7546936	0.00036075
38.7669152	0.000721501
38.7791368	0.000631313
38.7913584	0.000901876
38.80358	0.000541126
38.8158016	0.000631313
38.8280232	0.000901876
38.8402448	0.000450938
38.8524664	0.00036075
38.864688	0.000541126
38.8769096	0.000631313
38.8891312	0.000721501
38.9013528	0.000811688
38.9135744	0.000901876
38.925796	0.000631313
38.9380176	0.000901876
38.9502392	0.000450938
38.9624608	0.000992063
38.9746824	0.000811688
38.986904	0.000631313
38.9991256	0.00036075
39.0113472	0.000811688
39.0235688	0.000811688
39.0357904	0.000811688
39.048012	0.000811688
39.0602336	0.00036075
39.0724552	0.000721501
39.0846768	0.000450938
39.0968984	0.000721501
39.10912	0.000721501
39.1213416	0.000541126
39.1335632	0.00036075
39.1457848	0.000631313
39.1580064	0.000450938
39.170228	0.000180375
39.1824496	0.000901876
39.1946712	0.000721501
39.2068928	0.000631313
39.2191144	0.000721501
39.231336	0.00036075
39.2435576	0.000811688
39.2557792	0.000541126
39.2680008	0.000450938
39.2802224	0.000541126
39.292444	0.000450938
39.3046656	0.000541126
39.3168872	0.000721501
39.3291088	0.000901876
39.3413304	0.001082251
39.353552	0.000541126
39.3657736	0.000721501
39.3779952	0.001262626
39.3902168	0.000811688
39.4024384	0.00036075
39.41466	0.000811688
39.4268816	0.000811688
39.4391032	0.000450938
39.4513248	0.000992063
39.4635464	0.000901876
39.475768	0.000811688
39.4879896	0.000721501
39.5002112	0.00036075
39.5124328	0.000721501
39.5246544	0.000631313
39.536876	0.000992063
39.5490976	0.000631313
39.5613192	0.000450938
39.5735408	0.000450938
39.5857624	0.000992063
39.597984	0.000631313
39.6102056	0.000631313
39.6224272	0.000541126
39.6346488	0.000541126
39.6468704	0.000721501
39.659092	0.000721501
39.6713136	0.000811688
39.6835352	0.001533189
39.6957568	0.000450938
39.7079784	0.000450938
39.7202	0.000541126
39.7324216	0.000541126
39.7446432	0.000270563
39.7568648	0.000992063
39.7690864	9.02E-05
39.781308	0.000811688
39.7935296	0.00036075
39.8057512	0.000811688
39.8179728	0.000811688
39.8301944	0.000901876
39.842416	0.00036075
39.8546376	0.000631313
39.8668592	0.000721501
39.8790808	0.000992063
39.8913024	0.000631313
39.903524	0.000631313
39.9157456	0.001262626
39.9279672	0.000631313
39.9401888	0.000541126
39.9524104	0.000721501
39.964632	0.000541126
39.9768536	0.001082251
39.9890752	0.000721501
40.0012968	0.001172439
40.0135184	0.000811688
40.02574	0.000811688
40.0379616	0.000180375
40.0501832	0.000992063
40.0624048	0.000811688
40.0746264	0.000811688
40.086848	0.000541126
40.0990696	0.000450938
40.1112912	0.000450938
40.1235128	0.000992063
40.1357344	0.000721501
40.147956	0.001262626
40.1601776	0.000631313
40.1723992	0.001082251
40.1846208	0.000721501
40.1968424	0.000721501
40.209064	0.000180375
40.2212856	0.001082251
40.2335072	0.000901876
40.2457288	0.000180375
40.2579504	0.000631313
40.270172	0.000721501
40.2823936	0.00036075
40.2946152	0.000811688
40.3068368	0.000541126
40.3190584	0.000811688
40.33128	0.00036075
40.3435016	0.000901876
40.3557232	0.000721501
40.3679448	0.000631313
40.3801664	0.000721501
40.392388	0.000811688
40.4046096	0.000541126
40.4168312	0.000270563
40.4290528	0.000992063
40.4412744	0.000450938
40.453496	0.001352814
40.4657176	0.000721501
40.4779392	0.000541126
40.4901608	0.000631313
40.5023824	0.000721501
40.514604	0.000450938
40.5268256	0.001082251
40.5390472	0.000631313
40.5512688	0.000631313
40.5634904	9.02E-05
40.575712	0.000270563
40.5879336	0.000541126
40.6001552	0.000450938
40.6123768	0.000450938
40.6245984	0.000541126
40.63682	0.000992063
40.6490416	0.000270563
40.6612632	0.000901876
40.6734848	0.000721501
40.6857064	0.000721501
40.697928	0.000180375
40.7101496	0.000450938
40.7223712	0.000450938
40.7345928	0.000450938
40.7468144	0.000631313
40.759036	0.000992063
40.7712576	0.000901876
40.7834792	0.000541126
40.7957008	0.000541126
40.8079224	0.000541126
40.820144	0.000901876
40.8323656	0.000541126
40.8445872	0.000631313
40.8568088	0.000721501
40.8690304	0.000721501
40.881252	0.000721501
40.8934736	0.000811688
40.9056952	0.001262626
40.9179168	0.000450938
40.9301384	0.000721501
40.94236	0.00036075
40.9545816	0.000541126
40.9668032	0.000450938
40.9790248	0.000270563
40.9912464	0.000721501
41.003468	0.000721501
41.0156896	0.001172439
41.0279112	0.000811688
41.0401328	0.000811688
41.0523544	0.000901876
41.064576	0.000450938
41.0767976	0.000450938
41.0890192	0.000721501
41.1012408	0.000901876
41.1134624	0.00036075
41.125684	0.000631313
41.1379056	0.000450938
41.1501272	0.000631313
41.1623488	0.000901876
41.1745704	0.000631313
41.186792	0.000721501
41.1990136	0.001352814
41.2112352	0.000901876
41.2234568	0.000992063
41.2356784	0.000901876
41.2479	0.000721501
41.2601216	0.000992063
41.2723432	0.000450938
41.2845648	0.000450938
41.2967864	0.000541126
41.309008	0.00036075
41.3212296	0.00036075
41.3334512	0.000721501
41.3456728	0.00036075
41.3578944	0.000721501
41.370116	0.001082251
41.3823376	0.000541126
41.3945592	0.000631313
41.4067808	0.000541126
41.4190024	0.000631313
41.431224	0.001082251
41.4434456	0.000450938
41.4556672	0.000450938
41.4678888	0.000631313
41.4801104	0.000811688
41.492332	0.000811688
41.5045536	0.000541126
41.5167752	0.001172439
41.5289968	0.001172439
41.5412184	0.000450938
41.55344	0.000541126
41.5656616	0.000811688
41.5778832	0.000901876
41.5901048	9.02E-05
41.6023264	0.001172439
41.614548	0.000811688
41.6267696	0.000811688
41.6389912	0.000450938
41.6512128	0.000901876
41.6634344	0.000811688
41.675656	0.000631313
41.6878776	0.000541126
41.7000992	0.000992063
41.7123208	0.000721501
41.7245424	0.000541126
41.736764	0.000901876
41.7489856	0.000270563
41.7612072	0.00036075
41.7734288	0.000631313
41.7856504	0.000811688
41.797872	0.000541126
41.8100936	0.000721501
41.8223152	0.000631313
41.8345368	0.000270563
41.8467584	0.000541126
41.85898	0.000541126
41.8712016	0.000450938
41.8834232	0.000631313
41.8956448	0.000992063
41.9078664	0.000450938
41.920088	0.001262626
41.9323096	0.000992063
41.9445312	0.001082251
41.9567528	0.000721501
41.9689744	0.000721501
41.981196	0.001262626
41.9934176	0.000450938
42.0056392	0.000631313
42.0178608	0.000811688
42.0300824	0.000631313
42.042304	0.000450938
42.0545256	0.000901876
42.0667472	0.000631313
42.0789688	0.001082251
42.0911904	0.001082251
42.103412	0.000992063
42.1156336	0.00036075
42.1278552	0.000811688
42.1400768	0.000631313
42.1522984	0.000901876
42.16452	0.000541126
42.1767416	0.000721501
42.1889632	0.000270563
42.2011848	0.000901876
42.2134064	0.000270563
42.225628	0.001352814
42.2378496	0.000811688
42.2500712	0.000811688
42.2622928	0.00036075
42.2745144	0.000270563
42.286736	0.000721501
42.2989576	0.000721501
42.3111792	0.000541126
42.3234008	0.000450938
42.3356224	0.000631313
42.347844	0.000541126
42.3600656	0.000811688
42.3722872	0.000901876
42.3845088	0.000180375
42.3967304	0.000541126
42.408952	0.000811688
42.4211736	0.000811688
42.4333952	0.00036075
42.4456168	0.000270563
42.4578384	0.000631313
42.47006	0.000270563
42.4822816	0.000992063
42.4945032	0.00036075
42.5067248	0.000811688
42.5189464	0.000541126
42.531168	0.000721501
42.5433896	0.000992063
42.5556112	0.001172439
42.5678328	0.000270563
42.5800544	0.001172439
42.592276	0.000450938
42.6044976	0.000631313
42.6167192	0.000721501
42.6289408	0.000450938
42.6411624	0.000450938
42.653384	0.000721501
42.6656056	0.000450938
42.6778272	0.00036075
42.6900488	0.00036075
42.7022704	0.000631313
42.714492	0.000541126
42.7267136	0.000631313
42.7389352	0.000811688
42.7511568	0.000631313
42.7633784	0.000631313
42.7756	0.00036075
42.7878216	0.000631313
42.8000432	0.000631313
42.8122648	0.000450938
42.8244864	0.000811688
42.836708	0.000811688
42.8489296	0.000811688
42.8611512	0.000450938
42.8733728	0.000721501
42.8855944	0.000631313
42.897816	0.000721501
42.9100376	0.000450938
42.9222592	0.000901876
42.9344808	0.000631313
42.9467024	0.000811688
42.958924	0.000631313
42.9711456	0.000631313
42.9833672	0.000541126
42.9955888	0.000721501
43.0078104	0.000811688
43.020032	0.000450938
43.0322536	0.000721501
43.0444752	0.000992063
43.0566968	0.000721501
43.0689184	0.000992063
43.08114	0.000721501
43.0933616	0.000270563
43.1055832	0.000721501
43.1178048	0.000992063
43.1300264	0.000270563
43.142248	0.001082251
43.1544696	0.000811688
43.1666912	0.000721501
43.1789128	0.000721501
43.1911344	0.000811688
43.203356	0.000811688
43.2155776	0.000450938
43.2277992	0.000992063
43.2400208	0.00036075
43.2522424	0.000811688
43.264464	0.000721501
43.2766856	0.000631313
43.2889072	0.000631313
43.3011288	0.000541126
43.3133504	0.000901876
43.325572	0.000180375
43.3377936	0.000992063
43.3500152	0.000541126
43.3622368	0.00036075
43.3744584	0.000450938
43.38668	0.000631313
43.3989016	0.000450938
43.4111232	0.000541126
43.4233448	0.000811688
43.4355664	0.000811688
43.447788	0.000631313
43.4600096	0.000270563
43.4722312	0.000541126
43.4844528	0.000541126
43.4966744	0.000541126
43.508896	0.000270563
43.5211176	0.000811688
43.5333392	0.000450938
43.5455608	0.000901876
43.5577824	0.000901876
43.570004	0.000992063
43.5822256	0.00036075
43.5944472	0.000541126
43.6066688	0.000721501
43.6188904	0.000901876
43.631112	0.000631313
43.6433336	0.000270563
43.6555552	0.001262626
43.6677768	0.000631313
43.6799984	0.000270563
43.69222	0.001082251
43.7044416	0.000450938
43.7166632	0.000450938
43.7288848	0.00036075
43.7411064	0.000450938
43.753328	0.000631313
43.7655496	0.000721501
43.7777712	0.000721501
43.7899928	0.000541126
43.8022144	0.000631313
43.814436	0.000450938
43.8266576	0.000450938
43.8388792	0.000811688
43.8511008	0.001172439
43.8633224	0.000541126
43.875544	0.000992063
43.8877656	0.000270563
43.8999872	0.000541126
43.9122088	0.001172439
43.9244304	0.000450938
43.936652	0.000541126
43.9488736	0.000541126
43.9610952	0.000541126
43.9733168	0.000450938
43.9855384	0.000901876
43.99776	0.000541126
44.0099816	0.00036075
44.0222032	0.000721501
44.0344248	0.000541126
44.0466464	0.001172439
44.058868	0.000811688
44.0710896	0.000450938
44.0833112	0.001172439
44.0955328	0.000450938
44.1077544	0.000811688
44.119976	0.000721501
44.1321976	0.000541126
44.1444192	0.000811688
44.1566408	0.000811688
44.1688624	0.000450938
44.181084	0.000811688
44.1933056	0
44.2055272	0.000901876
44.2177488	0.000811688
44.2299704	0.000901876
44.242192	0.00036075
44.2544136	0.000901876
44.2666352	0.001172439
44.2788568	0.000721501
44.2910784	0.000901876
44.3033	0.000721501
44.3155216	0.000631313
44.3277432	0.000541126
44.3399648	0.000901876
44.3521864	0.000631313
44.364408	0.000541126
44.3766296	0.000992063
44.3888512	0.000541126
44.4010728	0.000811688
44.4132944	0.000270563
44.425516	0.000631313
44.4377376	0.000631313
44.4499592	0.001533189
44.4621808	0.00036075
44.4744024	0.000541126
44.486624	0.000541126
44.4988456	0.000541126
44.5110672	0.000992063
44.5232888	0.000450938
44.5355104	0.000721501
44.547732	0.000450938
44.5599536	0.000631313
44.5721752	0.000541126
44.5843968	0.000450938
44.5966184	0.000811688
44.60884	0.000721501
44.6210616	0.000721501
44.6332832	0.000631313
44.6455048	0.000450938
44.6577264	0.001082251
44.669948	0.000450938
44.6821696	0.000721501
44.6943912	0.000450938
44.7066128	0.000631313
44.7188344	0.000721501
44.731056	0.001082251
44.7432776	0.000901876
44.7554992	0.000992063
44.7677208	0.00036075
44.7799424	0.000811688
44.792164	0.000721501
44.8043856	0.000721501
44.8166072	0.000721501
44.8288288	0.000450938
44.8410504	0.000541126
44.853272	0.000541126
44.8654936	0.000901876
44.8777152	0.00036075
44.8899368	0.000721501
44.9021584	0.000901876
44.91438	0.000631313
44.9266016	0.00036075
44.9388232	0.000721501
44.9510448	0.000901876
44.9632664	9.02E-05
44.975488	0.000541126
44.9877096	0.000631313
44.9999312	0.000541126
45.0121528	0.000450938
45.0243744	0.000811688
45.036596	0.000450938
45.0488176	0.000901876
45.0610392	0.000631313
45.0732608	0.000450938
45.0854824	0.000631313
45.097704	0.000721501
45.1099256	0.000541126
45.1221472	0.000631313
45.1343688	0.000541126
45.1465904	0.000541126
45.158812	0.000721501
45.1710336	0.000721501
45.1832552	0.000901876
45.1954768	0.000450938
45.2076984	0.000811688
45.21992	0.000901876
45.2321416	0.000721501
45.2443632	0.000721501
45.2565848	0.000631313
45.2688064	0.000541126
45.281028	0.000901876
45.2932496	0.000992063
45.3054712	0.000721501
45.3176928	0.000811688
45.3299144	0.000541126
45.342136	0.000811688
45.3543576	0.000811688
45.3665792	0.000811688
45.3788008	0.000721501
45.3910224	0.000721501
45.403244	0.000721501
45.4154656	0.000721501
45.4276872	0.000180375
45.4399088	0.000631313
45.4521304	0.000631313
45.464352	0.00036075
45.4765736	0.000541126
45.4887952	0.000901876
45.5010168	0.000901876
45.5132384	0.000541126
45.52546	0.00036075
45.5376816	0.000270563
45.5499032	0.000721501
45.5621248	0.001082251
45.5743464	0.00036075
45.586568	0.001082251
45.5987896	0.000270563
45.6110112	0.000541126
45.6232328	0.000450938
45.6354544	0.000450938
45.647676	0.000721501
45.6598976	0.001082251
45.6721192	0.000631313
45.6843408	0.000901876
45.6965624	0.000901876
45.708784	0.000541126
45.7210056	0.000721501
45.7332272	0.000631313
45.7454488	0.000270563
45.7576704	0.000811688
45.769892	0.000631313
45.7821136	0.001172439
45.7943352	0.00036075
45.8065568	0.000541126
45.8187784	0.00036075
45.831	0.001262626
45.8432216	0.000901876
45.8554432	0.000631313
45.8676648	0.000270563
45.8798864	0.000721501
45.892108	0.000631313
45.9043296	0.001262626
45.9165512	0.001082251
45.9287728	0.00036075
45.9409944	0.000541126
45.953216	0.000631313
45.9654376	0.000721501
45.9776592	0.000721501
45.9898808	0.000901876
46.0021024	0.000811688
46.014324	0.000450938
46.0265456	0.000992063
46.0387672	0.000541126
46.0509888	0.000541126
46.0632104	0.000721501
46.075432	0.000631313
46.0876536	0.000450938
46.0998752	0.000631313
46.1120968	0.000721501
46.1243184	0.000541126
46.13654	0.000270563
46.1487616	0.000811688
46.1609832	0.000992063
46.1732048	0.000450938
46.1854264	0.000901876
46.197648	0.000631313
46.2098696	0.000992063
46.2220912	0.000631313
46.2343128	0.000631313
46.2465344	0.000992063
46.258756	0.000180375
46.2709776	0.00036075
46.2831992	0.000270563
46.2954208	0.000450938
46.3076424	0.001443001
46.319864	0.000901876
46.3320856	0.000901876
46.3443072	0.001082251
46.3565288	0.001082251
46.3687504	0.000270563
46.380972	0.000721501
46.3931936	0.001172439
46.4054152	0.000721501
46.4176368	0.000811688
46.4298584	0.000721501
46.44208	0.000631313
46.4543016	0.000631313
46.4665232	0.000541126
46.4787448	0.000721501
46.4909664	0.000180375
46.503188	0.000541126
46.5154096	0.000901876
46.5276312	0.000450938
46.5398528	0.000450938
46.5520744	0.000270563
46.564296	0.000541126
46.5765176	0.000270563
46.5887392	0.000992063
46.6009608	9.02E-05
46.6131824	0.00036075
46.625404	0.000992063
46.6376256	0.000541126
46.6498472	0.000811688
46.6620688	0.00036075
46.6742904	0.000631313
46.686512	0.000992063
46.6987336	0.000721501
46.7109552	0.000721501
46.7231768	0.000450938
46.7353984	0.000901876
46.74762	0.000450938
46.7598416	0.000901876
46.7720632	0.000450938
46.7842848	0.000811688
46.7965064	0.00036075
46.808728	0.000450938
46.8209496	0.001262626
46.8331712	0.001623377
46.8453928	0.000541126
46.8576144	0.000450938
46.869836	0.000631313
46.8820576	0.000541126
46.8942792	0.001082251
46.9065008	0.000450938
46.9187224	0.000992063
46.930944	0.000270563
46.9431656	0.000631313
46.9553872	0.000992063
46.9676088	0.000721501
46.9798304	0.001352814
46.992052	0.001082251
47.0042736	0.000811688
47.0164952	0.000631313
47.0287168	0.000901876
47.0409384	0.000721501
47.05316	0.000992063
47.0653816	0.00036075
47.0776032	0.00036075
47.0898248	0.000721501
47.1020464	0.000541126
47.114268	0.000992063
47.1264896	0.000631313
47.1387112	0.000811688
47.1509328	0.000721501
47.1631544	0.000811688
47.175376	0.001082251
47.1875976	0.000811688
47.1998192	0.000541126
47.2120408	0.000811688
47.2242624	0.000450938
47.236484	0.000901876
47.2487056	0.000270563
47.2609272	0.000631313
47.2731488	0.000631313
47.2853704	0.000721501
47.297592	0.000811688
47.3098136	0.001172439
47.3220352	0.000992063
47.3342568	0.000631313
47.3464784	0.000811688
47.3587	0.000811688
47.3709216	0.00036075
47.3831432	0.000992063
47.3953648	0.000541126
47.4075864	0.000721501
47.419808	0.000631313
47.4320296	0.000992063
47.4442512	0.001082251
47.4564728	0.00036075
47.4686944	0.000721501
47.480916	0.000901876
47.4931376	0.001172439
47.5053592	0.001082251
47.5175808	0.001352814
47.5298024	0.001713564
47.542024	0.001352814
47.5542456	0.001172439
47.5664672	0.001352814
47.5786888	0.001352814
47.5909104	0.001352814
47.603132	0.000901876
47.6153536	0.000992063
47.6275752	0.001262626
47.6397968	0.001262626
47.6520184	0.001443001
47.66424	0.000541126
47.6764616	0.001082251
47.6886832	0.001533189
47.7009048	0.000992063
47.7131264	0.001082251
47.725348	0.001623377
47.7375696	0.001262626
47.7497912	0.001623377
47.7620128	0.001984127
47.7742344	0.001533189
47.786456	0.001803752
47.7986776	0.00225469
47.8108992	0.002074315
47.8231208	0.002795815
47.8353424	0.002435065
47.847564	0.003336941
47.8597856	0.002886003
47.8720072	0.003336941
47.8842288	0.00450938
47.8964504	0.003787879
47.908672	0.00261544
47.9208936	0.000541126
47.9331152	9.02E-05
47.9453368	9.02E-05
47.9575584	0
47.96978	0
47.9820016	0
47.9942232	0
48.0064448	0
48.0186664	0
48.030888	0
48.0431096	0
48.0553312	0
48.0675528	9.02E-05
48.0797744	0.000180375
48.091996	9.02E-05
48.1042176	0
48.1164392	0
48.1286608	0
48.1408824	0
48.153104	9.02E-05
48.1653256	0.000180375
48.1775472	9.02E-05
48.1897688	9.02E-05
48.2019904	9.02E-05
48.214212	0
48.2264336	0
48.2386552	0
48.2508768	0
48.2630984	0
48.27532	0
48.2875416	0
48.2997632	0
48.3119848	0
48.3242064	0
48.336428	0
48.3486496	0
48.3608712	0
48.3730928	0
48.3853144	9.02E-05
48.397536	9.02E-05
48.4097576	0
48.4219792	0
48.4342008	0
48.4464224	0
48.458644	0
48.4708656	0
48.4830872	0
48.4953088	0
48.5075304	0
48.519752	0
48.5319736	0
48.5441952	0
48.5564168	0
48.5686384	0
48.58086	0
48.5930816	0
48.6053032	0
48.6175248	0
48.6297464	0
48.641968	0
48.6541896	0
48.6664112	0
48.6786328	9.02E-05
48.6908544	9.02E-05
48.703076	0
48.7152976	0
48.7275192	0
48.7397408	0
48.7519624	9.02E-05
48.764184	9.02E-05
48.7764056	0
48.7886272	0
48.8008488	9.02E-05
48.8130704	9.02E-05
48.825292	0
48.8375136	0
48.8497352	9.02E-05
48.8619568	9.02E-05
48.8741784	0
48.8864	0
48.8986216	0
48.9108432	0
48.9230648	0
48.9352864	0
48.947508	0
48.9597296	0
48.9719512	0
48.9841728	0
48.9963944	0
49.008616	0
49.0208376	0
49.0330592	9.02E-05
49.0452808	9.02E-05
49.0575024	0
49.069724	0
49.0819456	0
49.0941672	0
49.1063888	0
49.1186104	0
49.130832	0
49.1430536	0
49.1552752	0
49.1674968	0
49.1797184	0
49.19194	0
49.2041616	0
49.2163832	0
49.2286048	0
49.2408264	0
49.253048	0
49.2652696	0
49.2774912	0
49.2897128	0
49.3019344	0
49.314156	0
49.3263776	0
49.3385992	9.02E-05
49.3508208	0.000180375
49.3630424	9.02E-05
49.375264	0
49.3874856	0
49.3997072	0
49.4119288	0
49.4241504	0
49.436372	0
49.4485936	0
49.4608152	0
49.4730368	0
49.4852584	0
49.49748	0
49.5097016	0
49.5219232	0
49.5341448	9.02E-05
49.5463664	9.02E-05
49.558588	0
49.5708096	0
49.5830312	0
49.5952528	0
49.6074744	0
49.619696	0
49.6319176	0
49.6441392	0
49.6563608	0
49.6685824	0
49.680804	0
49.6930256	0
49.7052472	0
49.7174688	0
49.7296904	0
49.741912	9.02E-05
49.7541336	9.02E-05
49.7663552	0
49.7785768	0
49.7907984	0
49.80302	0
49.8152416	0
49.8274632	0
49.8396848	0
49.8519064	0
49.864128	0
49.8763496	0
49.8885712	9.02E-05
49.9007928	9.02E-05
49.9130144	0
49.925236	0
49.9374576	9.02E-05
49.9496792	9.02E-05
49.9619008	0
49.9741224	0
49.986344	0
49.9985656	0
50.0107872	0
50.0230088	0
50.0352304	0
50.047452	0