#time	counts
0	0
0.0122216	0
0.0244432	0
0.0366648	0
0.0488864	0
0.061108	0
0.0733296	0
0.0855512	0
0.0977728	0
0.1099944	0
0.122216	0
0.1344376	0
0.1466592	0
0.1588808	0
0.1711024	0
0.183324	0
0.1955456	0
0.2077672	0
0.2199888	0
0.2322104	0
0.244432	0
0.2566536	0
0.2688752	0
0.2810968	0
0.2933184	0
0.30554	0
0.3177616	0
0.3299832	0
0.3422048	0
0.3544264	0
0.366648	0
0.3788696	0
0.3910912	0
0.4033128	0
0.4155344	0.000125063
0.427756	0
0.4399776	0
0.4521992	0.000125063
0.4644208	0.000125063
0.4766424	0.000375188
0.488864	0.00050025
0.5010856	0.000750375
0.5133072	0.000625313
0.5255288	0.00050025
0.5377504	0.000250125
0.549972	0.000125063
0.5621936	0.000750375
0.5744152	0.000125063
0.5866368	0.000250125
0.5988584	0.00050025
0.61108	0.000375188
0.6233016	0
0.6355232	0.000250125
0.6477448	0.000375188
0.6599664	0.000375188
0.672188	0.000375188
0.6844096	0.000125063
0.6966312	0.000375188
0.7088528	0.000625313
0.7210744	0.000375188
0.733296	0.000625313
0.7455176	0.00050025
0.7577392	0.000750375
0.7699608	0.000125063
0.7821824	0.000625313
0.794404	0.000375188
0.8066256	0.0010005
0.8188472	0.00050025
0.8310688	0.000375188
0.8432904	0.000375188
0.855512	0.000375188
0.8677336	0.000250125
0.8799552	0.000375188
0.8921768	0.000375188
0.9043984	0.000625313
0.91662	0.000625313
0.9288416	0.000250125
0.9410632	0.000375188
0.9532848	0.0010005
0.9655064	0.000625313
0.977728	0.000750375
0.9899496	0.000375188
1.0021712	0.000375188
1.0143928	0.000625313
1.0266144	0.00050025
1.038836	0.000250125
1.0510576	0.00050025
1.0632792	0.000750375
1.0755008	0.000625313
1.0877224	0.000625313
1.099944	0.000375188
1.1121656	0.000625313
1.1243872	0.000750375
1.1366088	0.000250125
1.1488304	0.00050025
1.161052	0.000750375
1.1732736	0.000750375
1.1854952	0.000625313
1.1977168	0.000625313
1.2099384	0.000250125
1.22216	0.000375188
1.2343816	0.000625313
1.2466032	0.00050025
1.2588248	0.00050025
1.2710464	0.000375188
1.283268	0
1.2954896	0.000250125
1.3077112	0.000250125
1.3199328	0.000375188
1.3321544	0.000625313
1.344376	0.000750375
1.3565976	0.000375188
1.3688192	0.000625313
1.3810408	0.000875438
1.3932624	0.000875438
1.405484	0.000625313
1.4177056	0.00050025
1.4299272	0.000750375
1.4421488	0.00050025
1.4543704	0.000375188
1.466592	0.000625313
1.4788136	0.000375188
1.4910352	0.001250625
1.5032568	0.000750375
1.5154784	0.000625313
1.5277	0.0010005
1.5399216	0.000625313
1.5521432	0.00050025
1.5643648	0.00050025
1.5765864	0.000125063
1.588808	0.000375188
1.6010296	0.000375188
1.6132512	0.000375188
1.6254728	0.000750375
1.6376944	0.000625313
1.649916	0.000750375
1.6621376	0.000875438
1.6743592	0.0010005
1.6865808	0.000625313
1.6988024	0.00050025
1.711024	0.000250125
1.7232456	0.000625313
1.7354672	0.000875438
1.7476888	0.000375188
1.7599104	0.000875438
1.772132	0.000625313
1.7843536	0.000875438
1.7965752	0.0010005
1.8087968	0.000375188
1.8210184	0.000750375
1.83324	0.00050025
1.8454616	0.000375188
1.8576832	0.00050025
1.8699048	0.000625313
1.8821264	0.000750375
1.894348	0.000750375
1.9065696	0.000750375
1.9187912	0.00050025
1.9310128	0.000750375
1.9432344	0.000375188
1.955456	0.000625313
1.9676776	0.000750375
1.9798992	0.000750375
1.9921208	0.00050025
2.0043424	0.000375188
2.016564	0.000750375
2.0287856	0.000375188
2.0410072	0.000375188
2.0532288	0.0010005
2.0654504	0.0010005
2.077672	0.000625313
2.0898936	0.000625313
2.1021152	0.000375188
2.1143368	0.001125563
2.1265584	0.000875438
2.13878	0.000625313
2.1510016	0.00050025
2.1632232	0.00050025
2.1754448	0.000250125
2.1876664	0.0010005
2.199888	0.000250125
2.2121096	0.000750375
2.2243312	0.000375188
2.2365528	0.000750375
2.2487744	0.000375188
2.260996	0.000875438
2.2732176	0.000625313
2.2854392	0.0010005
2.2976608	0.00050025
2.3098824	0.000625313
2.322104	0.000875438
2.3343256	0.00050025
2.3465472	0.001125563
2.3587688	0.000875438
2.3709904	0.000625313
2.383212	0.00050025
2.3954336	0.000875438
2.4076552	0.000875438
2.4198768	0.000250125
2.4320984	0.001250625
2.44432	0.000625313
2.4565416	0.000875438
2.4687632	0.001625813
2.4809848	0.000875438
2.4932064	0.0010005
2.505428	0.000625313
2.5176496	0.000750375
2.5298712	0.000625313
2.5420928	0.000625313
2.5543144	0.000875438
2.566536	0.000875438
2.5787576	0.000875438
2.5909792	0.00050025
2.6032008	0.0010005
2.6154224	0.000625313
2.627644	0.000250125
2.6398656	0.0010005
2.6520872	0.0010005
2.6643088	0.000250125
2.6765304	0.000625313
2.688752	0.000750375
2.7009736	0.000625313
2.7131952	0.0010005
2.7254168	0.000750375
2.7376384	0.000625313
2.74986	0.001125563
2.7620816	0.000750375
2.7743032	0.001125563
2.7865248	0.000250125
2.7987464	0.000750375
2.810968	0.001375688
2.8231896	0.000625313
2.8354112	0.000750375
2.8476328	0.000750375
2.8598544	0.000625313
2.872076	0.000625313
2.8842976	0.001125563
2.8965192	0.001125563
2.9087408	0.0010005
2.9209624	0.000750375
2.933184	0.000875438
2.9454056	0.000875438
2.9576272	0.0010005
2.9698488	0.000750375
2.9820704	0.000875438
2.994292	0.001125563
3.0065136	0.000750375
3.0187352	0.001375688
3.0309568	0.000750375
3.0431784	0.001250625
3.0554	0.001375688
3.0676216	0.0010005
3.0798432	0.000750375
3.0920648	0.000750375
3.1042864	0.000125063
3.116508	0.001375688
3.1287296	0.000625313
3.1409512	0.000750375
3.1531728	0.000750375
3.1653944	0.00050025
3.177616	0.0010005
3.1898376	0.00050025
3.2020592	0.00050025
3.2142808	0.001125563
3.2265024	0.000750375
3.238724	0.000875438
3.2509456	0.000875438
3.2631672	0.000625313
3.2753888	0.000250125
3.2876104	0.000375188
3.299832	0.0010005
3.3120536	0.00050025
3.3242752	0.000625313
3.3364968	0.00050025
3.3487184	0.000750375
3.36094	0.000750375
3.3731616	0.00050025
3.3853832	0.0010005
3.3976048	0.0010005
3.4098264	0.000750375
3.422048	0.00050025
3.4342696	0.00050025
3.4464912	0.00050025
3.4587128	0.000250125
3.4709344	0.000875438
3.483156	0.000125063
3.4953776	0.001375688
3.5075992	0.000750375
3.5198208	0.0010005
3.5320424	0.000625313
3.544264	0.000625313
3.5564856	0.000125063
3.5687072	0.000750375
3.5809288	0.000375188
3.5931504	0.000250125
3.605372	0.00050025
3.6175936	0.000750375
3.6298152	0.000875438
3.6420368	0.000625313
3.6542584	0.000875438
3.66648	0.00050025
3.6787016	0.000375188
3.6909232	0.000875438
3.7031448	0.000375188
3.7153664	0.000750375
3.727588	0.000625313
3.7398096	0.00050025
3.7520312	0.001625813
3.7642528	0.00050025
3.7764744	0.000625313
3.788696	0.000625313
3.8009176	0.00050025
3.8131392	0.001250625
3.8253608	0.001125563
3.8375824	0.000625313
3.849804	0.001125563
3.8620256	0.000250125
3.8742472	0.000375188
3.8864688	0.000625313
3.8986904	0.00050025
3.910912	0.001250625
3.9231336	0.000875438
3.9353552	0.000625313
3.9475768	0.001125563
3.9597984	0.0010005
3.97202	0.000750375
3.9842416	0.000750375
3.9964632	0.000875438
4.0086848	0.000250125
4.0209064	0.000250125
4.033128	0.000750375
4.0453496	0.001125563
4.0575712	0.000250125
4.0697928	0.001250625
4.0820144	0.00050025
4.094236	0.00050025
4.1064576	0.00050025
4.1186792	0.000750375
4.1309008	0.000750375
4.1431224	0.001250625
4.155344	0.0010005
4.1675656	0.000875438
4.1797872	0.000625313
4.1920088	0.000625313
4.2042304	0.000750375
4.216452	0.000750375
4.2286736	0.000875438
4.2408952	0.000875438
4.2531168	0.000250125
4.2653384	0.000625313
4.27756	0.000375188
4.2897816	0.0010005
4.3020032	0.000750375
4.3142248	0.001250625
4.3264464	0.001250625
4.338668	0.0010005
4.3508896	0.000875438
4.3631112	0.000250125
4.3753328	0.000625313
4.3875544	0.001125563
4.399776	0.000875438
4.4119976	0.0010005
4.4242192	0.000875438
4.4364408	0.000625313
4.4486624	0.000625313
4.460884	0.00050025
4.4731056	0.000750375
4.4853272	0.000375188
4.4975488	0.000750375
4.5097704	0.000750375
4.521992	0.000375188
4.5342136	0.000875438
4.5464352	0.000750375
4.5586568	0.000625313
4.5708784	0.000625313
4.5831	0.00050025
4.5953216	0.000375188
4.6075432	0.000375188
4.6197648	0.000750375
4.6319864	0.00050025
4.644208	0.000250125
4.6564296	0.000625313
4.6686512	0.000750375
4.6808728	0.001375688
4.6930944	0.00050025
4.705316	0.001125563
4.7175376	0.001125563
4.7297592	0.000750375
4.7419808	0.000375188
4.7542024	0.000750375
4.766424	0.000750375
4.7786456	0.00050025
4.7908672	0.0010005
4.8030888	0.000875438
4.8153104	0.000750375
4.827532	0.000750375
4.8397536	0.000875438
4.8519752	0.000375188
4.8641968	0.000875438
4.8764184	0.000750375
4.88864	0.000625313
4.9008616	0.000750375
4.9130832	0.000375188
4.9253048	0.000625313
4.9375264	0.00050025
4.949748	0.000625313
4.9619696	0.00050025
4.9741912	0.000125063
4.9864128	0.000875438
4.9986344	0.00050025
5.010856	0.000875438
5.0230776	0.000125063
5.0352992	0.00050025
5.0475208	0.00050025
5.0597424	0.000250125
5.071964	0.000375188
5.0841856	0.000875438
5.0964072	0.000875438
5.1086288	0.000625313
5.1208504	0.000750375
5.133072	0.000250125
5.1452936	0.001125563
5.1575152	0.00050025
5.1697368	0.000250125
5.1819584	0.000250125
5.19418	0.000875438
5.2064016	0.000875438
5.2186232	0.000875438
5.2308448	0.0010005
5.2430664	0.0010005
5.255288	0.00050025
5.2675096	0.000250125
5.2797312	0.000625313
5.2919528	0.000625313
5.3041744	0.000250125
5.316396	0.0010005
5.3286176	0.000750375
5.3408392	0.000375188
5.3530608	0.000375188
5.3652824	0.00050025
5.377504	0.000625313
5.3897256	0.000625313
5.4019472	0.000875438
5.4141688	0.00050025
5.4263904	0.000625313
5.438612	0.0010005
5.4508336	0.000625313
5.4630552	0.001125563
5.4752768	0.00050025
5.4874984	0.00050025
5.49972	0.000250125
5.5119416	0.000250125
5.5241632	0.00150075
5.5363848	0.0010005
5.5486064	0.001125563
5.560828	0.00050025
5.5730496	0.001250625
5.5852712	0.0010005
5.5974928	0.000625313
5.6097144	0.000375188
5.621936	0.000375188
5.6341576	0.000875438
5.6463792	0.00050025
5.6586008	0.00050025
5.6708224	0.001125563
5.683044	0.000875438
5.6952656	0.00050025
5.7074872	0.000375188
5.7197088	0.000875438
5.7319304	0.001125563
5.744152	0.00050025
5.7563736	0.000750375
5.7685952	0.000250125
5.7808168	0.000625313
5.7930384	0.000875438
5.80526	0.000875438
5.8174816	0.00050025
5.8297032	0.00050025
5.8419248	0.000750375
5.8541464	0.00050025
5.866368	0.000875438
5.8785896	0.00050025
5.8908112	0.001375688
5.9030328	0.001125563
5.9152544	0.000625313
5.927476	0.001250625
5.9396976	0.000625313
5.9519192	0.001250625
5.9641408	0.000625313
5.9763624	0.000375188
5.988584	0.000750375
6.0008056	0.000250125
6.0130272	0.0010005
6.0252488	0.000750375
6.0374704	0.0010005
6.049692	0.000625313
6.0619136	0.0010005
6.0741352	0.000875438
6.0863568	0.0010005
6.0985784	0.000625313
6.1108	0.0010005
6.1230216	0.001375688
6.1352432	0.0010005
6.1474648	0.00150075
6.1596864	0.000750375
6.171908	0.000875438
6.1841296	0.000625313
6.1963512	0.00050025
6.2085728	0.001125563
6.2207944	0.000250125
6.233016	0.000625313
6.2452376	0.000375188
6.2574592	0.000375188
6.2696808	0.001250625
6.2819024	0.000125063
6.294124	0.00150075
6.3063456	0.0010005
6.3185672	0.000375188
6.3307888	0.000625313
6.3430104	0.0010005
6.355232	0.001125563
6.3674536	0.000750375
6.3796752	0.00150075
6.3918968	0.000625313
6.4041184	0.000625313
6.41634	0.000375188
6.4285616	0.000750375
6.4407832	0.000750375
6.4530048	0.000750375
6.4652264	0.001375688
6.477448	0.000625313
6.4896696	0.0010005
6.5018912	0.000875438
6.5141128	0.000750375
6.5263344	0.000375188
6.538556	0.00050025
6.5507776	0.000625313
6.5629992	0.000625313
6.5752208	0.000875438
6.5874424	0.000750375
6.599664	0.000875438
6.6118856	0.00050025
6.6241072	0.000875438
6.6363288	0.000625313
6.6485504	0.000750375
6.660772	0.000750375
6.6729936	0.001125563
6.6852152	0.000250125
6.6974368	0.000625313
6.7096584	0.00150075
6.72188	0.000375188
6.7341016	0.0010005
6.7463232	0.00050025
6.7585448	0.0010005
6.7707664	0.000250125
6.782988	0.000875438
6.7952096	0.000375188
6.8074312	0.000625313
6.8196528	0.000250125
6.8318744	0.000875438
6.844096	0.000375188
6.8563176	0.000625313
6.8685392	0.000875438
6.8807608	0.000375188
6.8929824	0.000875438
6.905204	0.000375188
6.9174256	0.000750375
6.9296472	0.00050025
6.9418688	0.00050025
6.9540904	0.000875438
6.966312	0.000750375
6.9785336	0.000625313
6.9907552	0.000375188
7.0029768	0.001125563
7.0151984	0.000750375
7.02742	0.000875438
7.0396416	0.0010005
7.0518632	0.000875438
7.0640848	0.001125563
7.0763064	0.000750375
7.088528	0.001375688
7.1007496	0.00050025
7.1129712	0.0010005
7.1251928	0.001125563
7.1374144	0.0010005
7.149636	0.0010005
7.1618576	0.00050025
7.1740792	0.0010005
7.1863008	0.000750375
7.1985224	0.0010005
7.210744	0.00050025
7.2229656	0.000375188
7.2351872	0.000375188
7.2474088	0.000750375
7.2596304	0.000875438
7.271852	0.001125563
7.2840736	0.001375688
7.2962952	0.001250625
7.3085168	0.000750375
7.3207384	0.000875438
7.33296	0.0010005
7.3451816	0.00050025
7.3574032	0.000750375
7.3696248	0.0010005
7.3818464	0.000750375
7.394068	0.000750375
7.4062896	0.000625313
7.4185112	0.000875438
7.4307328	0.000375188
7.4429544	0.000375188
7.455176	0.0010005
7.4673976	0.0010005
7.4796192	0.00050025
7.4918408	0.0010005
7.5040624	0.0010005
7.516284	0.00150075
7.5285056	0.000875438
7.5407272	0.0010005
7.5529488	0.000250125
7.5651704	0.00050025
7.577392	0
7.5896136	0.000875438
7.6018352	0.000375188
7.6140568	0.00050025
7.6262784	0.000750375
7.6385	0.000750375
7.6507216	0.000125063
7.6629432	0.000375188
7.6751648	0
7.6873864	0.000875438
7.699608	0.00050025
7.7118296	0.000375188
7.7240512	0.000375188
7.7362728	0.000750375
7.7484944	0.00050025
7.760716	0.000250125
7.7729376	0.0010005
7.7851592	0.000875438
7.7973808	0.00050025
7.8096024	0.000375188
7.821824	0.000875438
7.8340456	0.000875438
7.8462672	0.000625313
7.8584888	0.000750375
7.8707104	0.000625313
7.882932	0.00050025
7.8951536	0.0010005
7.9073752	0.000375188
7.9195968	0.00050025
7.9318184	0.000625313
7.94404	0.000750375
7.9562616	0.000750375
7.9684832	0.000875438
7.9807048	0.000750375
7.9929264	0.000875438
8.005148	0.000250125
8.0173696	0.0010005
8.0295912	0.000625313
8.0418128	0.000625313
8.0540344	0.000250125
8.066256	0.00050025
8.0784776	0.00150075
8.0906992	0.000875438
8.1029208	0.000625313
8.1151424	0.0010005
8.127364	0.001125563
8.1395856	0.001125563
8.1518072	0.000625313
8.1640288	0.00050025
8.1762504	0.000625313
8.188472	0.000625313
8.2006936	0.001375688
8.2129152	0.0010005
8.2251368	0.000625313
8.2373584	0.000375188
8.24958	0.000750375
8.2618016	0.000750375
8.2740232	0.000625313
8.2862448	0.000625313
8.2984664	0.000875438
8.310688	0.000250125
8.3229096	0.000750375
8.3351312	0.000875438
8.3473528	0.00150075
8.3595744	0.000875438
8.371796	0.0010005
8.3840176	0.000625313
8.3962392	0.00150075
8.4084608	0.00050025
8.4206824	0.001125563
8.432904	0.001125563
8.4451256	0.000625313
8.4573472	0.000625313
8.4695688	0.000250125
8.4817904	0.000625313
8.494012	0.000750375
8.5062336	0.000750375
8.5184552	0.000625313
8.5306768	0.000625313
8.5428984	0.00150075
8.55512	0.00050025
8.5673416	0.000625313
8.5795632	0.000625313
8.5917848	0.001125563
8.6040064	0.000875438
8.616228	0.00050025
8.6284496	0.0010005
8.6406712	0.000750375
8.6528928	0.000625313
8.6651144	0.000875438
8.677336	0.00050025
8.6895576	0.0010005
8.7017792	0.000750375
8.7140008	0.000625313
8.7262224	0.00050025
8.738444	0.000625313
8.7506656	0.000625313
8.7628872	0.00050025
8.7751088	0.000750375
8.7873304	0.000750375
8.799552	0.000750375
8.8117736	0.0010005
8.8239952	0.000250125
8.8362168	0.001375688
8.8484384	0.000875438
8.86066	0.000875438
8.8728816	0.000750375
8.8851032	0.000375188
8.8973248	0.000625313
8.9095464	0.00050025
8.921768	0.001125563
8.9339896	0.000875438
8.9462112	0.000625313
8.9584328	0.000750375
8.9706544	0.000375188
8.982876	0.001125563
8.9950976	0.000750375
9.0073192	0.001125563
9.0195408	0.000875438
9.0317624	0.000250125
9.043984	0.001125563
9.0562056	0.002001001
9.0684272	0.006503252
9.0806488	0.014507254
9.0928704	0.037143572
9.105092	0.068284142
9.1173136	0.137193597
9.1295352	0.236743372
9.1417568	0.342546273
9.1539784	0.475862931
9.1662	0.57803902
9.1784216	0.702351176
9.1906432	0.79052026
9.2028648	0.85030015
9.2150864	0.88831916
9.227308	0.926963482
9.2395296	0.956728364
9.2517512	0.95897949
9.2639728	0.961230615
9.2761944	0.968734367
9.288416	0.983741871
9.3006376	0.989369685
9.3128592	0.975237619
9.3250808	1
9.3373024	0.994622311
9.349524	0.981990995
9.3617456	0.987618809
9.3739672	0.967358679
9.3861888	0.986618309
9.3984104	0.975237619
9.410632	0.979864932
9.4228536	0.992371186
9.4350752	0.966608304
9.4472968	0.960605303
9.4595184	0.972111056
9.47174	0.972861431
9.4839616	0.967358679
9.4961832	0.967733867
9.5084048	0.954102051
9.5206264	0.973736868
9.532848	0.962856428
9.5450696	0.954352176
9.5572912	0.953726863
9.5695128	0.953226613
9.5817344	0.944347174
9.593956	0.963231616
9.6061776	0.927213607
9.6183992	0.955977989
9.6306208	0.964857429
9.6428424	0.937843922
9.655064	0.926963482
9.6672856	0.935092546
9.6795072	0.931965983
9.6917288	0.927838919
9.7039504	0.945347674
9.716172	0.935717859
9.7283936	0.932466233
9.7406152	0.924587294
9.7528368	0.919834917
9.7650584	0.906828414
9.77728	0.910705353
9.7895016	0.906453227
9.8017232	0.88931966
9.8139448	0.897448724
9.8261664	0.880815408
9.838388	0.884442221
9.8506096	0.899324662
9.8628312	0.887068534
9.8750528	0.866558279
9.8872744	0.886443222
9.899496	0.850425213
9.9117176	0.84929965
9.9239392	0.865182591
9.9361608	0.845172586
9.9483824	0.860305153
9.960604	0.858304152
9.9728256	0.844547274
9.9850472	0.855677839
9.9972688	0.835542771
10.0094904	0.822036018
10.021712	0.829789895
10.0339336	0.799774887
10.0461552	0.819534767
10.0583768	0.823911956
10.0705984	0.794897449
10.08282	0.810405203
10.0950416	0.787393697
10.1072632	0.795272636
10.1194848	0.78851926
10.1317064	0.786393197
10.143928	0.792146073
10.1561496	0.783641821
10.1683712	0.792271136
10.1805928	0.77026013
10.1928144	0.777888944
10.205036	0.757503752
10.2172576	0.77076038
10.2294792	0.752626313
10.2417008	0.769884942
10.2539224	0.734242121
10.266144	0.749624812
10.2783656	0.749874937
10.2905872	0.748874437
10.3028088	0.751375688
10.3150304	0.741995998
10.327252	0.736743372
10.3394736	0.727863932
10.3516952	0.718984492
10.3639168	0.719109555
10.3761384	0.708604302
10.38836	0.735867934
10.4005816	0.722361181
10.4128032	0.722236118
10.4250248	0.710355178
10.4372464	0.692096048
10.449468	0.695847924
10.4616896	0.709604802
10.4739112	0.668334167
10.4861328	0.693721861
10.4983544	0.691845923
10.510576	0.681090545
10.5227976	0.67196098
10.5350192	0.678589295
10.5472408	0.664082041
10.5594624	0.673586793
10.571684	0.650450225
10.5839056	0.664332166
10.5961272	0.649574787
10.6083488	0.645197599
10.6205704	0.642321161
10.632792	0.65807904
10.6450136	0.645447724
10.6572352	0.632316158
10.6694568	0.637443722
10.6816784	0.635692846
10.6939	0.630190095
10.7061216	0.62106053
10.7183432	0.631690845
10.7305648	0.645822911
10.7427864	0.622186093
10.755008	0.622686343
10.7672296	0.616183092
10.7794512	0.60817909
10.7916728	0.616183092
10.8038944	0.598174087
10.816116	0.610430215
10.8283376	0.60967984
10.8405592	0.603551776
10.8527808	0.590545273
10.8650024	0.600425213
10.877224	0.598924462
10.8894456	0.588794397
10.9016672	0.581790895
10.9138888	0.593171586
10.9261104	0.564782391
10.938332	0.557528764
10.9505536	0.553151576
10.9627752	0.573661831
10.9749968	0.563281641
10.9872184	0.568034017
10.99944	0.563656828
11.0116616	0.567283642
11.0238832	0.544897449
11.0361048	0.5483992
11.0483264	0.565532766
11.060548	0.551025513
11.0727696	0.561530765
11.0849912	0.544022011
11.0972128	0.526013007
11.1094344	0.535017509
11.121656	0.541895948
11.1338776	0.53114057
11.1460992	0.537393697
11.1583208	0.526888444
11.1705424	0.525137569
11.182764	0.523261631
11.1949856	0.519884942
11.2072072	0.528514257
11.2194288	0.506753377
11.2316504	0.516758379
11.243872	0.51138069
11.2560936	0.506003002
11.2683152	0.499749875
11.2805368	0.500250125
11.2927584	0.497248624
11.30498	0.511005503
11.3172016	0.490745373
11.3294232	0.488869435
11.3416448	0.487118559
11.3538664	0.486243122
11.366088	0.482241121
11.3783096	0.487243622
11.3905312	0.476988494
11.4027528	0.484242121
11.4149744	0.474237119
11.427196	0.464982491
11.4394176	0.464982491
11.4516392	0.464732366
11.4638608	0.466108054
11.4760824	0.468234117
11.488304	0.472986493
11.5005256	0.457228614
11.5127472	0.475487744
11.5249688	0.458229115
11.5371904	0.45847924
11.549412	0.446598299
11.5616336	0.454727364
11.5738552	0.453726863
11.5860768	0.437093547
11.5982984	0.43184092
11.61052	0.433841921
11.6227416	0.444847424
11.6349632	0.432466233
11.6471848	0.431215608
11.6594064	0.42933967
11.671628	0.42883942
11.6838496	0.42196098
11.6960712	0.43134067
11.7082928	0.428464232
11.7205144	0.423961981
11.732736	0.422961481
11.7449576	0.415582791
11.7571792	0.414957479
11.7694008	0.409829915
11.7816224	0.41895948
11.793844	0.408954477
11.8060656	0.419084542
11.8182872	0.415082541
11.8305088	0.40070035
11.8427304	0.412581291
11.854952	0.398324162
11.8671736	0.40957979
11.8793952	0.394322161
11.8916168	0.4002001
11.9038384	0.395197599
11.91606	0.397073537
11.9282816	0.375062531
11.9405032	0.395072536
11.9527248	0.383316658
11.9649464	0.397323662
11.977168	0.385567784
11.9893896	0.375562781
12.0016112	0.383066533
12.0138328	0.384067034
12.0260544	0.376813407
12.038276	0.365682841
12.0504976	0.376813407
12.0627192	0.366683342
12.0749408	0.363056528
12.0871624	0.36905953
12.099384	0.372436218
12.1116056	0.35917959
12.1238272	0.359554777
12.1360488	0.353301651
12.1482704	0.366808404
12.160492	0.360430215
12.1727136	0.365932966
12.1849352	0.358429215
12.1971568	0.350925463
12.2093784	0.356553277
12.2216	0.342671336
12.2338216	0.337543772
12.2460432	0.327538769
12.2582648	0.353426713
12.2704864	0.339294647
12.282708	0.339669835
12.2949296	0.335542771
12.3071512	0.325662831
12.3193728	0.331415708
12.3315944	0.335042521
12.343816	0.331165583
12.3560376	0.34042021
12.3682592	0.339794897
12.3804808	0.332666333
12.3927024	0.31915958
12.404924	0.321410705
12.4171456	0.335292646
12.4293672	0.322536268
12.4415888	0.331290645
12.4538104	0.328789395
12.466032	0.324912456
12.4782536	0.309029515
12.4904752	0.327163582
12.5026968	0.30927964
12.5149184	0.316283142
12.52714	0.315032516
12.5393616	0.305652826
12.5515832	0.311155578
12.5638048	0.306153077
12.5760264	0.31965983
12.588248	0.301150575
12.6004696	0.313531766
12.6126912	0.303651826
12.6249128	0.305402701
12.6371344	0.295897949
12.649356	0.300650325
12.6615776	0.2993997
12.6737992	0.308654327
12.6860208	0.282766383
12.6982424	0.298274137
12.710464	0.293771886
12.7226856	0.290395198
12.7349072	0.29002001
12.7471288	0.291145573
12.7593504	0.282641321
12.771572	0.28064032
12.7837936	0.274012006
12.7960152	0.277763882
12.8082368	0.281015508
12.8204584	0.274637319
12.83268	0.286518259
12.8449016	0.276263132
12.8571232	0.276513257
12.8693448	0.28164082
12.8815664	0.270635318
12.893788	0.272761381
12.9060096	0.266008004
12.9182312	0.265132566
12.9304528	0.26138069
12.9426744	0.27026013
12.954896	0.265382691
12.9671176	0.270010005
12.9793392	0.262631316
12.9915608	0.264382191
13.0037824	0.250250125
13.016004	0.262256128
13.0282256	0.256878439
13.0404472	0.262506253
13.0526688	0.257378689
13.0648904	0.258254127
13.077112	0.255127564
13.0893336	0.251250625
13.1015552	0.26088044
13.1137768	0.249624812
13.1259984	0.246123062
13.13822	0.241245623
13.1504416	0.236368184
13.1626632	0.243871936
13.1748848	0.244247124
13.1871064	0.253001501
13.199328	0.251750875
13.2115496	0.24012006
13.2237712	0.243871936
13.2359928	0.227988994
13.2482144	0.237493747
13.260436	0.229614807
13.2726576	0.241870935
13.2848792	0.244247124
13.2971008	0.23911956
13.3093224	0.230865433
13.321544	0.231115558
13.3337656	0.233991996
13.3459872	0.23174087
13.3582088	0.234617309
13.3704304	0.234117059
13.382652	0.227238619
13.3948736	0.233741871
13.4070952	0.216733367
13.4193168	0.224612306
13.4315384	0.22973987
13.44376	0.224487244
13.4559816	0.212606303
13.4682032	0.215982991
13.4804248	0.216608304
13.4926464	0.220110055
13.504868	0.219984992
13.5170896	0.211105553
13.5293112	0.207853927
13.5415328	0.21098049
13.5537544	0.215357679
13.565976	0.207603802
13.5781976	0.215857929
13.5904192	0.207728864
13.6026408	0.206103052
13.6148624	0.210355178
13.627084	0.213731866
13.6393056	0.211730865
13.6515272	0.201975988
13.6637488	0.204602301
13.6759704	0.202601301
13.688192	0.1995998
13.7004136	0.196473237
13.7126352	0.203601801
13.7248568	0.197723862
13.7370784	0.193471736
13.7493	0.188469235
13.7615216	0.197973987
13.7737432	0.196348174
13.7859648	0.20010005
13.7981864	0.196473237
13.810408	0.187593797
13.8226296	0.189094547
13.8348512	0.193971986
13.8470728	0.193971986
13.8592944	0.188344172
13.871516	0.184967484
13.8837376	0.192221111
13.8959592	0.186093047
13.9081808	0.182841421
13.9204024	0.185342671
13.932624	0.182091046
13.9448456	0.174962481
13.9570672	0.189469735
13.9692888	0.192846423
13.9815104	0.179464732
13.993732	0.173961981
14.0059536	0.178089045
14.0181752	0.173586793
14.0303968	0.184717359
14.0426184	0.177338669
14.05484	0.186218109
14.0670616	0.171835918
14.0792832	0.180465233
14.0915048	0.174712356
14.1037264	0.170585293
14.115948	0.174962481
14.1281696	0.174087044
14.1403912	0.163081541
14.1526128	0.166583292
14.1648344	0.173836918
14.177056	0.173336668
14.1892776	0.170835418
14.2014992	0.169334667
14.2137208	0.173086543
14.2259424	0.168084042
14.238164	0.157953977
14.2503856	0.154827414
14.2626072	0.167083542
14.2748288	0.164332166
14.2870504	0.169334667
14.299272	0.158954477
14.3114936	0.152701351
14.3237152	0.156453227
14.3359368	0.162706353
14.3481584	0.157578789
14.36038	0.15957979
14.3726016	0.159704852
14.3848232	0.153201601
14.3970448	0.154702351
14.4092664	0.15170085
14.421488	0.154327164
14.4337096	0.148949475
14.4459312	0.156203102
14.4581528	0.153201601
14.4703744	0.146073037
14.482596	0.1512006
14.4948176	0.147948974
14.5070392	0.152326163
14.5192608	0.155452726
14.5314824	0.1502001
14.543704	0.149949975
14.5559256	0.14132066
14.5681472	0.144822411
14.5803688	0.142571286
14.5925904	0.146573287
14.604812	0.145697849
14.6170336	0.140070035
14.6292552	0.144322161
14.6414768	0.134817409
14.6536984	0.13831916
14.66592	0.12943972
14.6781416	0.131565783
14.6903632	0.14132066
14.7025848	0.144697349
14.7148064	0.136193097
14.727028	0.139569785
14.7392496	0.134442221
14.7514712	0.132566283
14.7636928	0.134067034
14.7759144	0.14032016
14.788136	0.139569785
14.8003576	0.126563282
14.8125792	0.131315658
14.8248008	0.127688844
14.8370224	0.135817909
14.849244	0.132566283
14.8614656	0.136943472
14.8736872	0.133066533
14.8859088	0.133191596
14.8981304	0.127813907
14.910352	0.127563782
14.9225736	0.126063032
14.9347952	0.132191096
14.9470168	0.123436718
14.9592384	0.125812906
14.97146	0.130565283
14.9836816	0.124312156
14.9959032	0.118184092
15.0081248	0.129314657
15.0203464	0.122561281
15.032568	0.123436718
15.0447896	0.123686843
15.0570112	0.123811906
15.0692328	0.12006003
15.0814544	0.11805903
15.093676	0.115932966
15.1058976	0.118934467
15.1181192	0.118309155
15.1303408	0.114932466
15.1425624	0.116183092
15.154784	0.118434217
15.1670056	0.11955978
15.1792272	0.117433717
15.1914488	0.118809405
15.2036704	0.115932966
15.215892	0.11805903
15.2281136	0.117558779
15.2403352	0.114682341
15.2525568	0.114557279
15.2647784	0.122061031
15.277	0.112806403
15.2892216	0.110430215
15.3014432	0.112306153
15.3136648	0.105677839
15.3258864	0.110430215
15.338108	0.10967984
15.3503296	0.10917959
15.3625512	0.104552276
15.3747728	0.114682341
15.3869944	0.105552776
15.399216	0.105802901
15.4114376	0.105802901
15.4236592	0.108804402
15.4358808	0.103551776
15.4481024	0.106178089
15.460324	0.109304652
15.4725456	0.104052026
15.4847672	0.107053527
15.4969888	0.106428214
15.5092104	0.102301151
15.521432	0.0997999
15.5336536	0.0997999
15.5458752	0.107428714
15.5580968	0.105927964
15.5703184	0.103051526
15.58254	0.105552776
15.5947616	0.0997999
15.6069832	0.103801901
15.6192048	0.098924462
15.6314264	0.103051526
15.643648	0.096423212
15.6558696	0.094797399
15.6680912	0.097048524
15.6803128	0.095547774
15.6925344	0.099174587
15.704756	0.098924462
15.7169776	0.09829915
15.7291992	0.090795398
15.7414208	0.093546773
15.7536424	0.094547274
15.765864	0.094297149
15.7780856	0.094672336
15.7903072	0.096298149
15.8025288	0.096673337
15.8147504	0.093421711
15.826972	0.099549775
15.8391936	0.092421211
15.8514152	0.096673337
15.8636368	0.091670835
15.8758584	0.088544272
15.88808	0.089169585
15.9003016	0.086793397
15.9125232	0.091170585
15.9247448	0.088044022
15.9369664	0.092671336
15.949188	0.090170085
15.9614096	0.084792396
15.9736312	0.08991996
15.9858528	0.093421711
15.9980744	0.09192096
16.010296	0.090295148
16.0225176	0.083041521
16.0347392	0.085167584
16.0469608	0.086043022
16.0591824	0.089294647
16.071404	0.085167584
16.0836256	0.085042521
16.0958472	0.084917459
16.1080688	0.082666333
16.1202904	0.081790895
16.132512	0.082791396
16.1447336	0.078789395
16.1569552	0.08154077
16.1691768	0.078789395
16.1813984	0.083666833
16.19362	0.083791896
16.2058416	0.080915458
16.2180632	0.084542271
16.2302848	0.08104052
16.2425064	0.078664332
16.254728	0.074912456
16.2669496	0.077038519
16.2791712	0.079289645
16.2913928	0.075162581
16.3036144	0.081290645
16.315836	0.07953977
16.3280576	0.079664832
16.3402792	0.079289645
16.3525008	0.075787894
16.3647224	0.075662831
16.376944	0.077163582
16.3891656	0.078914457
16.4013872	0.077788894
16.4136088	0.077413707
16.4258304	0.073786893
16.438052	0.072286143
16.4502736	0.074912456
16.4624952	0.080915458
16.4747168	0.068909455
16.4869384	0.077788894
16.49916	0.08004002
16.5113816	0.074162081
16.5236032	0.067533767
16.5358248	0.07066033
16.5480464	0.068409205
16.560268	0.067783892
16.5724896	0.074662331
16.5847112	0.073286643
16.5969328	0.06965983
16.6091544	0.071410705
16.621376	0.072786393
16.6335976	0.071785893
16.6458192	0.069909955
16.6580408	0.068409205
16.6702624	0.063906953
16.682484	0.063781891
16.6947056	0.070910455
16.7069272	0.070410205
16.7191488	0.067408704
16.7313704	0.066158079
16.743592	0.066658329
16.7558136	0.064657329
16.7680352	0.064907454
16.7802568	0.068034017
16.7924784	0.066533267
16.8047	0.067783892
16.8169216	0.066658329
16.8291432	0.06815908
16.8413648	0.064157079
16.8535864	0.066783392
16.865808	0.061905953
16.8780296	0.064657329
16.8902512	0.064407204
16.9024728	0.064657329
16.9146944	0.06915958
16.926916	0.064657329
16.9391376	0.062531266
16.9513592	0.061405703
16.9635808	0.063406703
16.9758024	0.064657329
16.988024	0.061030515
17.0002456	0.061155578
17.0124672	0.057778889
17.0246888	0.064657329
17.0369104	0.059029515
17.049132	0.063531766
17.0613536	0.060655328
17.0735752	0.06028014
17.0857968	0.059404702
17.0980184	0.060655328
17.11024	0.056778389
17.1224616	0.061155578
17.1346832	0.062031016
17.1469048	0.06028014
17.1591264	0.058404202
17.171348	0.057278639
17.1835696	0.057403702
17.1957912	0.059404702
17.2080128	0.054152076
17.2202344	0.06028014
17.232456	0.055777889
17.2446776	0.056653327
17.2568992	0.061155578
17.2691208	0.057278639
17.2813424	0.052276138
17.293564	0.054777389
17.3057856	0.056528264
17.3180072	0.053276638
17.3302288	0.055902951
17.3424504	0.052276138
17.354672	0.056278139
17.3668936	0.052151076
17.3791152	0.056903452
17.3913368	0.053401701
17.4035584	0.058654327
17.41578	0.054527264
17.4280016	0.053026513
17.4402232	0.054277139
17.4524448	0.052026013
17.4646664	0.053276638
17.476888	0.050025013
17.4891096	0.050025013
17.5013312	0.050650325
17.5135528	0.050525263
17.5257744	0.048774387
17.537996	0.051525763
17.5502176	0.051525763
17.5624392	0.055902951
17.5746608	0.052526263
17.5868824	0.04989995
17.599104	0.051025513
17.6113256	0.051650825
17.6235472	0.052401201
17.6357688	0.050525263
17.6479904	0.049024512
17.660212	0.047148574
17.6724336	0.0493997
17.6846552	0.04889945
17.6968768	0.046398199
17.7090984	0.048274137
17.72132	0.051150575
17.7335416	0.046398199
17.7457632	0.046648324
17.7579848	0.046023012
17.7702064	0.050150075
17.782428	0.051025513
17.7946496	0.049149575
17.8068712	0.045772886
17.8190928	0.046148074
17.8313144	0.043646823
17.843536	0.047148574
17.8557576	0.046148074
17.8679792	0.049024512
17.8802008	0.046023012
17.8924224	0.045147574
17.904644	0.044022011
17.9168656	0.042896448
17.9290872	0.043771886
17.9413088	0.043146573
17.9535304	0.046398199
17.965752	0.044397199
17.9779736	0.046273137
17.9901952	0.046398199
18.0024168	0.044272136
18.0146384	0.043646823
18.02686	0.042271136
18.0390816	0.045772886
18.0513032	0.045147574
18.0635248	0.043646823
18.0757464	0.042646323
18.087968	0.04102051
18.1001896	0.042896448
18.1124112	0.041895948
18.1246328	0.044272136
18.1368544	0.042521261
18.149076	0.040645323
18.1612976	0.042396198
18.1735192	0.041395698
18.1857408	0.044147074
18.1979624	0.044272136
18.210184	0.04052026
18.2224056	0.037893947
18.2346272	0.041270635
18.2468488	0.042271136
18.2590704	0.043646823
18.271292	0.038894447
18.2835136	0.044022011
18.2957352	0.040145073
18.3079568	0.036268134
18.3201784	0.03901951
18.3324	0.038769385
18.3446216	0.03951976
18.3568432	0.03901951
18.3690648	0.042646323
18.3812864	0.038269135
18.393508	0.040395198
18.4057296	0.04002001
18.4179512	0.037143572
18.4301728	0.033891946
18.4423944	0.035767884
18.454616	0.040770385
18.4668376	0.037393697
18.4790592	0.03951976
18.4912808	0.036018009
18.5035024	0.037268634
18.515724	0.03951976
18.5279456	0.035142571
18.5401672	0.032766383
18.5523888	0.032391196
18.5646104	0.034892446
18.576832	0.037393697
18.5890536	0.037893947
18.6012752	0.032516258
18.6134968	0.031265633
18.6257184	0.034767384
18.63794	0.035017509
18.6501616	0.037143572
18.6623832	0.03951976
18.6746048	0.033641821
18.6868264	0.035267634
18.699048	0.033641821
18.7112696	0.037393697
18.7234912	0.035142571
18.7357128	0.032266133
18.7479344	0.031265633
18.760156	0.034517259
18.7723776	0.033016508
18.7845992	0.033141571
18.7968208	0.032016008
18.8090424	0.032891446
18.821264	0.031015508
18.8334856	0.02863932
18.8457072	0.034892446
18.8579288	0.031890945
18.8701504	0.034392196
18.882372	0.034642321
18.8945936	0.033766883
18.9068152	0.029889945
18.9190368	0.031765883
18.9312584	0.034267134
18.94348	0.033641821
18.9557016	0.033391696
18.9679232	0.025887944
18.9801448	0.03064032
18.9923664	0.031390695
19.004588	0.032141071
19.0168096	0.035142571
19.0290312	0.034017009
19.0412528	0.033516758
19.0534744	0.032141071
19.065696	0.033516758
19.0779176	0.029389695
19.0901392	0.029014507
19.1023608	0.028514257
19.1145824	0.031015508
19.126804	0.028764382
19.1390256	0.031015508
19.1512472	0.025012506
19.1634688	0.029764882
19.1756904	0.030765383
19.187912	0.026888444
19.2001336	0.031265633
19.2123552	0.031890945
19.2245768	0.030390195
19.2367984	0.029514757
19.24902	0.030015008
19.2612416	0.02913957
19.2734632	0.025512756
19.2856848	0.030015008
19.2979064	0.030890445
19.310128	0.02863932
19.3223496	0.026263132
19.3345712	0.027888944
19.3467928	0.026638319
19.3590144	0.030390195
19.371236	0.027763882
19.3834576	0.031015508
19.3956792	0.024387194
19.4079008	0.027513757
19.4201224	0.029014507
19.432344	0.026013007
19.4445656	0.026263132
19.4567872	0.027763882
19.4690088	0.028764382
19.4812304	0.026638319
19.493452	0.028514257
19.5056736	0.027763882
19.5178952	0.025512756
19.5301168	0.02813907
19.5423384	0.026013007
19.55456	0.024887444
19.5667816	0.030765383
19.5790032	0.024762381
19.5912248	0.025762881
19.6034464	0.025262631
19.615668	0.024387194
19.6278896	0.025762881
19.6401112	0.024012006
19.6523328	0.028889445
19.6645544	0.025012506
19.676776	0.024762381
19.6889976	0.027888944
19.7012192	0.026138069
19.7134408	0.024387194
19.7256624	0.025887944
19.737884	0.026013007
19.7501056	0.025887944
19.7623272	0.022761381
19.7745488	0.024012006
19.7867704	0.024887444
19.798992	0.024387194
19.8112136	0.025387694
19.8234352	0.024762381
19.8356568	0.025762881
19.8478784	0.021385693
19.8601	0.023136568
19.8723216	0.02126063
19.8845432	0.022886443
19.8967648	0.022011006
19.9089864	0.022386193
19.921208	0.022636318
19.9334296	0.018884442
19.9456512	0.021510755
19.9578728	0.021885943
19.9700944	0.022011006
19.982316	0.02176088
19.9945376	0.021385693
20.0067592	0.021885943
20.0189808	0.024387194
20.0312024	0.024137069
20.043424	0.02076038
20.0556456	0.019884942
20.0678672	0.024387194
20.0800888	0.020635318
20.0923104	0.024512256
20.104532	0.022386193
20.1167536	0.020885443
20.1289752	0.021010505
20.1411968	0.021510755
20.1534184	0.019884942
20.16564	0.023261631
20.1778616	0.02126063
20.1900832	0.02176088
20.2023048	0.022386193
20.2145264	0.024137069
20.226748	0.019384692
20.2389696	0.021010505
20.2511912	0.01975988
20.2634128	0.022261131
20.2756344	0.01875938
20.287856	0.021885943
20.3000776	0.021010505
20.3122992	0.01875938
20.3245208	0.019384692
20.3367424	0.02126063
20.348964	0.020510255
20.3611856	0.017633817
20.3734072	0.020385193
20.3856288	0.018509255
20.3978504	0.019509755
20.410072	0.019884942
20.4222936	0.02026013
20.4345152	0.017758879
20.4467368	0.023386693
20.4589584	0.019134567
20.47118	0.016758379
20.4834016	0.018634317
20.4956232	0.02076038
20.5078448	0.019384692
20.5200664	0.02126063
20.532288	0.020885443
20.5445096	0.019884942
20.5567312	0.01925963
20.5689528	0.017758879
20.5811744	0.021385693
20.593396	0.018384192
20.6056176	0.01975988
20.6178392	0.018509255
20.6300608	0.016258129
20.6422824	0.021010505
20.654504	0.01825913
20.6667256	0.018509255
20.6789472	0.016883442
20.6911688	0.018509255
20.7033904	0.020010005
20.715612	0.022386193
20.7278336	0.017508754
20.7400552	0.022136068
20.7522768	0.018134067
20.7644984	0.01825913
20.77672	0.016633317
20.7889416	0.01825913
20.8011632	0.017883942
20.8133848	0.020135068
20.8256064	0.017258629
20.837828	0.019384692
20.8500496	0.019134567
20.8622712	0.019134567
20.8744928	0.017758879
20.8867144	0.015507754
20.898936	0.017008504
20.9111576	0.018009005
20.9233792	0.017758879
20.9356008	0.016508254
20.9478224	0.016508254
20.960044	0.015882941
20.9722656	0.014132066
20.9844872	0.018009005
20.9967088	0.015882941
21.0089304	0.014757379
21.021152	0.01825913
21.0333736	0.017883942
21.0455952	0.017758879
21.0578168	0.014882441
21.0700384	0.017383692
21.08226	0.014132066
21.0944816	0.015132566
21.1067032	0.013631816
21.1189248	0.015757879
21.1311464	0.015132566
21.143368	0.014382191
21.1555896	0.015507754
21.1678112	0.016008004
21.1800328	0.015632816
21.1922544	0.014507254
21.204476	0.017133567
21.2166976	0.017508754
21.2289192	0.016758379
21.2411408	0.013631816
21.2533624	0.014507254
21.265584	0.016508254
21.2778056	0.017133567
21.2900272	0.014632316
21.3022488	0.015632816
21.3144704	0.015132566
21.326692	0.014882441
21.3389136	0.016008004
21.3511352	0.019384692
21.3633568	0.016383192
21.3755784	0.017383692
21.3878	0.017133567
21.4000216	0.016008004
21.4122432	0.012631316
21.4244648	0.013506753
21.4366864	0.014757379
21.448908	0.014382191
21.4611296	0.013881941
21.4733512	0.015257629
21.4855728	0.016758379
21.4977944	0.011255628
21.510016	0.016383192
21.5222376	0.013256628
21.5344592	0.012006003
21.5466808	0.013256628
21.5589024	0.015007504
21.571124	0.014507254
21.5833456	0.014007004
21.5955672	0.015757879
21.6077888	0.016758379
21.6200104	0.013506753
21.632232	0.016758379
21.6444536	0.015132566
21.6566752	0.012381191
21.6688968	0.014507254
21.6811184	0.012506253
21.69334	0.011630815
21.7055616	0.015007504
21.7177832	0.013881941
21.7300048	0.013256628
21.7422264	0.013256628
21.754448	0.013381691
21.7666696	0.01138069
21.7788912	0.012006003
21.7911128	0.012256128
21.8033344	0.014382191
21.815556	0.014257129
21.8277776	0.012881441
21.8399992	0.012256128
21.8522208	0.013881941
21.8644424	0.012381191
21.876664	0.013256628
21.8888856	0.012881441
21.9011072	0.01188094
21.9133288	0.013381691
21.9255504	0.012506253
21.937772	0.013631816
21.9499936	0.013631816
21.9622152	0.012506253
21.9744368	0.012381191
21.9866584	0.010630315
21.99888	0.012256128
22.0111016	0.013756878
22.0233232	0.012256128
22.0355448	0.011755878
22.0477664	0.015382691
22.059988	0.011255628
22.0722096	0.012131066
22.0844312	0.009504752
22.0966528	0.011505753
22.1088744	0.015007504
22.121096	0.01188094
22.1333176	0.012131066
22.1455392	0.012756378
22.1577608	0.013131566
22.1699824	0.01188094
22.182204	0.012006003
22.1944256	0.010255128
22.2066472	0.013506753
22.2188688	0.013131566
22.2310904	0.009504752
22.243312	0.012381191
22.2555336	0.014132066
22.2677552	0.01138069
22.2799768	0.012131066
22.2921984	0.010255128
22.30442	0.011255628
22.3166416	0.011130565
22.3288632	0.009004502
22.3410848	0.010630315
22.3533064	0.013631816
22.365528	0.01088044
22.3777496	0.010755378
22.3899712	0.01188094
22.4021928	0.010630315
22.4144144	0.00987994
22.426636	0.010255128
22.4388576	0.010130065
22.4510792	0.009629815
22.4633008	0.012506253
22.4755224	0.012006003
22.487744	0.012381191
22.4999656	0.01088044
22.5121872	0.01138069
22.5244088	0.011130565
22.5366304	0.010505253
22.548852	0.009754877
22.5610736	0.009754877
22.5732952	0.011005503
22.5855168	0.009754877
22.5977384	0.010005003
22.60996	0.008504252
22.6221816	0.009129565
22.6344032	0.00937969
22.6466248	0.010005003
22.6588464	0.01088044
22.671068	0.012131066
22.6832896	0.009129565
22.6955112	0.011505753
22.7077328	0.012006003
22.7199544	0.008629315
22.732176	0.011630815
22.7443976	0.00837919
22.7566192	0.010505253
22.7688408	0.009254627
22.7810624	0.009004502
22.793284	0.00937969
22.8055056	0.009254627
22.8177272	0.011130565
22.8299488	0.011255628
22.8421704	0.01188094
22.854392	0.012381191
22.8666136	0.011630815
22.8788352	0.008254127
22.8910568	0.011005503
22.9032784	0.007378689
22.9155	0.008129065
22.9277216	0.009129565
22.9399432	0.00937969
22.9521648	0.008129065
22.9643864	0.009129565
22.976608	0.008629315
22.9888296	0.009629815
23.0010512	0.010255128
23.0132728	0.010255128
23.0254944	0.010005003
23.037716	0.011255628
23.0499376	0.008254127
23.0621592	0.011255628
23.0743808	0.007878939
23.0866024	0.010505253
23.098824	0.007878939
23.1110456	0.008754377
23.1232672	0.008254127
23.1354888	0.00937969
23.1477104	0.009129565
23.159932	0.007753877
23.1721536	0.008629315
23.1843752	0.008254127
23.1965968	0.008504252
23.2088184	0.007503752
23.22104	0.010130065
23.2332616	0.009129565
23.2454832	0.007753877
23.2577048	0.007503752
23.2699264	0.009629815
23.282148	0.008754377
23.2943696	0.008754377
23.3065912	0.009504752
23.3188128	0.007128564
23.3310344	0.007628814
23.343256	0.008629315
23.3554776	0.010630315
23.3676992	0.007878939
23.3799208	0.007503752
23.3921424	0.008504252
23.404364	0.006878439
23.4165856	0.007128564
23.4288072	0.009254627
23.4410288	0.008129065
23.4532504	0.006128064
23.465472	0.009754877
23.4776936	0.009254627
23.4899152	0.009129565
23.5021368	0.006253127
23.5143584	0.006753377
23.52658	0.008629315
23.5388016	0.009004502
23.5510232	0.007503752
23.5632448	0.008004002
23.5754664	0.007628814
23.587688	0.006878439
23.5999096	0.008754377
23.6121312	0.007753877
23.6243528	0.007253627
23.6365744	0.008754377
23.648796	0.008254127
23.6610176	0.009504752
23.6732392	0.008629315
23.6854608	0.007503752
23.6976824	0.008254127
23.709904	0.007753877
23.7221256	0.006878439
23.7343472	0.007253627
23.7465688	0.006628314
23.7587904	0.00837919
23.771012	0.006628314
23.7832336	0.010005003
23.7954552	0.006753377
23.8076768	0.007378689
23.8198984	0.008129065
23.83212	0.007878939
23.8443416	0.006878439
23.8565632	0.008754377
23.8687848	0.007253627
23.8810064	0.006878439
23.893228	0.008004002
23.9054496	0.007878939
23.9176712	0.007378689
23.9298928	0.007878939
23.9421144	0.009629815
23.954336	0.007378689
23.9665576	0.005877939
23.9787792	0.006878439
23.9910008	0.006253127
24.0032224	0.005752876
24.015444	0.006628314
24.0276656	0.008629315
24.0398872	0.005502751
24.0521088	0.008129065
24.0643304	0.008129065
24.076552	0.007378689
24.0887736	0.006628314
24.1009952	0.006878439
24.1132168	0.005377689
24.1254384	0.007878939
24.13766	0.006753377
24.1498816	0.006378189
24.1621032	0.007003502
24.1743248	0.005002501
24.1865464	0.007378689
24.198768	0.006753377
24.2109896	0.007003502
24.2232112	0.006753377
24.2354328	0.006128064
24.2476544	0.006253127
24.259876	0.004252126
24.2720976	0.006878439
24.2843192	0.006003002
24.2965408	0.006503252
24.3087624	0.006003002
24.320984	0.005502751
24.3332056	0.005627814
24.3454272	0.005502751
24.3576488	0.006628314
24.3698704	0.006878439
24.382092	0.005752876
24.3943136	0.007378689
24.4065352	0.007253627
24.4187568	0.007128564
24.4309784	0.006628314
24.4432	0.006753377
24.4554216	0.006878439
24.4676432	0.006253127
24.4798648	0.006503252
24.4920864	0.005627814
24.504308	0.006128064
24.5165296	0.006378189
24.5287512	0.007003502
24.5409728	0.005502751
24.5531944	0.007128564
24.565416	0.007378689
24.5776376	0.007253627
24.5898592	0.005877939
24.6020808	0.005627814
24.6143024	0.006003002
24.626524	0.006128064
24.6387456	0.006003002
24.6509672	0.007128564
24.6631888	0.006378189
24.6754104	0.005252626
24.687632	0.006128064
24.6998536	0.005377689
24.7120752	0.004627314
24.7242968	0.007003502
24.7365184	0.005502751
24.74874	0.005627814
24.7609616	0.006128064
24.7731832	0.005627814
24.7854048	0.005752876
24.7976264	0.006128064
24.809848	0.005252626
24.8220696	0.005752876
24.8342912	0.006253127
24.8465128	0.006378189
24.8587344	0.005627814
24.870956	0.006753377
24.8831776	0.005502751
24.8953992	0.006253127
24.9076208	0.005877939
24.9198424	0.004877439
24.932064	0.004877439
24.9442856	0.005627814
24.9565072	0.005627814
24.9687288	0.004002001
24.9809504	0.006253127
24.993172	0.006878439
25.0053936	0.004627314
25.0176152	0.005502751
25.0298368	0.006503252
25.0420584	0.005127564
25.05428	0.005002501
25.0665016	0.006003002
25.0787232	0.005002501
25.0909448	0.005002501
25.1031664	0.004502251
25.115388	0.003626813
25.1276096	0.004627314
25.1398312	0.004127064
25.1520528	0.004377189
25.1642744	0.005252626
25.176496	0.005127564
25.1887176	0.003501751
25.2009392	0.005752876
25.2131608	0.005002501
25.2253824	0.005502751
25.237604	0.005252626
25.2498256	0.005877939
25.2620472	0.006003002
25.2742688	0.004377189
25.2864904	0.006128064
25.298712	0.004877439
25.3109336	0.005752876
25.3231552	0.004002001
25.3353768	0.004377189
25.3475984	0.004127064
25.35982	0.005377689
25.3720416	0.005377689
25.3842632	0.003376688
25.3964848	0.005252626
25.4087064	0.005002501
25.420928	0.003751876
25.4331496	0.005002501
25.4453712	0.005127564
25.4575928	0.005127564
25.4698144	0.004502251
25.482036	0.004252126
25.4942576	0.005752876
25.5064792	0.004752376
25.5187008	0.004002001
25.5309224	0.004502251
25.543144	0.004752376
25.5553656	0.004877439
25.5675872	0.005002501
25.5798088	0.004877439
25.5920304	0.003876938
25.604252	0.003626813
25.6164736	0.004752376
25.6286952	0.004502251
25.6409168	0.004877439
25.6531384	0.003626813
25.66536	0.003876938
25.6775816	0.006003002
25.6898032	0.005377689
25.7020248	0.004752376
25.7142464	0.004377189
25.726468	0.004002001
25.7386896	0.004127064
25.7509112	0.006128064
25.7631328	0.003501751
25.7753544	0.004377189
25.787576	0.003501751
25.7997976	0.003751876
25.8120192	0.003876938
25.8242408	0.003376688
25.8364624	0.004502251
25.848684	0.004127064
25.8609056	0.006253127
25.8731272	0.004752376
25.8853488	0.004002001
25.8975704	0.004877439
25.909792	0.004252126
25.9220136	0.003626813
25.9342352	0.004377189
25.9464568	0.004377189
25.9586784	0.004377189
25.9709	0.004877439
25.9831216	0.003876938
25.9953432	0.006253127
26.0075648	0.003876938
26.0197864	0.004627314
26.032008	0.005377689
26.0442296	0.005127564
26.0564512	0.004252126
26.0686728	0.002626313
26.0808944	0.005002501
26.093116	0.003001501
26.1053376	0.002876438
26.1175592	0.003251626
26.1297808	0.004002001
26.1420024	0.003251626
26.154224	0.003501751
26.1664456	0.003251626
26.1786672	0.003751876
26.1908888	0.003126563
26.2031104	0.003376688
26.215332	0.004127064
26.2275536	0.003376688
26.2397752	0.005127564
26.2519968	0.002876438
26.2642184	0.004877439
26.27644	0.003751876
26.2886616	0.003126563
26.3008832	0.004127064
26.3131048	0.004877439
26.3253264	0.003501751
26.337548	0.005002501
26.3497696	0.004752376
26.3619912	0.004502251
26.3742128	0.004377189
26.3864344	0.003751876
26.398656	0.004877439
26.4108776	0.004002001
26.4230992	0.003501751
26.4353208	0.003126563
26.4475424	0.003751876
26.459764	0.002376188
26.4719856	0.003751876
26.4842072	0.003876938
26.4964288	0.002626313
26.5086504	0.004627314
26.520872	0.003501751
26.5330936	0.004627314
26.5453152	0.003626813
26.5575368	0.002876438
26.5697584	0.002751376
26.58198	0.003376688
26.5942016	0.004002001
26.6064232	0.003626813
26.6186448	0.002751376
26.6308664	0.003376688
26.643088	0.003251626
26.6553096	0.004002001
26.6675312	0.002626313
26.6797528	0.003501751
26.6919744	0.004127064
26.704196	0.003376688
26.7164176	0.003876938
26.7286392	0.003251626
26.7408608	0.003751876
26.7530824	0.004252126
26.765304	0.003376688
26.7775256	0.004002001
26.7897472	0.004252126
26.8019688	0.002376188
26.8141904	0.004252126
26.826412	0.003626813
26.8386336	0.003126563
26.8508552	0.003001501
26.8630768	0.003251626
26.8752984	0.003876938
26.88752	0.002626313
26.8997416	0.003251626
26.9119632	0.002626313
26.9241848	0.003751876
26.9364064	0.004127064
26.948628	0.003501751
26.9608496	0.004002001
26.9730712	0.003126563
26.9852928	0.002501251
26.9975144	0.003626813
27.009736	0.003251626
27.0219576	0.002876438
27.0341792	0.004002001
27.0464008	0.003376688
27.0586224	0.002876438
27.070844	0.002626313
27.0830656	0.004127064
27.0952872	0.002001001
27.1075088	0.002376188
27.1197304	0.004377189
27.131952	0.002376188
27.1441736	0.002876438
27.1563952	0.003501751
27.1686168	0.003001501
27.1808384	0.003376688
27.19306	0.002376188
27.2052816	0.003001501
27.2175032	0.002376188
27.2297248	0.002376188
27.2419464	0.003376688
27.254168	0.003751876
27.2663896	0.002126063
27.2786112	0.003001501
27.2908328	0.003126563
27.3030544	0.003376688
27.315276	0.003251626
27.3274976	0.002001001
27.3397192	0.003001501
27.3519408	0.002126063
27.3641624	0.003376688
27.376384	0.002001001
27.3886056	0.002751376
27.4008272	0.003001501
27.4130488	0.003376688
27.4252704	0.004002001
27.437492	0.003251626
27.4497136	0.002501251
27.4619352	0.003001501
27.4741568	0.003626813
27.4863784	0.004627314
27.4986	0.003626813
27.5108216	0.003001501
27.5230432	0.002751376
27.5352648	0.003501751
27.5474864	0.003001501
27.559708	0.003626813
27.5719296	0.003626813
27.5841512	0.002251126
27.5963728	0.003126563
27.6085944	0.003501751
27.620816	0.002876438
27.6330376	0.002501251
27.6452592	0.002376188
27.6574808	0.002751376
27.6697024	0.004002001
27.681924	0.002501251
27.6941456	0.003126563
27.7063672	0.001750875
27.7185888	0.002126063
27.7308104	0.002751376
27.743032	0.002501251
27.7552536	0.003251626
27.7674752	0.003001501
27.7796968	0.001875938
27.7919184	0.001750875
27.80414	0.002626313
27.8163616	0.002126063
27.8285832	0.003001501
27.8408048	0.003376688
27.8530264	0.001625813
27.865248	0.002251126
27.8774696	0.002376188
27.8896912	0.002126063
27.9019128	0.003626813
27.9141344	0.003001501
27.926356	0.003126563
27.9385776	0.004002001
27.9507992	0.002251126
27.9630208	0.002376188
27.9752424	0.002251126
27.987464	0.003126563
27.9996856	0.002501251
28.0119072	0.002751376
28.0241288	0.002876438
28.0363504	0.001750875
28.048572	0.003126563
28.0607936	0.001625813
28.0730152	0.001125563
28.0852368	0.003001501
28.0974584	0.003626813
28.10968	0.002001001
28.1219016	0.002251126
28.1341232	0.002876438
28.1463448	0.001625813
28.1585664	0.002376188
28.170788	0.002751376
28.1830096	0.001250625
28.1952312	0.001875938
28.2074528	0.002626313
28.2196744	0.001625813
28.231896	0.003251626
28.2441176	0.001750875
28.2563392	0.003126563
28.2685608	0.002376188
28.2807824	0.002751376
28.293004	0.002001001
28.3052256	0.002501251
28.3174472	0.003126563
28.3296688	0.002251126
28.3418904	0.003001501
28.354112	0.002251126
28.3663336	0.002501251
28.3785552	0.002126063
28.3907768	0.002251126
28.4029984	0.002751376
28.41522	0.002501251
28.4274416	0.002751376
28.4396632	0.002251126
28.4518848	0.002751376
28.4641064	0.003001501
28.476328	0.002626313
28.4885496	0.001250625
28.5007712	0.002501251
28.5129928	0.002376188
28.5252144	0.002876438
28.537436	0.002626313
28.5496576	0.001625813
28.5618792	0.003126563
28.5741008	0.001625813
28.5863224	0.003001501
28.598544	0.001875938
28.6107656	0.002876438
28.6229872	0.001875938
28.6352088	0.003001501
28.6474304	0.002501251
28.659652	0.002876438
28.6718736	0.002501251
28.6840952	0.002501251
28.6963168	0.003251626
28.7085384	0.001125563
28.72076	0.001875938
28.7329816	0.002376188
28.7452032	0.002126063
28.7574248	0.001875938
28.7696464	0.001625813
28.781868	0.001875938
28.7940896	0.002251126
28.8063112	0.00150075
28.8185328	0.001750875
28.8307544	0.002001001
28.842976	0.002126063
28.8551976	0.001875938
28.8674192	0.002501251
28.8796408	0.002751376
28.8918624	0.001875938
28.904084	0.002376188
28.9163056	0.001250625
28.9285272	0.001625813
28.9407488	0.003001501
28.9529704	0.00150075
28.965192	0.00150075
28.9774136	0.003001501
28.9896352	0.002001001
29.0018568	0.003126563
29.0140784	0.002251126
29.0263	0.003501751
29.0385216	0.002251126
29.0507432	0.002501251
29.0629648	0.002376188
29.0751864	0.002001001
29.087408	0.002001001
29.0996296	0.00150075
29.1118512	0.003001501
29.1240728	0.002376188
29.1362944	0.002001001
29.148516	0.002001001
29.1607376	0.001750875
29.1729592	0.001875938
29.1851808	0.003001501
29.1974024	0.001875938
29.209624	0.002876438
29.2218456	0.001750875
29.2340672	0.002126063
29.2462888	0.00150075
29.2585104	0.001625813
29.270732	0.002251126
29.2829536	0.001750875
29.2951752	0.002251126
29.3073968	0.001875938
29.3196184	0.002001001
29.33184	0.002001001
29.3440616	0.001625813
29.3562832	0.002376188
29.3685048	0.003126563
29.3807264	0.001625813
29.392948	0.003501751
29.4051696	0.00150075
29.4173912	0.002376188
29.4296128	0.001625813
29.4418344	0.002001001
29.454056	0.003251626
29.4662776	0.002001001
29.4784992	0.00150075
29.4907208	0.002001001
29.5029424	0.002126063
29.515164	0.00150075
29.5273856	0.003251626
29.5396072	0.002501251
29.5518288	0.002501251
29.5640504	0.001750875
29.576272	0.001750875
29.5884936	0.002001001
29.6007152	0.002001001
29.6129368	0.002126063
29.6251584	0.002126063
29.63738	0.002626313
29.6496016	0.001875938
29.6618232	0.001375688
29.6740448	0.001625813
29.6862664	0.00150075
29.698488	0.002876438
29.7107096	0.001250625
29.7229312	0.001750875
29.7351528	0.001750875
29.7473744	0.001750875
29.759596	0.0010005
29.7718176	0.00150075
29.7840392	0.002001001
29.7962608	0.002876438
29.8084824	0.002501251
29.820704	0.0010005
29.8329256	0.002126063
29.8451472	0.002376188
29.8573688	0.001625813
29.8695904	0.002751376
29.881812	0.001875938
29.8940336	0.002126063
29.9062552	0.002751376
29.9184768	0.001875938
29.9306984	0.00150075
29.94292	0.002626313
29.9551416	0.002126063
29.9673632	0.001750875
29.9795848	0.002376188
29.9918064	0.002251126
30.004028	0.001875938
30.0162496	0.001875938
30.0284712	0.001875938
30.0406928	0.001750875
30.0529144	0.001750875
30.065136	0.003001501
30.0773576	0.001375688
30.0895792	0.000875438
30.1018008	0.001750875
30.1140224	0.002251126
30.126244	0.002251126
30.1384656	0.002126063
30.1506872	0.001375688
30.1629088	0.000750375
30.1751304	0.001625813
30.187352	0.001875938
30.1995736	0.001750875
30.2117952	0.000625313
30.2240168	0.001875938
30.2362384	0.001750875
30.24846	0.001750875
30.2606816	0.001625813
30.2729032	0.001375688
30.2851248	0.002001001
30.2973464	0.00150075
30.309568	0.00150075
30.3217896	0.000750375
30.3340112	0.001875938
30.3462328	0.001750875
30.3584544	0.000875438
30.370676	0.002251126
30.3828976	0.002001001
30.3951192	0.001625813
30.4073408	0.001750875
30.4195624	0.001750875
30.431784	0.001250625
30.4440056	0.001375688
30.4562272	0.002126063
30.4684488	0.001875938
30.4806704	0.00150075
30.492892	0.002001001
30.5051136	0.002376188
30.5173352	0.001625813
30.5295568	0.001875938
30.5417784	0.000750375
30.554	0.001375688
30.5662216	0.001125563
30.5784432	0.001750875
30.5906648	0.001875938
30.6028864	0.001750875
30.615108	0.002001001
30.6273296	0.001375688
30.6395512	0.002376188
30.6517728	0.001125563
30.6639944	0.001750875
30.676216	0.001625813
30.6884376	0.001250625
30.7006592	0.0010005
30.7128808	0.001125563
30.7251024	0.00150075
30.737324	0.000750375
30.7495456	0.001375688
30.7617672	0.003126563
30.7739888	0.001750875
30.7862104	0.001750875
30.798432	0.001250625
30.8106536	0.002001001
30.8228752	0.001875938
30.8350968	0.001875938
30.8473184	0.001750875
30.85954	0.001750875
30.8717616	0.002751376
30.8839832	0.001250625
30.8962048	0.001625813
30.9084264	0.002876438
30.920648	0.001375688
30.9328696	0.001625813
30.9450912	0.001750875
30.9573128	0.001125563
30.9695344	0.002126063
30.981756	0.001875938
30.9939776	0.000875438
31.0061992	0.002376188
31.0184208	0.001250625
31.0306424	0.001875938
31.042864	0.001750875
31.0550856	0.001375688
31.0673072	0.001875938
31.0795288	0.000875438
31.0917504	0.001125563
31.103972	0.001375688
31.1161936	0.0010005
31.1284152	0.001250625
31.1406368	0.00150075
31.1528584	0.000875438
31.16508	0.002376188
31.1773016	0.001750875
31.1895232	0.001375688
31.2017448	0.00150075
31.2139664	0.001750875
31.226188	0.000875438
31.2384096	0.001125563
31.2506312	0.001750875
31.2628528	0.00150075
31.2750744	0.002001001
31.287296	0.002001001
31.2995176	0.00150075
31.3117392	0.001875938
31.3239608	0.002126063
31.3361824	0.001375688
31.348404	0.001125563
31.3606256	0.0010005
31.3728472	0.001750875
31.3850688	0.000875438
31.3972904	0.001875938
31.409512	0.001750875
31.4217336	0.001875938
31.4339552	0.000750375
31.4461768	0.0010005
31.4583984	0.001750875
31.47062	0.001750875
31.4828416	0.001625813
31.4950632	0.001125563
31.5072848	0.001625813
31.5195064	0.00150075
31.531728	0.001625813
31.5439496	0.001750875
31.5561712	0.002251126
31.5683928	0.001625813
31.5806144	0.001250625
31.592836	0.00150075
31.6050576	0.001125563
31.6172792	0.002001001
31.6295008	0.001250625
31.6417224	0.001875938
31.653944	0.001125563
31.6661656	0.001125563
31.6783872	0.000750375
31.6906088	0.001750875
31.7028304	0.000875438
31.715052	0.000875438
31.7272736	0.002126063
31.7394952	0.001750875
31.7517168	0.00050025
31.7639384	0.001250625
31.77616	0.001375688
31.7883816	0.00150075
31.8006032	0.001250625
31.8128248	0.001625813
31.8250464	0.001375688
31.837268	0.000625313
31.8494896	0.00150075
31.8617112	0.001625813
31.8739328	0.000750375
31.8861544	0.001375688
31.898376	0.00150075
31.9105976	0.001750875
31.9228192	0.001250625
31.9350408	0.001250625
31.9472624	0.00150075
31.959484	0.001125563
31.9717056	0.00150075
31.9839272	0.001125563
31.9961488	0.0010005
32.0083704	0.000875438
32.020592	0.001875938
32.0328136	0.000750375
32.0450352	0.0010005
32.0572568	0.001375688
32.0694784	0.001750875
32.0817	0.000625313
32.0939216	0.000875438
32.1061432	0.001250625
32.1183648	0.0010005
32.1305864	0.001750875
32.142808	0.001750875
32.1550296	0.001125563
32.1672512	0.000875438
32.1794728	0.002001001
32.1916944	0.0010005
32.203916	0.001750875
32.2161376	0.001125563
32.2283592	0.000750375
32.2405808	0.001250625
32.2528024	0.001625813
32.265024	0.000750375
32.2772456	0.000750375
32.2894672	0.001625813
32.3016888	0.001125563
32.3139104	0.000875438
32.326132	0.00150075
32.3383536	0.00150075
32.3505752	0.001125563
32.3627968	0.00050025
32.3750184	0.001625813
32.38724	0.001750875
32.3994616	0.001375688
32.4116832	0.001125563
32.4239048	0.0010005
32.4361264	0.001625813
32.448348	0.001750875
32.4605696	0.0010005
32.4727912	0.0010005
32.4850128	0.001625813
32.4972344	0.001875938
32.509456	0.000875438
32.5216776	0.00150075
32.5338992	0.001125563
32.5461208	0.000625313
32.5583424	0.00150075
32.570564	0.000875438
32.5827856	0.00050025
32.5950072	0.0010005
32.6072288	0.001375688
32.6194504	0.000750375
32.631672	0.0010005
32.6438936	0.001625813
32.6561152	0.001375688
32.6683368	0.000875438
32.6805584	0.001250625
32.69278	0.000750375
32.7050016	0.0010005
32.7172232	0.000625313
32.7294448	0.001625813
32.7416664	0.001750875
32.753888	0.001625813
32.7661096	0.000625313
32.7783312	0.001250625
32.7905528	0.001875938
32.8027744	0.002126063
32.814996	0.0010005
32.8272176	0.001250625
32.8394392	0.0010005
32.8516608	0.0010005
32.8638824	0.001375688
32.876104	0.0010005
32.8883256	0.001125563
32.9005472	0.001125563
32.9127688	0.001250625
32.9249904	0.000375188
32.937212	0.001125563
32.9494336	0.000750375
32.9616552	0.002126063
32.9738768	0.000375188
32.9860984	0.001125563
32.99832	0.000625313
33.0105416	0.001375688
33.0227632	0.000625313
33.0349848	0.00150075
33.0472064	0.0010005
33.059428	0.00150075
33.0716496	0.0010005
33.0838712	0.001375688
33.0960928	0.0010005
33.1083144	0.001250625
33.120536	0.001250625
33.1327576	0.002751376
33.1449792	0.001875938
33.1572008	0.001125563
33.1694224	0.000875438
33.181644	0.002001001
33.1938656	0.000375188
33.2060872	0.0010005
33.2183088	0.001375688
33.2305304	0.00150075
33.242752	0.0010005
33.2549736	0.001250625
33.2671952	0.001375688
33.2794168	0.001625813
33.2916384	0.000750375
33.30386	0.0010005
33.3160816	0.0010005
33.3283032	0.001375688
33.3405248	0.0010005
33.3527464	0.0010005
33.364968	0.001625813
33.3771896	0.000750375
33.3894112	0.001750875
33.4016328	0.001375688
33.4138544	0.001125563
33.426076	0.000875438
33.4382976	0.0010005
33.4505192	0.00150075
33.4627408	0.001375688
33.4749624	0.00150075
33.487184	0.001625813
33.4994056	0.001625813
33.5116272	0.0010005
33.5238488	0.001250625
33.5360704	0.001125563
33.548292	0.000625313
33.5605136	0.001125563
33.5727352	0.001625813
33.5849568	0.001375688
33.5971784	0.000625313
33.6094	0.000875438
33.6216216	0.001125563
33.6338432	0.000625313
33.6460648	0.001125563
33.6582864	0.001125563
33.670508	0.000875438
33.6827296	0.001375688
33.6949512	0.001125563
33.7071728	0.001625813
33.7193944	0.00050025
33.731616	0.000750375
33.7438376	0.00050025
33.7560592	0.000375188
33.7682808	0.000875438
33.7805024	0.001125563
33.792724	0.000625313
33.8049456	0.000750375
33.8171672	0.001250625
33.8293888	0.00150075
33.8416104	0.001250625
33.853832	0.000750375
33.8660536	0.001375688
33.8782752	0.0010005
33.8904968	0.000875438
33.9027184	0.001625813
33.91494	0.000750375
33.9271616	0.000375188
33.9393832	0.00050025
33.9516048	0.001250625
33.9638264	0.00050025
33.976048	0.001125563
33.9882696	0.001375688
34.0004912	0.0010005
34.0127128	0.000750375
34.0249344	0.000250125
34.037156	0.0010005
34.0493776	0.000750375
34.0615992	0.000625313
34.0738208	0.001250625
34.0860424	0.002376188
34.098264	0.000375188
34.1104856	0.001625813
34.1227072	0.000375188
34.1349288	0.001250625
34.1471504	0.001125563
34.159372	0.000625313
34.1715936	0.001375688
34.1838152	0.000750375
34.1960368	0.000750375
34.2082584	0.000875438
34.22048	0.001250625
34.2327016	0.000875438
34.2449232	0.000750375
34.2571448	0.001125563
34.2693664	0.0010005
34.281588	0.001125563
34.2938096	0.00050025
34.3060312	0.000750375
34.3182528	0.00150075
34.3304744	0.001625813
34.342696	0.001625813
34.3549176	0.00150075
34.3671392	0.00050025
34.3793608	0.001250625
34.3915824	0.000750375
34.403804	0.001125563
34.4160256	0.001125563
34.4282472	0.00050025
34.4404688	0.001250625
34.4526904	0.000875438
34.464912	0.00050025
34.4771336	0.000625313
34.4893552	0.001125563
34.5015768	0.000625313
34.5137984	0.000875438
34.52602	0.001375688
34.5382416	0.000625313
34.5504632	0.001125563
34.5626848	0.000625313
34.5749064	0.000375188
34.587128	0.000750375
34.5993496	0.001250625
34.6115712	0.000875438
34.6237928	0.001250625
34.6360144	0.0010005
34.648236	0.00050025
34.6604576	0.001125563
34.6726792	0.0010005
34.6849008	0.000750375
34.6971224	0.0010005
34.709344	0.000875438
34.7215656	0.000625313
34.7337872	0.000875438
34.7460088	0.001125563
34.7582304	0.001250625
34.770452	0.000625313
34.7826736	0.0010005
34.7948952	0.000625313
34.8071168	0.000625313
34.8193384	0.0010005
34.83156	0.000375188
34.8437816	0.000125063
34.8560032	0.0010005
34.8682248	0.000375188
34.8804464	0.001250625
34.892668	0.000875438
34.9048896	0.00150075
34.9171112	0.000875438
34.9293328	0.001250625
34.9415544	0.0010005
34.953776	0.000625313
34.9659976	0.001250625
34.9782192	0.000625313
34.9904408	0.00150075
35.0026624	0.0010005
35.014884	0.000375188
35.0271056	0.001250625
35.0393272	0.001250625
35.0515488	0.000750375
35.0637704	0.001125563
35.075992	0.000875438
35.0882136	0.000375188
35.1004352	0.000750375
35.1126568	0.001125563
35.1248784	0.000750375
35.1371	0.001125563
35.1493216	0.0010005
35.1615432	0.000750375
35.1737648	0.000750375
35.1859864	0.000625313
35.198208	0.0010005
35.2104296	0.001250625
35.2226512	0.0010005
35.2348728	0.000875438
35.2470944	0.000125063
35.259316	0.00050025
35.2715376	0.00050025
35.2837592	0.000625313
35.2959808	0.001375688
35.3082024	0.000750375
35.320424	0.001375688
35.3326456	0.000875438
35.3448672	0.000875438
35.3570888	0.001250625
35.3693104	0.0010005
35.381532	0.001125563
35.3937536	0.000625313
35.4059752	0.001375688
35.4181968	0.001125563
35.4304184	0.001375688
35.44264	0.000875438
35.4548616	0.0010005
35.4670832	0.000625313
35.4793048	0.000875438
35.4915264	0.000750375
35.503748	0.0010005
35.5159696	0.000625313
35.5281912	0.0010005
35.5404128	0.0010005
35.5526344	0.00050025
35.564856	0.001250625
35.5770776	0.000375188
35.5892992	0.001375688
35.6015208	0.001250625
35.6137424	0.000375188
35.625964	0.000625313
35.6381856	0.001125563
35.6504072	0.0010005
35.6626288	0.000750375
35.6748504	0.001375688
35.687072	0.0010005
35.6992936	0.001250625
35.7115152	0.000125063
35.7237368	0.000375188
35.7359584	0.000750375
35.74818	0.001125563
35.7604016	0.001125563
35.7726232	0.000625313
35.7848448	0.001125563
35.7970664	0.000750375
35.809288	0.000875438
35.8215096	0.00050025
35.8337312	0.001250625
35.8459528	0.000875438
35.8581744	0.00050025
35.870396	0.001250625
35.8826176	0.000875438
35.8948392	0.000625313
35.9070608	0.000750375
35.9192824	0.00150075
35.931504	0.000750375
35.9437256	0.00050025
35.9559472	0.00050025
35.9681688	0.001875938
35.9803904	0.000250125
35.992612	0.00050025
36.0048336	0.000875438
36.0170552	0.000875438
36.0292768	0.000375188
36.0414984	0.0010005
36.05372	0.0010005
36.0659416	0.000375188
36.0781632	0.000750375
36.0903848	0.001125563
36.1026064	0.000625313
36.114828	0.001375688
36.1270496	0.000875438
36.1392712	0.000625313
36.1514928	0.0010005
36.1637144	0.0010005
36.175936	0.0010005
36.1881576	0.0010005
36.2003792	0.000750375
36.2126008	0.001875938
36.2248224	0.001250625
36.237044	0.000250125
36.2492656	0.001125563
36.2614872	0.000250125
36.2737088	0.00150075
36.2859304	0.000875438
36.298152	0.000875438
36.3103736	0.000750375
36.3225952	0.001125563
36.3348168	0.0010005
36.3470384	0.000875438
36.35926	0.000625313
36.3714816	0.000750375
36.3837032	0.0010005
36.3959248	0.001125563
36.4081464	0.000625313
36.420368	0.000750375
36.4325896	0.0010005
36.4448112	0.00150075
36.4570328	0.000625313
36.4692544	0.000375188
36.481476	0.0010005
36.4936976	0.00050025
36.5059192	0.001250625
36.5181408	0.001375688
36.5303624	0.000125063
36.542584	0.001125563
36.5548056	0.001250625
36.5670272	0.000375188
36.5792488	0.000375188
36.5914704	0.0010005
36.603692	0.00050025
36.6159136	0.000625313
36.6281352	0.000875438
36.6403568	0.000875438
36.6525784	0.000625313
36.6648	0.000750375
36.6770216	0.000750375
36.6892432	0.000750375
36.7014648	0.001250625
36.7136864	0.0010005
36.725908	0.000875438
36.7381296	0.000625313
36.7503512	0.000625313
36.7625728	0.000625313
36.7747944	0.000750375
36.787016	0.000750375
36.7992376	0.001125563
36.8114592	0
36.8236808	0.001125563
36.8359024	0.000875438
36.848124	0.0010005
36.8603456	0.000750375
36.8725672	0.00150075
36.8847888	0.000375188
36.8970104	0.000875438
36.909232	0.000750375
36.9214536	0.000750375
36.9336752	0.001250625
36.9458968	0.000375188
36.9581184	0.000875438
36.97034	0.00050025
36.9825616	0.000875438
36.9947832	0.001375688
37.0070048	0.000625313
37.0192264	0.001250625
37.031448	0.000750375
37.0436696	0.000875438
37.0558912	0.000625313
37.0681128	0.001375688
37.0803344	0.001125563
37.092556	0.000875438
37.1047776	0.000875438
37.1169992	0.0010005
37.1292208	0.000875438
37.1414424	0.000625313
37.153664	0.00050025
37.1658856	0.000750375
37.1781072	0.000625313
37.1903288	0.001250625
37.2025504	0.001250625
37.214772	0.000875438
37.2269936	0.000750375
37.2392152	0.001375688
37.2514368	0.0010005
37.2636584	0.000875438
37.27588	0.000875438
37.2881016	0.000375188
37.3003232	0.000875438
37.3125448	0.000750375
37.3247664	0.000625313
37.336988	0.000625313
37.3492096	0.000875438
37.3614312	0.0010005
37.3736528	0.000750375
37.3858744	0.000750375
37.398096	0.001125563
37.4103176	0.000875438
37.4225392	0.000625313
37.4347608	0.000750375
37.4469824	0.000875438
37.459204	0.000375188
37.4714256	0.000625313
37.4836472	0.000750375
37.4958688	0.000875438
37.5080904	0.001125563
37.520312	0.000250125
37.5325336	0.001125563
37.5447552	0.001125563
37.5569768	0.001375688
37.5691984	0.000750375
37.58142	0.000750375
37.5936416	0.00050025
37.6058632	0.001125563
37.6180848	0.00050025
37.6303064	0.000750375
37.642528	0.00050025
37.6547496	0.000250125
37.6669712	0.0010005
37.6791928	0.001125563
37.6914144	0.000625313
37.703636	0.000750375
37.7158576	0.001625813
37.7280792	0.000625313
37.7403008	0.000625313
37.7525224	0.001250625
37.764744	0.0010005
37.7769656	0.0010005
37.7891872	0.000875438
37.8014088	0.000625313
37.8136304	0.000750375
37.825852	0.001375688
37.8380736	0.000875438
37.8502952	0.001125563
37.8625168	0.000625313
37.8747384	0.0010005
37.88696	0.000625313
37.8991816	0.0010005
37.9114032	0.0010005
37.9236248	0.000625313
37.9358464	0.000625313
37.948068	0.00050025
37.9602896	0.000875438
37.9725112	0.00050025
37.9847328	0.000625313
37.9969544	0.001250625
38.009176	0.000875438
38.0213976	0.001250625
38.0336192	0.000375188
38.0458408	0.00050025
38.0580624	0.000750375
38.070284	0.000375188
38.0825056	0.00050025
38.0947272	0.000625313
38.1069488	0.000375188
38.1191704	0.000625313
38.131392	0.000750375
38.1436136	0.0010005
38.1558352	0.000625313
38.1680568	0.000875438
38.1802784	0.00050025
38.1925	0.0010005
38.2047216	0.0010005
38.2169432	0.000250125
38.2291648	0.000250125
38.2413864	0.000375188
38.253608	0.000250125
38.2658296	0.000625313
38.2780512	0.000875438
38.2902728	0.000875438
38.3024944	0.001125563
38.314716	0.000875438
38.3269376	0.000625313
38.3391592	0.000875438
38.3513808	0.000875438
38.3636024	0.000750375
38.375824	0.000875438
38.3880456	0.000375188
38.4002672	0.000750375
38.4124888	0.000625313
38.4247104	0.000625313
38.436932	0.001250625
38.4491536	0.000375188
38.4613752	0.000625313
38.4735968	0.000875438
38.4858184	0.001250625
38.49804	0.000250125
38.5102616	0.000875438
38.5224832	0.000750375
38.5347048	0.000625313
38.5469264	0.00050025
38.559148	0.000625313
38.5713696	0.000625313
38.5835912	0.001250625
38.5958128	0.001125563
38.6080344	0.000750375
38.620256	0.000750375
38.6324776	0.000750375
38.6446992	0.0010005
38.6569208	0.000750375
38.6691424	0.000625313
38.681364	0.000375188
38.6935856	0.000750375
38.7058072	0.0010005
38.7180288	0.000875438
38.7302504	0.001250625
38.742472	0.000750375
38.7546936	0.000250125
38.7669152	0.000750375
38.7791368	0.000625313
38.7913584	0.000875438
38.80358	0.000875438
38.8158016	0.00050025
38.8280232	0.00050025
38.8402448	0.000250125
38.8524664	0.000750375
38.864688	0.0010005
38.8769096	0.000750375
38.8891312	0.000625313
38.9013528	0.000375188
38.9135744	0.000625313
38.925796	0.001250625
38.9380176	0.001375688
38.9502392	0.000875438
38.9624608	0.000625313
38.9746824	0.001125563
38.986904	0.000750375
38.9991256	0.00050025
39.0113472	0.000875438
39.0235688	0.000750375
39.0357904	0.000625313
39.048012	0.000625313
39.0602336	0.000875438
39.0724552	0.001125563
39.0846768	0.000250125
39.0968984	0.000750375
39.10912	0.000375188
39.1213416	0.000875438
39.1335632	0.000875438
39.1457848	0.000875438
39.1580064	0.000625313
39.170228	0.000750375
39.1824496	0.00050025
39.1946712	0.000625313
39.2068928	0.000750375
39.2191144	0.000750375
39.231336	0.001250625
39.2435576	0.001375688
39.2557792	0.000750375
39.2680008	0.00050025
39.2802224	0.0010005
39.292444	0.00050025
39.3046656	0.00050025
39.3168872	0.000625313
39.3291088	0.000750375
39.3413304	0.001125563
39.353552	0.000750375
39.3657736	0.000750375
39.3779952	0.000250125
39.3902168	0.000750375
39.4024384	0.0010005
39.41466	0.000875438
39.4268816	0.000875438
39.4391032	0.00050025
39.4513248	0.001625813
39.4635464	0.000875438
39.475768	0.0010005
39.4879896	0.000875438
39.5002112	0.001125563
39.5124328	0.00050025
39.5246544	0.000875438
39.536876	0.000750375
39.5490976	0.0010005
39.5613192	0.000875438
39.5735408	0.000250125
39.5857624	0.000625313
39.597984	0.000750375
39.6102056	0.000625313
39.6224272	0.00050025
39.6346488	0.0010005
39.6468704	0.000875438
39.659092	0.000625313
39.6713136	0.000625313
39.6835352	0.000750375
39.6957568	0.000250125
39.7079784	0.000625313
39.7202	0.000750375
39.7324216	0.000750375
39.7446432	0.000375188
39.7568648	0.000875438
39.7690864	0.0010005
39.781308	0.000625313
39.7935296	0.001125563
39.8057512	0.001250625
39.8179728	0.000875438
39.8301944	0.001375688
39.842416	0
39.8546376	0.00050025
39.8668592	0.00050025
39.8790808	0.000875438
39.8913024	0.000750375
39.903524	0.000375188
39.9157456	0.000625313
39.9279672	0.00050025
39.9401888	0.000625313
39.9524104	0.00050025
39.964632	0.001125563
39.9768536	0.001125563
39.9890752	0.00050025
40.0012968	0.000625313
40.0135184	0.00050025
40.02574	0.0010005
40.0379616	0.001125563
40.0501832	0.00050025
40.0624048	0.0010005
40.0746264	0.000375188
40.086848	0.000625313
40.0990696	0.00050025
40.1112912	0.000750375
40.1235128	0.001125563
40.1357344	0.00050025
40.147956	0.000750375
40.1601776	0.001750875
40.1723992	0.000625313
40.1846208	0.0010005
40.1968424	0.000750375
40.209064	0.00050025
40.2212856	0.000375188
40.2335072	0.000750375
40.2457288	0.00050025
40.2579504	0.000750375
40.270172	0.00150075
40.2823936	0.00150075
40.2946152	0.000625313
40.3068368	0.000625313
40.3190584	0.000625313
40.33128	0.000250125
40.3435016	0.000875438
40.3557232	0.000750375
40.3679448	0.001125563
40.3801664	0.0010005
40.392388	0.000625313
40.4046096	0.001250625
40.4168312	0.00050025
40.4290528	0.000625313
40.4412744	0.000875438
40.453496	0.000625313
40.4657176	0
40.4779392	0.000625313
40.4901608	0.001250625
40.5023824	0.000875438
40.514604	0.000125063
40.5268256	0.000250125
40.5390472	0.000750375
40.5512688	0.000750375
40.5634904	0.00050025
40.575712	0.00050025
40.5879336	0.000875438
40.6001552	0.000750375
40.6123768	0.001125563
40.6245984	0.0010005
40.63682	0.000625313
40.6490416	0.000125063
40.6612632	0.000875438
40.6734848	0.001375688
40.6857064	0.000625313
40.697928	0.000875438
40.7101496	0.000375188
40.7223712	0.00050025
40.7345928	0.001375688
40.7468144	0.0010005
40.759036	0.00050025
40.7712576	0.000375188
40.7834792	0.000250125
40.7957008	0.000250125
40.8079224	0.000625313
40.820144	0.000625313
40.8323656	0.000750375
40.8445872	0.000750375
40.8568088	0.001125563
40.8690304	0.00050025
40.881252	0.0010005
40.8934736	0.000875438
40.9056952	0.0010005
40.9179168	0.000750375
40.9301384	0.000875438
40.94236	0.000625313
40.9545816	0.000625313
40.9668032	0.001125563
40.9790248	0.000875438
40.9912464	0.000375188
41.003468	0.00050025
41.0156896	0.000875438
41.0279112	0.000875438
41.0401328	0.000875438
41.0523544	0.000375188
41.064576	0.000250125
41.0767976	0.000250125
41.0890192	0.000625313
41.1012408	0.000375188
41.1134624	0.00050025
41.125684	0.000125063
41.1379056	0.000750375
41.1501272	0.000250125
41.1623488	0.000750375
41.1745704	0.000875438
41.186792	0.000750375
41.1990136	0.0010005
41.2112352	0.0010005
41.2234568	0.000750375
41.2356784	0.000625313
41.2479	0.000250125
41.2601216	0.0010005
41.2723432	0.000625313
41.2845648	0.000250125
41.2967864	0.000625313
41.309008	0.00050025
41.3212296	0.000750375
41.3334512	0.000375188
41.3456728	0.000375188
41.3578944	0.000875438
41.370116	0.000750375
41.3823376	0.000875438
41.3945592	0.000375188
41.4067808	0.000750375
41.4190024	0.000375188
41.431224	0.000625313
41.4434456	0.000250125
41.4556672	0.000375188
41.4678888	0.000625313
41.4801104	0.000625313
41.492332	0.000625313
41.5045536	0.000625313
41.5167752	0.000250125
41.5289968	0.000625313
41.5412184	0.0010005
41.55344	0.000875438
41.5656616	0.000750375
41.5778832	0.0010005
41.5901048	0.000250125
41.6023264	0.000750375
41.614548	0.001250625
41.6267696	0.0010005
41.6389912	0.0010005
41.6512128	0.00050025
41.6634344	0.001750875
41.675656	0.0010005
41.6878776	0.000875438
41.7000992	0.001375688
41.7123208	0.000875438
41.7245424	0.000125063
41.736764	0.00050025
41.7489856	0.000750375
41.7612072	0.000625313
41.7734288	0.000625313
41.7856504	0.000875438
41.797872	0.001250625
41.8100936	0.00050025
41.8223152	0.001125563
41.8345368	0.000875438
41.8467584	0.000625313
41.85898	0.000375188
41.8712016	0.000875438
41.8834232	0.000625313
41.8956448	0.000625313
41.9078664	0.000875438
41.920088	0.001125563
41.9323096	0.00050025
41.9445312	0.00050025
41.9567528	0.000250125
41.9689744	0.000625313
41.981196	0.000875438
41.9934176	0.001250625
42.0056392	0.0010005
42.0178608	0.000625313
42.0300824	0.00050025
42.042304	0.001375688
42.0545256	0.00050025
42.0667472	0.00050025
42.0789688	0.000750375
42.0911904	0.000625313
42.103412	0.0010005
42.1156336	0.000375188
42.1278552	0.000625313
42.1400768	0.000750375
42.1522984	0.0010005
42.16452	0.00050025
42.1767416	0.000250125
42.1889632	0.00050025
42.2011848	0.000375188
42.2134064	0.00050025
42.225628	0.001250625
42.2378496	0.000375188
42.2500712	0.000375188
42.2622928	0.000250125
42.2745144	0.0010005
42.286736	0.001125563
42.2989576	0.00050025
42.3111792	0.0010005
42.3234008	0.00050025
42.3356224	0.000875438
42.347844	0.000750375
42.3600656	0.000625313
42.3722872	0.000875438
42.3845088	0.000750375
42.3967304	0.000750375
42.408952	0.00050025
42.4211736	0.000625313
42.4333952	0.000625313
42.4456168	0.000375188
42.4578384	0.000750375
42.47006	0.001250625
42.4822816	0.000875438
42.4945032	0.00050025
42.5067248	0.000875438
42.5189464	0.000125063
42.531168	0.000375188
42.5433896	0.000750375
42.5556112	0.000875438
42.5678328	0.0010005
42.5800544	0.000875438
42.592276	0.000375188
42.6044976	0.000625313
42.6167192	0.0010005
42.6289408	0.000875438
42.6411624	0.000750375
42.653384	0.00050025
42.6656056	0.000375188
42.6778272	0.000250125
42.6900488	0.000625313
42.7022704	0.001250625
42.714492	0.000750375
42.7267136	0.000250125
42.7389352	0.000375188
42.7511568	0.00050025
42.7633784	0.00050025
42.7756	0.000875438
42.7878216	0.0010005
42.8000432	0.000625313
42.8122648	0.001250625
42.8244864	0.000375188
42.836708	0.00050025
42.8489296	0.00050025
42.8611512	0.000875438
42.8733728	0.000750375
42.8855944	0.000250125
42.897816	0.0010005
42.9100376	0.0010005
42.9222592	0.000750375
42.9344808	0.000625313
42.9467024	0.000875438
42.958924	0.000750375
42.9711456	0.00050025
42.9833672	0.0010005
42.9955888	0.00050025
43.0078104	0.0010005
43.020032	0.001250625
43.0322536	0.0010005
43.0444752	0.000875438
43.0566968	0.000625313
43.0689184	0.00050025
43.08114	0.000625313
43.0933616	0.001125563
43.1055832	0.001625813
43.1178048	0.00050025
43.1300264	0.000750375
43.142248	0.000750375
43.1544696	0.000625313
43.1666912	0.001250625
43.1789128	0.000625313
43.1911344	0.000250125
43.203356	0.001125563
43.2155776	0.000875438
43.2277992	0.000375188
43.2400208	0.000375188
43.2522424	0.000875438
43.264464	0.000750375
43.2766856	0.00050025
43.2889072	0.001125563
43.3011288	0.0010005
43.3133504	0.000750375
43.325572	0.0010005
43.3377936	0.000875438
43.3500152	0.000750375
43.3622368	0.000625313
43.3744584	0.00050025
43.38668	0.00050025
43.3989016	0.00050025
43.4111232	0.00050025
43.4233448	0.000375188
43.4355664	0.000750375
43.447788	0.00050025
43.4600096	0.0010005
43.4722312	0.001250625
43.4844528	0.00050025
43.4966744	0.00050025
43.508896	0.000625313
43.5211176	0.0010005
43.5333392	0.001125563
43.5455608	0.000625313
43.5577824	0.000750375
43.570004	0.000875438
43.5822256	0.0010005
43.5944472	0.000625313
43.6066688	0.001125563
43.6188904	0.000750375
43.631112	0.000625313
43.6433336	0.00050025
43.6555552	0.000750375
43.6677768	0.000625313
43.6799984	0.0010005
43.69222	0.000750375
43.7044416	0.000750375
43.7166632	0.000625313
43.7288848	0.000250125
43.7411064	0.001125563
43.753328	0.001625813
43.7655496	0.000875438
43.7777712	0.000375188
43.7899928	0.00050025
43.8022144	0.000375188
43.814436	0.000875438
43.8266576	0.00050025
43.8388792	0.000375188
43.8511008	0.000250125
43.8633224	0.000625313
43.875544	0.000750375
43.8877656	0.000625313
43.8999872	0.0010005
43.9122088	0.0010005
43.9244304	0.000875438
43.936652	0.000375188
43.9488736	0.000125063
43.9610952	0.000375188
43.9733168	0.0010005
43.9855384	0.000750375
43.99776	0.000750375
44.0099816	0.000625313
44.0222032	0.001125563
44.0344248	0.0010005
44.0466464	0.000875438
44.058868	0.000875438
44.0710896	0.000375188
44.0833112	0.001125563
44.0955328	0.000750375
44.1077544	0.000875438
44.119976	0.000875438
44.1321976	0.00050025
44.1444192	0.000625313
44.1566408	0.000125063
44.1688624	0.000375188
44.181084	0.000875438
44.1933056	0.000750375
44.2055272	0.000375188
44.2177488	0.0010005
44.2299704	0.000875438
44.242192	0.00050025
44.2544136	0.000625313
44.2666352	0.000750375
44.2788568	0.001250625
44.2910784	0.000625313
44.3033	0.000375188
44.3155216	0.001125563
44.3277432	0.001125563
44.3399648	0.000625313
44.3521864	0.000875438
44.364408	0.00050025
44.3766296	0.000125063
44.3888512	0.000625313
44.4010728	0.000625313
44.4132944	0.000625313
44.425516	0.000875438
44.4377376	0.0010005
44.4499592	0.000375188
44.4621808	0.00050025
44.4744024	0.000625313
44.486624	0.00050025
44.4988456	0.0010005
44.5110672	0.000750375
44.5232888	0.000875438
44.5355104	0.000375188
44.547732	0.000875438
44.5599536	0.001125563
44.5721752	0.001250625
44.5843968	0.000625313
44.5966184	0.000625313
44.60884	0.000750375
44.6210616	0.001250625
44.6332832	0.000625313
44.6455048	0.000125063
44.6577264	0.000750375
44.669948	0.000375188
44.6821696	0.001125563
44.6943912	0.00050025
44.7066128	0.000625313
44.7188344	0.00050025
44.731056	0.001250625
44.7432776	0.000375188
44.7554992	0.000375188
44.7677208	0.000625313
44.7799424	0.001250625
44.792164	0.001125563
44.8043856	0.00050025
44.8166072	0.000375188
44.8288288	0.000750375
44.8410504	0.000250125
44.853272	0.0010005
44.8654936	0.00150075
44.8777152	0.000875438
44.8899368	0.000875438
44.9021584	0.000625313
44.91438	0.000250125
44.9266016	0.0010005
44.9388232	0.000750375
44.9510448	0.00050025
44.9632664	0.001375688
44.975488	0.000875438
44.9877096	0.00050025
44.9999312	0.00050025
45.0121528	0.000750375
45.0243744	0.000750375
45.036596	0.000375188
45.0488176	0.000625313
45.0610392	0.00050025
45.0732608	0.000625313
45.0854824	0.000625313
45.097704	0.000875438
45.1099256	0.00050025
45.1221472	0.001375688
45.1343688	0.000625313
45.1465904	0.000750375
45.158812	0.000750375
45.1710336	0.001250625
45.1832552	0.00050025
45.1954768	0.000750375
45.2076984	0.0010005
45.21992	0.001250625
45.2321416	0.00150075
45.2443632	0.000875438
45.2565848	0.00050025
45.2688064	0.000750375
45.281028	0.001125563
45.2932496	0.0010005
45.3054712	0.0010005
45.3176928	0.0010005
45.3299144	0.00050025
45.342136	0.00050025
45.3543576	0.0010005
45.3665792	0.00050025
45.3788008	0.000750375
45.3910224	0.000875438
45.403244	0.000625313
45.4154656	0.000125063
45.4276872	0.000625313
45.4399088	0.000625313
45.4521304	0.000375188
45.464352	0.001125563
45.4765736	0.001250625
45.4887952	0.000625313
45.5010168	0.0010005
45.5132384	0.00150075
45.52546	0.000875438
45.5376816	0.000750375
45.5499032	0.000750375
45.5621248	0.000250125
45.5743464	0.000750375
45.586568	0.000750375
45.5987896	0.000625313
45.6110112	0.000750375
45.6232328	0.000250125
45.6354544	0.000750375
45.647676	0.000625313
45.6598976	0.0010005
45.6721192	0.000875438
45.6843408	0.000625313
45.6965624	0.00050025
45.708784	0.000750375
45.7210056	0.00050025
45.7332272	0.000625313
45.7454488	0.000375188
45.7576704	0.000625313
45.769892	0.00050025
45.7821136	0.000625313
45.7943352	0.00050025
45.8065568	0.000625313
45.8187784	0.00050025
45.831	0.00050025
45.8432216	0.000750375
45.8554432	0.000375188
45.8676648	0.000625313
45.8798864	0.00050025
45.892108	0.000125063
45.9043296	0.000375188
45.9165512	0.00050025
45.9287728	0.001125563
45.9409944	0.000625313
45.953216	0.000875438
45.9654376	0.000375188
45.9776592	0.000375188
45.9898808	0.000375188
46.0021024	0.000625313
46.014324	0.000750375
46.0265456	0.000375188
46.0387672	0.000250125
46.0509888	0.000750375
46.0632104	0.000750375
46.075432	0.00050025
46.0876536	0.000875438
46.0998752	0.000750375
46.1120968	0.000875438
46.1243184	0.000750375
46.13654	0.00050025
46.1487616	0.000750375
46.1609832	0.000750375
46.1732048	0.000625313
46.1854264	0.000625313
46.197648	0.00050025
46.2098696	0.000625313
46.2220912	0.000125063
46.2343128	0.000750375
46.2465344	0.00050025
46.258756	0.00050025
46.2709776	0.000250125
46.2831992	0.000375188
46.2954208	0.0010005
46.3076424	0.000625313
46.319864	0.00050025
46.3320856	0.000625313
46.3443072	0.000750375
46.3565288	0.000875438
46.3687504	0.00050025
46.380972	0.000375188
46.3931936	0.000375188
46.4054152	0.000625313
46.4176368	0.001125563
46.4298584	0.00050025
46.44208	0.000875438
46.4543016	0.000750375
46.4665232	0.000750375
46.4787448	0.000625313
46.4909664	0.000750375
46.503188	0.00050025
46.5154096	0.000750375
46.5276312	0.000875438
46.5398528	0.000625313
46.5520744	0.000625313
46.564296	0.000625313
46.5765176	0.00050025
46.5887392	0.000750375
46.6009608	0.000625313
46.6131824	0.001125563
46.625404	0.000750375
46.6376256	0.001125563
46.6498472	0.0010005
46.6620688	0.000750375
46.6742904	0.0010005
46.686512	0.001125563
46.6987336	0.000125063
46.7109552	0.0010005
46.7231768	0.000375188
46.7353984	0.000750375
46.74762	0.000625313
46.7598416	0.0010005
46.7720632	0.001125563
46.7842848	0.001375688
46.7965064	0.0010005
46.808728	0.000875438
46.8209496	0.000750375
46.8331712	0.000875438
46.8453928	0.000375188
46.8576144	0.000750375
46.869836	0.000375188
46.8820576	0.000375188
46.8942792	0.001125563
46.9065008	0.001125563
46.9187224	0.0010005
46.930944	0.000375188
46.9431656	0.000250125
46.9553872	0.000750375
46.9676088	0.000750375
46.9798304	0.000625313
46.992052	0.001125563
47.0042736	0.000375188
47.0164952	0.0010005
47.0287168	0.000625313
47.0409384	0.000250125
47.05316	0.001125563
47.0653816	0.001250625
47.0776032	0.000875438
47.0898248	0.000625313
47.1020464	0.000625313
47.114268	0.000875438
47.1264896	0.000875438
47.1387112	0.000750375
47.1509328	0.0010005
47.1631544	0.001625813
47.175376	0.000625313
47.1875976	0.000875438
47.1998192	0.00050025
47.2120408	0.0010005
47.2242624	0.000750375
47.236484	0.000375188
47.2487056	0.0010005
47.2609272	0.000625313
47.2731488	0.00050025
47.2853704	0.00050025
47.297592	0.001125563
47.3098136	0.001250625
47.3220352	0.000875438
47.3342568	0.000625313
47.3464784	0.000875438
47.3587	0.000875438
47.3709216	0.000750375
47.3831432	0.000875438
47.3953648	0.001250625
47.4075864	0.000750375
47.419808	0.000875438
47.4320296	0.0010005
47.4442512	0.001125563
47.4564728	0.00050025
47.4686944	0.001375688
47.480916	0.001625813
47.4931376	0.00150075
47.5053592	0.000750375
47.5175808	0.001375688
47.5298024	0.001375688
47.542024	0.0010005
47.5542456	0.001375688
47.5664672	0.000625313
47.5786888	0.001625813
47.5909104	0.001250625
47.603132	0.001125563
47.6153536	0.00150075
47.6275752	0.00150075
47.6397968	0.001125563
47.6520184	0.001250625
47.66424	0.001750875
47.6764616	0.001750875
47.6886832	0.001375688
47.7009048	0.00150075
47.7131264	0.001375688
47.725348	0.001625813
47.7375696	0.00150075
47.7497912	0.00150075
47.7620128	0.001875938
47.7742344	0.00150075
47.786456	0.002126063
47.7986776	0.003251626
47.8108992	0.003501751
47.8231208	0.002626313
47.8353424	0.002751376
47.847564	0.003376688
47.8597856	0.003501751
47.8720072	0.004002001
47.8842288	0.003626813
47.8964504	0.003876938
47.908672	0.002876438
47.9208936	0.000375188
47.9331152	0
47.9453368	0
47.9575584	0
47.96978	0
47.9820016	0
47.9942232	0
48.0064448	0
48.0186664	0
48.030888	0
48.0431096	0.000125063
48.0553312	0.000125063
48.0675528	0
48.0797744	0
48.091996	0
48.1042176	0
48.1164392	0
48.1286608	0
48.1408824	0
48.153104	0
48.1653256	0
48.1775472	0
48.1897688	0
48.2019904	0
48.214212	0
48.2264336	0
48.2386552	0
48.2508768	0.000125063
48.2630984	0.000250125
48.27532	0.000125063
48.2875416	0
48.2997632	0
48.3119848	0
48.3242064	0
48.336428	0
48.3486496	0
48.3608712	0
48.3730928	0
48.3853144	0
48.397536	0
48.4097576	0.000125063
48.4219792	0.000125063
48.4342008	0
48.4464224	0
48.458644	0
48.4708656	0
48.4830872	0
48.4953088	0
48.5075304	0
48.519752	0
48.5319736	0
48.5441952	0
48.5564168	0
48.5686384	0
48.58086	0
48.5930816	0
48.6053032	0
48.6175248	0
48.6297464	0
48.641968	0.000125063
48.6541896	0.000125063
48.6664112	0
48.6786328	0
48.6908544	0
48.703076	0
48.7152976	0
48.7275192	0
48.7397408	0
48.7519624	0.000125063
48.764184	0.000125063
48.7764056	0
48.7886272	0
48.8008488	0
48.8130704	0
48.825292	0
48.8375136	0
48.8497352	0
48.8619568	0
48.8741784	0
48.8864	0
48.8986216	0
48.9108432	0.000125063
48.9230648	0.000125063
48.9352864	0
48.947508	0
48.9597296	0
48.9719512	0
48.9841728	0
48.9963944	0
49.008616	0
49.0208376	0
49.0330592	0.000125063
49.0452808	0.000125063
49.0575024	0
49.069724	0
49.0819456	0
49.0941672	0
49.1063888	0
49.1186104	0
49.130832	0
49.1430536	0
49.1552752	0
49.1674968	0
49.1797184	0
49.19194	0
49.2041616	0
49.2163832	0
49.2286048	0
49.2408264	0
49.253048	0
49.2652696	0
49.2774912	0
49.2897128	0
49.3019344	0
49.314156	0
49.3263776	0
49.3385992	0
49.3508208	0
49.3630424	0
49.375264	0
49.3874856	0
49.3997072	0
49.4119288	0
49.4241504	0
49.436372	0
49.4485936	0
49.4608152	0.000125063
49.4730368	0.000125063
49.4852584	0
49.49748	0
49.5097016	0
49.5219232	0
49.5341448	0
49.5463664	0
49.558588	0
49.5708096	0.000250125
49.5830312	0.000250125
49.5952528	0
49.6074744	0
49.619696	0.000250125
49.6319176	0.000375188
49.6441392	0.000125063
49.6563608	0
49.6685824	0
49.680804	0
49.6930256	0
49.7052472	0
49.7174688	0
49.7296904	0
49.741912	0
49.7541336	0
49.7663552	0
49.7785768	0
49.7907984	0
49.80302	0
49.8152416	0
49.8274632	0
49.8396848	0
49.8519064	0
49.864128	0
49.8763496	0
49.8885712	0
49.9007928	0
49.9130144	0
49.925236	0
49.9374576	0
49.9496792	0
49.9619008	0
49.9741224	0.000125063
49.986344	0.000250125
49.9985656	0.000125063
50.0107872	0
50.0230088	0
50.0352304	0
50.047452	0