#time	counts
0	0
0.0122216	0
0.0244432	0
0.0366648	0
0.0488864	0
0.061108	0
0.0733296	0
0.0855512	0
0.0977728	0
0.1099944	0
0.122216	0
0.1344376	0
0.1466592	0
0.1588808	0
0.1711024	0
0.183324	0
0.1955456	0
0.2077672	0
0.2199888	0
0.2322104	0
0.244432	0
0.2566536	0
0.2688752	0
0.2810968	0
0.2933184	0
0.30554	0
0.3177616	0
0.3299832	0
0.3422048	0
0.3544264	0
0.366648	0
0.3788696	0
0.3910912	0
0.4033128	0
0.4155344	0
0.427756	0
0.4399776	0
0.4521992	0
0.4644208	6.09E-05
0.4766424	6.09E-05
0.488864	0.000121773
0.5010856	6.09E-05
0.5133072	0.000243546
0.5255288	0.000487092
0.5377504	6.09E-05
0.549972	0.000243546
0.5621936	0.00018266
0.5744152	0.000365319
0.5866368	0.00018266
0.5988584	0.000365319
0.61108	0.000426206
0.6233016	0.000304433
0.6355232	0.00018266
0.6477448	0.000304433
0.6599664	0.000426206
0.672188	0.000304433
0.6844096	0.000243546
0.6966312	0.000608865
0.7088528	0.000243546
0.7210744	6.09E-05
0.733296	0.000365319
0.7455176	0.000426206
0.7577392	0.000243546
0.7699608	0.000243546
0.7821824	0.000487092
0.794404	0.000243546
0.8066256	0.000304433
0.8188472	0.000426206
0.8310688	0.00018266
0.8432904	0.000487092
0.855512	0.000304433
0.8677336	0.00018266
0.8799552	0.000365319
0.8921768	0.000243546
0.9043984	0.000243546
0.91662	0.000487092
0.9288416	0.000426206
0.9410632	0.000426206
0.9532848	0.000547979
0.9655064	0.000243546
0.977728	0.000304433
0.9899496	0.000121773
1.0021712	0.000547979
1.0143928	0.000547979
1.0266144	0.000243546
1.038836	0.000243546
1.0510576	0.000243546
1.0632792	0.00018266
1.0755008	0.000365319
1.0877224	0.000365319
1.099944	0.000608865
1.1121656	0.000608865
1.1243872	0.000243546
1.1366088	0.000426206
1.1488304	0.000365319
1.161052	0.000304433
1.1732736	0.000487092
1.1854952	0.000974184
1.1977168	0.000243546
1.2099384	0.000365319
1.22216	0.000365319
1.2343816	0.000426206
1.2466032	0.000365319
1.2588248	0.000365319
1.2710464	0.000426206
1.283268	0.000487092
1.2954896	0.000365319
1.3077112	0.000487092
1.3199328	0.000487092
1.3321544	0.000608865
1.344376	0.000669752
1.3565976	0.00018266
1.3688192	0.000547979
1.3810408	0.000243546
1.3932624	0.000243546
1.405484	0.000365319
1.4177056	0.000426206
1.4299272	0.000304433
1.4421488	0.000304433
1.4543704	0.000304433
1.466592	0.000547979
1.4788136	0.000365319
1.4910352	0.000304433
1.5032568	0.000669752
1.5154784	0.000487092
1.5277	0.000365319
1.5399216	0.000426206
1.5521432	0.000304433
1.5643648	0.000487092
1.5765864	0.000304433
1.588808	0.000365319
1.6010296	0.000243546
1.6132512	0.000304433
1.6254728	0.000487092
1.6376944	0.000365319
1.649916	0.000304433
1.6621376	0.000426206
1.6743592	0.000547979
1.6865808	0.000365319
1.6988024	0.000365319
1.711024	0.000365319
1.7232456	0.000547979
1.7354672	0.000547979
1.7476888	0.000426206
1.7599104	0.000304433
1.772132	0.00018266
1.7843536	0.000487092
1.7965752	0.000243546
1.8087968	0.000121773
1.8210184	0.000487092
1.83324	0.000791525
1.8454616	0.000426206
1.8576832	0.000852411
1.8699048	0.000608865
1.8821264	0.000365319
1.894348	0.000365319
1.9065696	0.000365319
1.9187912	0.000304433
1.9310128	0.000487092
1.9432344	0.000852411
1.955456	0.000365319
1.9676776	0.000365319
1.9798992	0.000487092
1.9921208	0.000365319
2.0043424	0.00018266
2.016564	0.000487092
2.0287856	0.000304433
2.0410072	0.000608865
2.0532288	0.000730638
2.0654504	0.000426206
2.077672	0.000547979
2.0898936	0.000730638
2.1021152	0.000487092
2.1143368	0.000913298
2.1265584	0.000730638
2.13878	0.000487092
2.1510016	0.000547979
2.1632232	0.000487092
2.1754448	0.000547979
2.1876664	0.000426206
2.199888	0.000730638
2.2121096	0.000852411
2.2243312	0.000487092
2.2365528	0.000791525
2.2487744	0.000547979
2.260996	0.000365319
2.2732176	0.000487092
2.2854392	0.000487092
2.2976608	0.000547979
2.3098824	0.000974184
2.322104	0.000730638
2.3343256	0.000426206
2.3465472	0.000608865
2.3587688	0.000487092
2.3709904	0.000547979
2.383212	0.000547979
2.3954336	0.000974184
2.4076552	0.000547979
2.4198768	0.000791525
2.4320984	0.000487092
2.44432	0.000608865
2.4565416	0.000304433
2.4687632	0.000608865
2.4809848	0.000304433
2.4932064	0.000547979
2.505428	0.000730638
2.5176496	0.000426206
2.5298712	0.000487092
2.5420928	0.001278617
2.5543144	0.000852411
2.566536	0.000426206
2.5787576	0.000365319
2.5909792	0.000426206
2.6032008	0.000487092
2.6154224	0.000913298
2.627644	0.000730638
2.6398656	0.000487092
2.6520872	0.000547979
2.6643088	0.000608865
2.6765304	0.000426206
2.688752	0.000791525
2.7009736	0.000669752
2.7131952	0.000304433
2.7254168	0.000791525
2.7376384	0.000487092
2.74986	0.000243546
2.7620816	0.000852411
2.7743032	0.000243546
2.7865248	0.000608865
2.7987464	0.000426206
2.810968	0.000608865
2.8231896	0.000669752
2.8354112	0.000608865
2.8476328	0.000852411
2.8598544	0.000426206
2.872076	0.000730638
2.8842976	0.000608865
2.8965192	0.000426206
2.9087408	0.000608865
2.9209624	0.000426206
2.933184	0.000608865
2.9454056	0.000669752
2.9576272	0.000791525
2.9698488	0.000243546
2.9820704	0.000730638
2.994292	0.000608865
3.0065136	0.000852411
3.0187352	0.000243546
3.0309568	0.000791525
3.0431784	0.000669752
3.0554	0.000243546
3.0676216	0.000730638
3.0798432	0.000426206
3.0920648	0.000608865
3.1042864	0.000547979
3.116508	0.000547979
3.1287296	0.000669752
3.1409512	0.000304433
3.1531728	0.000426206
3.1653944	0.00018266
3.177616	0.000791525
3.1898376	0.000426206
3.2020592	0.000730638
3.2142808	0.000791525
3.2265024	0.000547979
3.238724	0.000852411
3.2509456	0.000547979
3.2631672	0.000304433
3.2753888	0.000852411
3.2876104	0.000243546
3.299832	0.000487092
3.3120536	0.000487092
3.3242752	0.00018266
3.3364968	0.000365319
3.3487184	0.000487092
3.36094	0.000487092
3.3731616	0.000547979
3.3853832	0.000547979
3.3976048	0.000365319
3.4098264	0.000304433
3.422048	0.000426206
3.4342696	0.000365319
3.4464912	0.000426206
3.4587128	0.000547979
3.4709344	0.000304433
3.483156	0.000547979
3.4953776	0.000547979
3.5075992	0.000487092
3.5198208	0.000121773
3.5320424	0.000121773
3.544264	0.000547979
3.5564856	0.000304433
3.5687072	0.000547979
3.5809288	0.000487092
3.5931504	0.000304433
3.605372	0.000365319
3.6175936	0.000487092
3.6298152	0.000365319
3.6420368	0.000365319
3.6542584	0.000547979
3.66648	0.000547979
3.6787016	0.000608865
3.6909232	0.000487092
3.7031448	0.000487092
3.7153664	0.000304433
3.727588	0.000608865
3.7398096	0.000243546
3.7520312	0.000304433
3.7642528	0.000669752
3.7764744	0.000487092
3.788696	0.000547979
3.8009176	0.000547979
3.8131392	0.000547979
3.8253608	0.001035071
3.8375824	0.000608865
3.849804	0.000547979
3.8620256	0.00018266
3.8742472	0.000304433
3.8864688	0.000365319
3.8986904	0.000547979
3.910912	0.000365319
3.9231336	0.000426206
3.9353552	0.000487092
3.9475768	0.000487092
3.9597984	0.000365319
3.97202	0.000608865
3.9842416	0.000547979
3.9964632	0.000304433
4.0086848	0.000243546
4.0209064	0.000487092
4.033128	0.000365319
4.0453496	0.000547979
4.0575712	0.000730638
4.0697928	0.000487092
4.0820144	0.000426206
4.094236	0.000426206
4.1064576	0.000487092
4.1186792	0.000669752
4.1309008	0.000608865
4.1431224	0.000487092
4.155344	0.000487092
4.1675656	0.000365319
4.1797872	0.000243546
4.1920088	0.000669752
4.2042304	0.000487092
4.216452	0.000547979
4.2286736	0.000547979
4.2408952	0.000426206
4.2531168	0.000304433
4.2653384	0.000487092
4.27756	0.000365319
4.2897816	0.000304433
4.3020032	0.000426206
4.3142248	0.000608865
4.3264464	0.000426206
4.338668	0.000487092
4.3508896	0.000547979
4.3631112	0.00018266
4.3753328	0.000487092
4.3875544	0.000547979
4.399776	0.000852411
4.4119976	0.000304433
4.4242192	0.000608865
4.4364408	0.000487092
4.4486624	0.000243546
4.460884	0.000304433
4.4731056	0.000243546
4.4853272	0.000304433
4.4975488	0.000791525
4.5097704	0.000608865
4.521992	0.000426206
4.5342136	0.000487092
4.5464352	0.000487092
4.5586568	0.000669752
4.5708784	0.000304433
4.5831	0.00018266
4.5953216	0.00018266
4.6075432	0.000730638
4.6197648	0.000669752
4.6319864	0.000365319
4.644208	0.000243546
4.6564296	0.000426206
4.6686512	0.000243546
4.6808728	0.000608865
4.6930944	0.000426206
4.705316	0.000608865
4.7175376	0.000487092
4.7297592	0.000243546
4.7419808	0.000487092
4.7542024	0.000730638
4.766424	0.000487092
4.7786456	0.000669752
4.7908672	0.000547979
4.8030888	0.000487092
4.8153104	0.000669752
4.827532	0.000365319
4.8397536	0.000243546
4.8519752	0.000669752
4.8641968	0.000913298
4.8764184	0.000304433
4.88864	0.000243546
4.9008616	0.000365319
4.9130832	0.000426206
4.9253048	0.000547979
4.9375264	0.000608865
4.949748	0.000304433
4.9619696	0.000730638
4.9741912	0.000243546
4.9864128	0.000608865
4.9986344	0.000426206
5.010856	0.000426206
5.0230776	0.000365319
5.0352992	0.000426206
5.0475208	0.000669752
5.0597424	0.000365319
5.071964	0.000608865
5.0841856	0.000426206
5.0964072	0.000426206
5.1086288	0.000426206
5.1208504	0.000730638
5.133072	0.000608865
5.1452936	0.000730638
5.1575152	0.000487092
5.1697368	0.000426206
5.1819584	0.000304433
5.19418	0.000426206
5.2064016	0.000791525
5.2186232	0.000791525
5.2308448	0.000487092
5.2430664	0.000669752
5.255288	0.000365319
5.2675096	0.000426206
5.2797312	0.000426206
5.2919528	0.000608865
5.3041744	0.000547979
5.316396	0.000365319
5.3286176	0.000852411
5.3408392	0.000547979
5.3530608	0.000852411
5.3652824	0.000243546
5.377504	0.000426206
5.3897256	0.000608865
5.4019472	0.000608865
5.4141688	0.000608865
5.4263904	0.000487092
5.438612	0.000852411
5.4508336	0.000608865
5.4630552	0.000547979
5.4752768	0.000365319
5.4874984	0.000365319
5.49972	0.000365319
5.5119416	0.000913298
5.5241632	0.000365319
5.5363848	0.000426206
5.5486064	0.000852411
5.560828	0.000426206
5.5730496	0.000791525
5.5852712	0.000426206
5.5974928	0.000730638
5.6097144	0.000487092
5.621936	0.000365319
5.6341576	0.000547979
5.6463792	0.000487092
5.6586008	0.000304433
5.6708224	0.000487092
5.683044	0.000365319
5.6952656	0.000426206
5.7074872	0.00018266
5.7197088	0.000426206
5.7319304	0.000487092
5.744152	0.000669752
5.7563736	0.000487092
5.7685952	0.000852411
5.7808168	0.000791525
5.7930384	0.000791525
5.80526	0.000547979
5.8174816	0.000365319
5.8297032	0.001035071
5.8419248	0.000487092
5.8541464	0.000304433
5.866368	0.000365319
5.8785896	0.000426206
5.8908112	0.000426206
5.9030328	0.000426206
5.9152544	0.000608865
5.927476	0.000426206
5.9396976	0.000243546
5.9519192	0.000304433
5.9641408	0.000608865
5.9763624	0.000426206
5.988584	0.000852411
6.0008056	0.000608865
6.0130272	0.000547979
6.0252488	0.000365319
6.0374704	0.000669752
6.049692	0.000791525
6.0619136	0.000365319
6.0741352	0.000365319
6.0863568	0.000426206
6.0985784	0.000426206
6.1108	0.000791525
6.1230216	0.000487092
6.1352432	0.001035071
6.1474648	0.000730638
6.1596864	0.000487092
6.171908	0.000669752
6.1841296	0.000426206
6.1963512	0.000669752
6.2085728	0.000547979
6.2207944	0.000426206
6.233016	0.000426206
6.2452376	0.000426206
6.2574592	0.000608865
6.2696808	0.00018266
6.2819024	0.000304433
6.294124	0.000791525
6.3063456	0.000608865
6.3185672	0.000608865
6.3307888	0.000426206
6.3430104	0.000365319
6.355232	0.000365319
6.3674536	0.000304433
6.3796752	0.000669752
6.3918968	0.000426206
6.4041184	0.000487092
6.41634	0.000304433
6.4285616	0.000365319
6.4407832	0.000304433
6.4530048	0.000669752
6.4652264	0.000669752
6.477448	0.000365319
6.4896696	0.000791525
6.5018912	0.000974184
6.5141128	0.000426206
6.5263344	0.001035071
6.538556	0.000547979
6.5507776	0.000304433
6.5629992	0.000426206
6.5752208	0.000730638
6.5874424	0.000365319
6.599664	0.000304433
6.6118856	0.000791525
6.6241072	0.000487092
6.6363288	0.000243546
6.6485504	0.000913298
6.660772	0.000487092
6.6729936	0.000304433
6.6852152	0.000487092
6.6974368	0.000365319
6.7096584	0.000547979
6.72188	0.000487092
6.7341016	0.000304433
6.7463232	0.000426206
6.7585448	0.000730638
6.7707664	0.000487092
6.782988	0.000426206
6.7952096	0.000791525
6.8074312	0.000547979
6.8196528	0.000487092
6.8318744	0.000669752
6.844096	0.000608865
6.8563176	0.000547979
6.8685392	0.000547979
6.8807608	0.000669752
6.8929824	0.000547979
6.905204	0.000730638
6.9174256	0.000547979
6.9296472	0.000426206
6.9418688	0.000487092
6.9540904	0.000547979
6.966312	0.000426206
6.9785336	0.000547979
6.9907552	0.000608865
7.0029768	0.000487092
7.0151984	0.000487092
7.02742	0.000426206
7.0396416	0.000426206
7.0518632	0.000608865
7.0640848	0.000547979
7.0763064	0.000487092
7.088528	0.000365319
7.1007496	0.000426206
7.1129712	0.000608865
7.1251928	0.000608865
7.1374144	0.000243546
7.149636	0.000487092
7.1618576	0.001156844
7.1740792	0.000243546
7.1863008	0.000669752
7.1985224	0.000608865
7.210744	0.000304433
7.2229656	0.000304433
7.2351872	0.000547979
7.2474088	0.000547979
7.2596304	0.00018266
7.271852	0.000913298
7.2840736	0.001095957
7.2962952	0.000730638
7.3085168	0.000608865
7.3207384	0.000608865
7.33296	0.000608865
7.3451816	0.000730638
7.3574032	0.000608865
7.3696248	0.000365319
7.3818464	0.000243546
7.394068	0.001339503
7.4062896	0.000669752
7.4185112	0.00018266
7.4307328	0.000365319
7.4429544	0.000487092
7.455176	0.000487092
7.4673976	0.000365319
7.4796192	0.000608865
7.4918408	0.000426206
7.5040624	0.000730638
7.516284	0.000608865
7.5285056	0.000487092
7.5407272	0.000547979
7.5529488	0.000547979
7.5651704	0.000426206
7.577392	0.000547979
7.5896136	0.000365319
7.6018352	0.000547979
7.6140568	0.000304433
7.6262784	0.000365319
7.6385	0.000121773
7.6507216	0.000243546
7.6629432	0.000547979
7.6751648	0.000791525
7.6873864	0.000547979
7.699608	0.000243546
7.7118296	0.000487092
7.7240512	0.000608865
7.7362728	0.000487092
7.7484944	0.000730638
7.760716	0.000365319
7.7729376	0.000547979
7.7851592	0.000547979
7.7973808	0.000243546
7.8096024	0.000547979
7.821824	0.000547979
7.8340456	0.000426206
7.8462672	0.000487092
7.8584888	0.000304433
7.8707104	0.000426206
7.882932	0.000608865
7.8951536	0.000487092
7.9073752	0.000426206
7.9195968	0.000487092
7.9318184	0.000669752
7.94404	0.000304433
7.9562616	0.000608865
7.9684832	0.000547979
7.9807048	0.000304433
7.9929264	0.000487092
8.005148	0.000608865
8.0173696	0.000547979
8.0295912	0.000487092
8.0418128	0.000547979
8.0540344	0.000547979
8.066256	0.000365319
8.0784776	0.000608865
8.0906992	0.000974184
8.1029208	0.000365319
8.1151424	0.000669752
8.127364	0.000730638
8.1395856	0.000608865
8.1518072	0.000304433
8.1640288	0.000426206
8.1762504	0.000426206
8.188472	0.000426206
8.2006936	0.000426206
8.2129152	0.000608865
8.2251368	0.000852411
8.2373584	0.000426206
8.24958	0.000730638
8.2618016	0.000791525
8.2740232	0.000365319
8.2862448	0.000487092
8.2984664	0.000608865
8.310688	0.000426206
8.3229096	0.000669752
8.3351312	0.000487092
8.3473528	0.000487092
8.3595744	0.000304433
8.371796	0.000304433
8.3840176	0.000669752
8.3962392	0.000608865
8.4084608	0.000669752
8.4206824	0.000365319
8.432904	0.000426206
8.4451256	0.000791525
8.4573472	0.000547979
8.4695688	0.000426206
8.4817904	0.000547979
8.494012	0.000243546
8.5062336	0.000487092
8.5184552	0.000669752
8.5306768	0.000730638
8.5428984	0.000487092
8.55512	0.000608865
8.5673416	0.00018266
8.5795632	0.000608865
8.5917848	0.000426206
8.6040064	0.000669752
8.616228	0.000426206
8.6284496	0.000547979
8.6406712	0.000487092
8.6528928	0.000426206
8.6651144	0.000304433
8.677336	0.000608865
8.6895576	0.000243546
8.7017792	0.000365319
8.7140008	0.000243546
8.7262224	0.000304433
8.738444	0.000243546
8.7506656	0.000852411
8.7628872	0.000608865
8.7751088	0.000669752
8.7873304	0.000426206
8.799552	0.000365319
8.8117736	0.000547979
8.8239952	0.000913298
8.8362168	0.000487092
8.8484384	0.000365319
8.86066	0.000730638
8.8728816	0.000487092
8.8851032	0.000487092
8.8973248	0.000426206
8.9095464	0.000852411
8.921768	0.000608865
8.9339896	0.000608865
8.9462112	0.000487092
8.9584328	0.000487092
8.9706544	0.000365319
8.982876	0.000304433
8.9950976	0.000487092
9.0073192	0.000547979
9.0195408	0.000791525
9.0317624	0.000304433
9.043984	0.000426206
9.0562056	0.000547979
9.0684272	0.000730638
9.0806488	0.001461276
9.0928704	0.006941062
9.105092	0.017169995
9.1173136	0.03957623
9.1295352	0.083901607
9.1417568	0.154347297
9.1539784	0.254262056
9.1662	0.369581101
9.1784216	0.509376522
9.1906432	0.626826595
9.2028648	0.74251096
9.2150864	0.835849976
9.227308	0.874025816
9.2395296	0.921943497
9.2517512	0.927605943
9.2639728	0.951595226
9.2761944	0.964137847
9.288416	0.984778373
9.3006376	0.996042377
9.3128592	0.979481247
9.3250808	0.984230395
9.3373024	0.995859717
9.349524	1
9.3617456	0.99634681
9.3739672	0.996712129
9.3861888	0.971870434
9.3984104	0.986483195
9.410632	0.977898198
9.4228536	0.992267414
9.4350752	0.983317097
9.4472968	0.981673161
9.4595184	0.962067706
9.47174	0.975401851
9.4839616	0.977045787
9.4961832	0.966816853
9.5084048	0.967912811
9.5206264	0.963407209
9.532848	0.961032635
9.5450696	0.978628836
9.5572912	0.971261568
9.5695128	0.95780565
9.5817344	0.936495373
9.593956	0.964746712
9.6061776	0.955552849
9.6183992	0.966329761
9.6306208	0.951899659
9.6428424	0.968521676
9.655064	0.953482708
9.6672856	0.948794447
9.6795072	0.951412567
9.6917288	0.938991719
9.7039504	0.934851437
9.716172	0.941183634
9.7283936	0.932842182
9.7406152	0.931320019
9.7528368	0.917133463
9.7650584	0.907696055
9.77728	0.911166585
9.7895016	0.912018997
9.8017232	0.902094496
9.8139448	0.900876766
9.8261664	0.89156113
9.838388	0.888699464
9.8506096	0.885168047
9.8628312	0.875547979
9.8750528	0.885837798
9.8872744	0.883158792
9.899496	0.86227472
9.9117176	0.856125183
9.9239392	0.860509011
9.9361608	0.86105699
9.9483824	0.853507063
9.960604	0.838407209
9.9728256	0.856186069
9.9850472	0.847966391
9.9972688	0.842912811
10.0094904	0.836580614
10.021712	0.82635168
10.0339336	0.819775938
10.0461552	0.81764491
10.0583768	0.814052606
10.0705984	0.826290794
10.08282	0.81119094
10.0950416	0.796334632
10.1072632	0.795238675
10.1194848	0.797004384
10.1317064	0.792255236
10.143928	0.796151973
10.1561496	0.788784705
10.1683712	0.777459815
10.1805928	0.777520701
10.1928144	0.769727228
10.205036	0.76132489
10.2172576	0.75505358
10.2294792	0.766500244
10.2417008	0.760776912
10.2539224	0.75243546
10.266144	0.731794934
10.2783656	0.752252801
10.2905872	0.734108622
10.3028088	0.74111057
10.3150304	0.73727472
10.327252	0.730638091
10.3394736	0.720409157
10.3516952	0.722479299
10.3639168	0.724488553
10.3761384	0.720896249
10.38836	0.706892353
10.4005816	0.706709693
10.4128032	0.699829518
10.4250248	0.709875792
10.4372464	0.701777886
10.449468	0.695141257
10.4616896	0.690513882
10.4739112	0.685338529
10.4861328	0.684425231
10.4983544	0.683390161
10.510576	0.675840234
10.5227976	0.669142718
10.5350192	0.665611301
10.5472408	0.65045056
10.5594624	0.663480273
10.571684	0.654895275
10.5839056	0.670786654
10.5961272	0.659096444
10.6083488	0.654956162
10.6205704	0.652520701
10.632792	0.644240136
10.6450136	0.636994642
10.6572352	0.648867511
10.6694568	0.635898685
10.6816784	0.633584998
10.6939	0.631941062
10.7061216	0.618789576
10.7183432	0.61489284
10.7305648	0.618119825
10.7427864	0.613857769
10.755008	0.619520214
10.7672296	0.616597662
10.7794512	0.605881637
10.7916728	0.601802241
10.8038944	0.599671213
10.816116	0.593765222
10.8283376	0.586276181
10.8405592	0.589990258
10.8527808	0.590599123
10.8650024	0.595226498
10.877224	0.586093522
10.8894456	0.573794447
10.9016672	0.57635168
10.9138888	0.57269849
10.9261104	0.56642718
10.938332	0.568497321
10.9505536	0.567218704
10.9627752	0.559303458
10.9749968	0.568497321
10.9872184	0.557233317
10.99944	0.55735509
11.0116616	0.551875304
11.0238832	0.551753531
11.0361048	0.542377009
11.0483264	0.542437896
11.060548	0.543290307
11.0727696	0.545177789
11.0849912	0.53312226
11.0972128	0.531539211
11.1094344	0.53050414
11.121656	0.530991232
11.1338776	0.528860205
11.1460992	0.527581588
11.1583208	0.521127618
11.1705424	0.518935704
11.182764	0.515404286
11.1949856	0.507610813
11.2072072	0.51290794
11.2194288	0.497747199
11.2316504	0.50261812
11.243872	0.495798831
11.2560936	0.497320994
11.2683152	0.507854359
11.2805368	0.490440818
11.2927584	0.495798831
11.30498	0.491597662
11.3172016	0.489527521
11.3294232	0.485143692
11.3416448	0.476315149
11.3538664	0.482890891
11.366088	0.466207988
11.3783096	0.480333658
11.3905312	0.472235753
11.4027528	0.472844618
11.4149744	0.468765222
11.427196	0.466999513
11.4394176	0.461763273
11.4516392	0.464624939
11.4638608	0.460545543
11.4760824	0.460789089
11.488304	0.45153434
11.5005256	0.44788115
11.5127472	0.449707745
11.5249688	0.450073064
11.5371904	0.442096931
11.549412	0.445993668
11.5616336	0.449342426
11.5738552	0.434912323
11.5860768	0.430772041
11.5982984	0.433390161
11.61052	0.427910375
11.6227416	0.431989771
11.6349632	0.425474915
11.6471848	0.431928885
11.6594064	0.42468339
11.671628	0.417072577
11.6838496	0.421151973
11.6960712	0.413541159
11.7082928	0.417316123
11.7205144	0.409766196
11.732736	0.412566975
11.7449576	0.41841208
11.7571792	0.41195811
11.7694008	0.40672187
11.7816224	0.401181198
11.793844	0.40428641
11.8060656	0.404103751
11.8182872	0.399171943
11.8305088	0.394666342
11.8427304	0.398136873
11.854952	0.391804676
11.8671736	0.390221627
11.8793952	0.388821237
11.8916168	0.390282513
11.9038384	0.383341452
11.91606	0.384802728
11.9282816	0.379688261
11.9405032	0.366962981
11.9527248	0.375791525
11.9649464	0.378531417
11.977168	0.376095957
11.9893896	0.366415002
12.0016112	0.376461276
12.0138328	0.366902094
12.0260544	0.373051632
12.038276	0.360569898
12.0504976	0.3673283
12.0627192	0.366415002
12.0749408	0.364344861
12.0871624	0.366049683
12.099384	0.35703848
12.1116056	0.358743302
12.1238272	0.354176814
12.1360488	0.352106673
12.1482704	0.356794934
12.160492	0.346383341
12.1727136	0.346687774
12.1849352	0.344922065
12.1971568	0.345774476
12.2093784	0.349732099
12.2216	0.344678519
12.2338216	0.343156357
12.2460432	0.33158792
12.2582648	0.346626887
12.2704864	0.334875792
12.282708	0.332014126
12.2949296	0.333292742
12.3071512	0.324951291
12.3193728	0.336763273
12.3315944	0.323368242
12.343816	0.326838773
12.3560376	0.319410619
12.3682592	0.323368242
12.3804808	0.319167073
12.3927024	0.314174379
12.404924	0.31520945
12.4171456	0.316731612
12.4293672	0.315635655
12.4415888	0.3113736
12.4538104	0.313869946
12.466032	0.317584023
12.4782536	0.306259133
12.4904752	0.312347784
12.5026968	0.3113736
12.5149184	0.307903069
12.52714	0.299744277
12.5393616	0.29986605
12.5515832	0.297552362
12.5638048	0.300170482
12.5760264	0.291829031
12.588248	0.300962007
12.6004696	0.294934243
12.6126912	0.29481247
12.6249128	0.284766196
12.6371344	0.295969313
12.649356	0.290550414
12.6615776	0.292255236
12.6737992	0.289332684
12.6860208	0.293472966
12.6982424	0.283548466
12.710464	0.282574282
12.7226856	0.284948855
12.7349072	0.27441549
12.7471288	0.276424744
12.7593504	0.278738432
12.771572	0.274780809
12.7837936	0.27788602
12.7960152	0.264795421
12.8082368	0.265586946
12.8204584	0.272771554
12.83268	0.265038967
12.8449016	0.265526059
12.8571232	0.265404286
12.8693448	0.264734535
12.8815664	0.266987336
12.893788	0.263516805
12.9060096	0.26394301
12.9182312	0.257976132
12.9304528	0.261264004
12.9426744	0.246407696
12.954896	0.250852411
12.9671176	0.248660497
12.9793392	0.244398441
12.9915608	0.25
13.0037824	0.249025816
13.016004	0.252252801
13.0282256	0.254201169
13.0404472	0.250913298
13.0526688	0.239344861
13.0648904	0.249025816
13.077112	0.246529469
13.0893336	0.246833902
13.1015552	0.239040429
13.1137768	0.245068193
13.1259984	0.238553337
13.13822	0.235021919
13.1504416	0.241171456
13.1626632	0.235021919
13.1748848	0.234169508
13.1871064	0.232160253
13.199328	0.231490502
13.2115496	0.225340964
13.2237712	0.232769118
13.2359928	0.231612275
13.2482144	0.229968339
13.260436	0.227776425
13.2726576	0.226071603
13.2848792	0.227471992
13.2971008	0.224975645
13.3093224	0.227106673
13.321544	0.22454944
13.3337656	0.227471992
13.3459872	0.223088164
13.3582088	0.219617633
13.3704304	0.218826108
13.382652	0.215842669
13.3948736	0.213468095
13.4070952	0.21060643
13.4193168	0.213407209
13.4315384	0.214564053
13.44376	0.213894301
13.4559816	0.215355577
13.4682032	0.207866537
13.4804248	0.211580614
13.4926464	0.212554798
13.504868	0.204274233
13.5170896	0.209510472
13.5293112	0.203117389
13.5415328	0.209754019
13.5537544	0.204700438
13.565976	0.201656113
13.5781976	0.203421822
13.5904192	0.199464199
13.6026408	0.205613736
13.6148624	0.197942036
13.627084	0.193984413
13.6393056	0.195445689
13.6515272	0.200742815
13.6637488	0.198977107
13.6759704	0.200438383
13.688192	0.194471505
13.7004136	0.190392109
13.7126352	0.194167073
13.7248568	0.19246225
13.7370784	0.189965904
13.7493	0.191183634
13.7615216	0.188200195
13.7737432	0.191670726
13.7859648	0.187104238
13.7981864	0.1886264
13.810408	0.188869946
13.8226296	0.185460302
13.8348512	0.177423283
13.8470728	0.183999026
13.8592944	0.188869946
13.871516	0.184486118
13.8837376	0.177362396
13.8959592	0.178580127
13.9081808	0.188261081
13.9204024	0.172126157
13.932624	0.173526547
13.9448456	0.184425231
13.9570672	0.172552362
13.9692888	0.173100341
13.9815104	0.169386264
13.993732	0.170908427
14.0059536	0.178214808
14.0181752	0.169568924
14.0303968	0.171456405
14.0426184	0.166524598
14.05484	0.166707258
14.0670616	0.165002435
14.0792832	0.166159279
14.0915048	0.171091086
14.1037264	0.163845592
14.115948	0.164271797
14.1281696	0.163784705
14.1403912	0.160923039
14.1526128	0.164332684
14.1648344	0.160314174
14.177056	0.157026303
14.1892776	0.162627862
14.2014992	0.163602046
14.2137208	0.15288602
14.2259424	0.163541159
14.238164	0.158183147
14.2503856	0.153738432
14.2626072	0.15446907
14.2748288	0.157208962
14.2870504	0.160131515
14.299272	0.146432051
14.3114936	0.158061374
14.3237152	0.152459815
14.3359368	0.149719922
14.3481584	0.157330736
14.36038	0.151911836
14.3726016	0.152459815
14.3848232	0.152459815
14.3970448	0.144118363
14.4092664	0.149659036
14.421488	0.145701413
14.4337096	0.147101802
14.4459312	0.147101802
14.4581528	0.147406235
14.4703744	0.143874817
14.482596	0.146066732
14.4948176	0.144666342
14.5070392	0.133524111
14.5192608	0.143144179
14.5314824	0.139551875
14.543704	0.141134925
14.5559256	0.140038967
14.5681472	0.139612762
14.5803688	0.138577691
14.5925904	0.139551875
14.604812	0.134132976
14.6170336	0.136568436
14.6292552	0.136751096
14.6414768	0.130418899
14.6536984	0.134132976
14.66592	0.136081344
14.6781416	0.133645884
14.6903632	0.130114467
14.7025848	0.133706771
14.7148064	0.132732586
14.727028	0.130845105
14.7392496	0.138029713
14.7514712	0.129079396
14.7636928	0.125426206
14.7759144	0.13248904
14.788136	0.126826595
14.8003576	0.12761812
14.8125792	0.13023624
14.8248008	0.129262056
14.8370224	0.127496347
14.849244	0.129322942
14.8614656	0.128592304
14.8736872	0.121407696
14.8859088	0.12640039
14.8981304	0.120920604
14.910352	0.120068193
14.9225736	0.123538724
14.9347952	0.11471018
14.9470168	0.124573794
14.9592384	0.119337555
14.97146	0.118363371
14.9836816	0.118363371
14.9959032	0.120798831
15.0081248	0.114527521
15.0203464	0.118241598
15.032568	0.117571846
15.0447896	0.11349245
15.0570112	0.113614223
15.0692328	0.115867024
15.0814544	0.114527521
15.093676	0.115014613
15.1058976	0.116415002
15.1181192	0.112640039
15.1303408	0.113857769
15.1425624	0.114527521
15.154784	0.115197272
15.1670056	0.115684364
15.1792272	0.110996103
15.1914488	0.114162202
15.2036704	0.111726741
15.215892	0.113796883
15.2281136	0.109352168
15.2403352	0.10825621
15.2525568	0.107282026
15.2647784	0.104785679
15.277	0.114405748
15.2892216	0.107586459
15.3014432	0.110448125
15.3136648	0.107160253
15.3258864	0.103019971
15.338108	0.102959084
15.3503296	0.106673161
15.3625512	0.10338529
15.3747728	0.106429615
15.3869944	0.103324403
15.399216	0.101741354
15.4114376	0.10320263
15.4236592	0.101071603
15.4358808	0.102898198
15.4481024	0.098879688
15.460324	0.100401851
15.4725456	0.09674866
15.4847672	0.101924014
15.4969888	0.099671213
15.5092104	0.102898198
15.521432	0.099123234
15.5336536	0.101010716
15.5458752	0.096139795
15.5580968	0.098514369
15.5703184	0.099488553
15.58254	0.09571359
15.5947616	0.095470044
15.6069832	0.091451534
15.6192048	0.09553093
15.6314264	0.098636142
15.643648	0.090842669
15.6558696	0.095165611
15.6680912	0.092182172
15.6803128	0.093217243
15.6925344	0.092912811
15.704756	0.09047735
15.7169776	0.092243059
15.7291992	0.087128592
15.7414208	0.093521676
15.7536424	0.092182172
15.765864	0.086885046
15.7780856	0.08944228
15.7903072	0.083597175
15.8025288	0.091390648
15.8147504	0.090599123
15.826972	0.091999513
15.8391936	0.087189479
15.8514152	0.089990258
15.8636368	0.092243059
15.8758584	0.084571359
15.88808	0.084754019
15.9003016	0.084632245
15.9125232	0.090416464
15.9247448	0.082744764
15.9369664	0.08018753
15.949188	0.08280565
15.9614096	0.081161715
15.9736312	0.083840721
15.9858528	0.084936678
15.9980744	0.083353629
16.010296	0.080613736
16.0225176	0.083536288
16.0347392	0.083049196
16.0469608	0.080552849
16.0591824	0.08177058
16.071404	0.083962494
16.0836256	0.083292742
16.0958472	0.081039942
16.1080688	0.083353629
16.1202904	0.080674623
16.132512	0.075621042
16.1447336	0.077873843
16.1569552	0.079396006
16.1691768	0.079639552
16.1813984	0.075925475
16.19362	0.076717
16.2058416	0.077447638
16.2180632	0.075073064
16.2302848	0.075742815
16.2425064	0.078482708
16.254728	0.07653434
16.2669496	0.075864588
16.2791712	0.074342426
16.2913928	0.076595226
16.3036144	0.073733561
16.315836	0.076108134
16.3280576	0.073002923
16.3402792	0.0712981
16.3525008	0.075803702
16.3647224	0.071358987
16.376944	0.075681929
16.3891656	0.073063809
16.4013872	0.068314661
16.4136088	0.069897711
16.4258304	0.07269849
16.438052	0.071541646
16.4502736	0.069106186
16.4624952	0.071846079
16.4747168	0.07148076
16.4869384	0.072150511
16.49916	0.067218704
16.5113816	0.068375548
16.5236032	0.068314661
16.5358248	0.069167073
16.5480464	0.071541646
16.560268	0.065574769
16.5724896	0.065696542
16.5847112	0.064844131
16.5969328	0.067157818
16.6091544	0.066122747
16.621376	0.068679981
16.6335976	0.06764491
16.6458192	0.068497321
16.6580408	0.064661471
16.6702624	0.063687287
16.682484	0.063869946
16.6947056	0.067096931
16.7069272	0.064235265
16.7191488	0.062713103
16.7313704	0.062956649
16.743592	0.065148563
16.7558136	0.063261081
16.7680352	0.064417925
16.7802568	0.063869946
16.7924784	0.062469557
16.8047	0.063078422
16.8169216	0.059425231
16.8291432	0.060764735
16.8413648	0.06240867
16.8535864	0.061921578
16.865808	0.056624452
16.8780296	0.060825621
16.8902512	0.058146615
16.9024728	0.063017535
16.9146944	0.060460302
16.926916	0.056867998
16.9391376	0.05875548
16.9513592	0.059425231
16.9635808	0.058024842
16.9758024	0.05613736
16.988024	0.059120799
17.0002456	0.059303458
17.0124672	0.058694593
17.0246888	0.059729664
17.0369104	0.060582075
17.049132	0.05753775
17.0613536	0.059851437
17.0735752	0.053093035
17.0857968	0.056320019
17.0980184	0.057233317
17.11024	0.059242572
17.1224616	0.059851437
17.1346832	0.057598636
17.1469048	0.056320019
17.1591264	0.055893814
17.171348	0.053214808
17.1835696	0.055772041
17.1957912	0.053032148
17.2080128	0.054858743
17.2202344	0.052057964
17.232456	0.053397467
17.2446776	0.054006332
17.2568992	0.053823673
17.2691208	0.052545056
17.2813424	0.051144666
17.293564	0.049622504
17.3057856	0.052727716
17.3180072	0.051570872
17.3302288	0.054676084
17.3424504	0.048100341
17.354672	0.050170482
17.3668936	0.051875304
17.3791152	0.047978568
17.3913368	0.050414028
17.4035584	0.050231369
17.41578	0.049318071
17.4280016	0.047369703
17.4402232	0.053823673
17.4524448	0.050657574
17.4646664	0.048770093
17.476888	0.049926936
17.4891096	0.049074525
17.5013312	0.052666829
17.5135528	0.050414028
17.5257744	0.048770093
17.537996	0.048222114
17.5502176	0.048709206
17.5624392	0.049318071
17.5746608	0.049013639
17.5868824	0.04986605
17.599104	0.048283
17.6113256	0.046578178
17.6235472	0.04724793
17.6357688	0.046334632
17.6479904	0.045908427
17.660212	0.046517292
17.6724336	0.046578178
17.6846552	0.046578178
17.6968768	0.045543108
17.7090984	0.045969313
17.72132	0.04341208
17.7335416	0.044447151
17.7457632	0.04584754
17.7579848	0.04481247
17.7702064	0.041463712
17.782428	0.04706527
17.7946496	0.043777399
17.8068712	0.043533853
17.8190928	0.044447151
17.8313144	0.044142718
17.843536	0.044203604
17.8557576	0.043960058
17.8679792	0.043351193
17.8802008	0.043899172
17.8924224	0.042681442
17.904644	0.041768144
17.9168656	0.042559669
17.9290872	0.042072577
17.9413088	0.041950804
17.9535304	0.040185095
17.965752	0.04341208
17.9779736	0.041950804
17.9901952	0.041159279
18.0024168	0.04201169
18.0146384	0.041524598
18.02686	0.039332684
18.0390816	0.040367755
18.0513032	0.041950804
18.0635248	0.037871408
18.0757464	0.04079396
18.087968	0.040124208
18.1001896	0.036775451
18.1124112	0.039210911
18.1246328	0.038480273
18.1368544	0.03939357
18.149076	0.038784705
18.1612976	0.038236727
18.1735192	0.037506089
18.1857408	0.038602046
18.1979624	0.039819776
18.210184	0.036531905
18.2224056	0.035253288
18.2346272	0.037445202
18.2468488	0.038297613
18.2590704	0.036288358
18.271292	0.038845592
18.2835136	0.037262543
18.2957352	0.036775451
18.3079568	0.037749635
18.3201784	0.037079883
18.3324	0.037018997
18.3446216	0.035801266
18.3568432	0.035679493
18.3690648	0.037079883
18.3812864	0.031843643
18.393508	0.035679493
18.4057296	0.033609352
18.4179512	0.033913785
18.4301728	0.035131515
18.4423944	0.036775451
18.454616	0.036288358
18.4668376	0.034948855
18.4790592	0.035375061
18.4912808	0.034461763
18.5035024	0.034218217
18.515724	0.034644423
18.5279456	0.034096444
18.5401672	0.033670239
18.5523888	0.037627862
18.5646104	0.036410132
18.576832	0.032756941
18.5890536	0.035192401
18.6012752	0.032330736
18.6134968	0.035618607
18.6257184	0.035131515
18.63794	0.034400877
18.6501616	0.03330492
18.6623832	0.032696055
18.6746048	0.03433999
18.6868264	0.03433999
18.699048	0.034218217
18.7112696	0.031234778
18.7234912	0.03190453
18.7357128	0.033487579
18.7479344	0.031782757
18.760156	0.032574282
18.7723776	0.030747686
18.7845992	0.032026303
18.7968208	0.030930346
18.8090424	0.031295665
18.821264	0.032574282
18.8334856	0.030991232
18.8457072	0.033183147
18.8579288	0.02928641
18.8701504	0.031965416
18.882372	0.032087189
18.8945936	0.031356551
18.9068152	0.02928641
18.9190368	0.030017048
18.9312584	0.02946907
18.94348	0.029408183
18.9557016	0.030747686
18.9679232	0.028494886
18.9801448	0.030260594
18.9923664	0.030260594
19.004588	0.028738432
19.0168096	0.030321481
19.0290312	0.029529956
19.0412528	0.030382367
19.0534744	0.029834389
19.065696	0.027825134
19.0779176	0.028007793
19.0901392	0.024719922
19.1023608	0.026485631
19.1145824	0.029895275
19.126804	0.024476376
19.1390256	0.028555772
19.1512472	0.028799318
19.1634688	0.027094496
19.1756904	0.027277155
19.187912	0.026911836
19.2001336	0.026059425
19.2123552	0.028799318
19.2245768	0.026729177
19.2367984	0.028555772
19.24902	0.027703361
19.2612416	0.027703361
19.2734632	0.02563322
19.2856848	0.027216269
19.2979064	0.027094496
19.310128	0.024719922
19.3223496	0.027398928
19.3345712	0.027338042
19.3467928	0.025572333
19.3590144	0.025207014
19.371236	0.026972723
19.3834576	0.025754993
19.3956792	0.02545056
19.4079008	0.027338042
19.4201224	0.024719922
19.432344	0.025267901
19.4445656	0.025572333
19.4567872	0.026485631
19.4690088	0.025267901
19.4812304	0.026120312
19.493452	0.02545056
19.5056736	0.025207014
19.5178952	0.024719922
19.5301168	0.023989284
19.5423384	0.024902582
19.55456	0.025998539
19.5667816	0.025998539
19.5790032	0.025328787
19.5912248	0.023136873
19.6034464	0.024537263
19.615668	0.02563322
19.6278896	0.023989284
19.6401112	0.024111057
19.6523328	0.023684851
19.6645544	0.025694106
19.676776	0.023623965
19.6889976	0.023623965
19.7012192	0.025754993
19.7134408	0.0230151
19.7256624	0.02563322
19.737884	0.021432051
19.7501056	0.023258646
19.7623272	0.023258646
19.7745488	0.022040916
19.7867704	0.022588894
19.798992	0.025754993
19.8112136	0.02283244
19.8234352	0.022284462
19.8356568	0.023136873
19.8478784	0.024659036
19.8601	0.022771554
19.8723216	0.020214321
19.8845432	0.022893327
19.8967648	0.021432051
19.9089864	0.022528008
19.921208	0.023623965
19.9334296	0.023075986
19.9456512	0.024902582
19.9578728	0.022528008
19.9700944	0.020275207
19.982316	0.022588894
19.9945376	0.021188505
20.0067592	0.02179737
20.0189808	0.021553824
20.0312024	0.021553824
20.043424	0.023258646
20.0556456	0.020336094
20.0678672	0.021005845
20.0800888	0.020884072
20.0923104	0.019970774
20.104532	0.021249391
20.1167536	0.019970774
20.1289752	0.021858256
20.1411968	0.019849001
20.1534184	0.019788115
20.16564	0.019057477
20.1778616	0.021492937
20.1900832	0.019544569
20.2023048	0.020884072
20.2145264	0.020701413
20.226748	0.020031661
20.2389696	0.021553824
20.2511912	0.020275207
20.2634128	0.019057477
20.2756344	0.020275207
20.287856	0.018448612
20.3000776	0.020884072
20.3122992	0.019788115
20.3245208	0.020457867
20.3367424	0.019544569
20.348964	0.019909888
20.3611856	0.017291768
20.3734072	0.019057477
20.3856288	0.019301023
20.3978504	0.019727228
20.410072	0.020823186
20.4222936	0.018935704
20.4345152	0.018326839
20.4467368	0.019422796
20.4589584	0.018083293
20.47118	0.019057477
20.4834016	0.017230882
20.4956232	0.018874817
20.5078448	0.017657087
20.5200664	0.017839747
20.532288	0.018022406
20.5445096	0.01899659
20.5567312	0.017839747
20.5689528	0.018448612
20.5811744	0.01674379
20.593396	0.018326839
20.6056176	0.017413541
20.6178392	0.01917925
20.6300608	0.016195811
20.6422824	0.017291768
20.654504	0.015952265
20.6667256	0.017535314
20.6789472	0.021066732
20.6911688	0.016987336
20.7033904	0.017839747
20.715612	0.016439357
20.7278336	0.018265952
20.7400552	0.016865563
20.7522768	0.016682903
20.7644984	0.016439357
20.77672	0.017048222
20.7889416	0.018326839
20.8011632	0.018874817
20.8133848	0.015891378
20.8256064	0.016500244
20.837828	0.017474428
20.8500496	0.015769605
20.8622712	0.01777886
20.8744928	0.015465173
20.8867144	0.016865563
20.898936	0.016074038
20.9111576	0.015282513
20.9233792	0.014003897
20.9356008	0.016195811
20.9478224	0.015526059
20.960044	0.017230882
20.9722656	0.0153434
20.9844872	0.014612762
20.9967088	0.01674379
21.0089304	0.015404286
21.021152	0.014978081
21.0333736	0.016804676
21.0455952	0.014673648
21.0578168	0.016622017
21.0700384	0.0153434
21.08226	0.014430102
21.0944816	0.015708719
21.1067032	0.015769605
21.1189248	0.015465173
21.1311464	0.014978081
21.143368	0.015038967
21.1555896	0.013455918
21.1678112	0.015404286
21.1800328	0.01412567
21.1922544	0.013699464
21.204476	0.016013151
21.2166976	0.014612762
21.2289192	0.015038967
21.2411408	0.013273259
21.2533624	0.013395032
21.265584	0.013882124
21.2778056	0.014308329
21.2900272	0.014612762
21.3022488	0.015038967
21.3144704	0.014430102
21.326692	0.014430102
21.3389136	0.01290794
21.3511352	0.013090599
21.3633568	0.015221627
21.3755784	0.012481734
21.3878	0.011629323
21.4000216	0.014734535
21.4122432	0.016195811
21.4244648	0.014734535
21.4366864	0.013821237
21.448908	0.011751096
21.4611296	0.013882124
21.4733512	0.012664394
21.4855728	0.014551875
21.4977944	0.013577691
21.510016	0.011994642
21.5222376	0.014369216
21.5344592	0.013821237
21.5466808	0.014856308
21.5589024	0.013760351
21.571124	0.012786167
21.5833456	0.013151486
21.5955672	0.012420848
21.6077888	0.012786167
21.6200104	0.013516805
21.632232	0.011446663
21.6444536	0.012177302
21.6566752	0.015221627
21.6688968	0.013029713
21.6811184	0.012847053
21.69334	0.013212372
21.7055616	0.011751096
21.7177832	0.011872869
21.7300048	0.012116415
21.7422264	0.011994642
21.754448	0.012177302
21.7666696	0.013334145
21.7788912	0.010168047
21.7911128	0.012786167
21.8033344	0.013882124
21.815556	0.013638578
21.8277776	0.013151486
21.8399992	0.012055528
21.8522208	0.013212372
21.8644424	0.011081344
21.876664	0.012359961
21.8888856	0.012177302
21.9011072	0.009802728
21.9133288	0.010776912
21.9255504	0.011751096
21.937772	0.012847053
21.9499936	0.012359961
21.9622152	0.010472479
21.9744368	0.012238188
21.9866584	0.011933755
21.99888	0.011872869
22.0111016	0.011872869
22.0233232	0.011933755
22.0355448	0.008828544
22.0477664	0.010776912
22.059988	0.011751096
22.0722096	0.011933755
22.0844312	0.011568436
22.0966528	0.010472479
22.1088744	0.011446663
22.121096	0.010168047
22.1333176	0.010959571
22.1455392	0.009437409
22.1577608	0.011629323
22.1699824	0.010959571
22.182204	0.009802728
22.1944256	0.010837798
22.2066472	0.009985387
22.2188688	0.008828544
22.2310904	0.010228933
22.243312	0.01028982
22.2555336	0.009680955
22.2677552	0.009985387
22.2799768	0.011811982
22.2921984	0.010716025
22.30442	0.010776912
22.3166416	0.009315636
22.3288632	0.009802728
22.3410848	0.01132489
22.3533064	0.010168047
22.365528	0.010776912
22.3777496	0.010655139
22.3899712	0.01010716
22.4021928	0.00888943
22.4144144	0.010533366
22.426636	0.010655139
22.4388576	0.010228933
22.4510792	0.009254749
22.4633008	0.009680955
22.4755224	0.009985387
22.487744	0.009863614
22.4999656	0.009680955
22.5121872	0.009437409
22.5244088	0.009741841
22.5366304	0.009315636
22.548852	0.008828544
22.5610736	0.00907209
22.5732952	0.010655139
22.5855168	0.009559182
22.5977384	0.008828544
22.60996	0.009132976
22.6221816	0.009376522
22.6344032	0.009559182
22.6466248	0.010472479
22.6588464	0.007854359
22.671068	0.008828544
22.6832896	0.009315636
22.6955112	0.010350706
22.7077328	0.008280565
22.7199544	0.009193863
22.732176	0.009620068
22.7443976	0.008706771
22.7566192	0.009985387
22.7688408	0.008950317
22.7810624	0.009315636
22.793284	0.008097906
22.8055056	0.010350706
22.8177272	0.010168047
22.8299488	0.009193863
22.8421704	0.009254749
22.854392	0.007549927
22.8666136	0.008463225
22.8788352	0.009193863
22.8910568	0.008645884
22.9032784	0.008950317
22.9155	0.008828544
22.9277216	0.007915246
22.9399432	0.008158792
22.9521648	0.010594252
22.9643864	0.009254749
22.976608	0.009985387
22.9888296	0.009376522
23.0010512	0.008158792
23.0132728	0.008767657
23.0254944	0.008463225
23.037716	0.008402338
23.0499376	0.00888943
23.0621592	0.007854359
23.0743808	0.010228933
23.0866024	0.007976132
23.098824	0.00748904
23.1110456	0.008584998
23.1232672	0.00888943
23.1354888	0.007854359
23.1477104	0.007245494
23.159932	0.007245494
23.1721536	0.008767657
23.1843752	0.009132976
23.1965968	0.008097906
23.2088184	0.008219679
23.22104	0.008524111
23.2332616	0.008280565
23.2454832	0.009132976
23.2577048	0.008280565
23.2699264	0.008280565
23.282148	0.008341452
23.2943696	0.008219679
23.3065912	0.007610813
23.3188128	0.008219679
23.3310344	0.007915246
23.343256	0.00645397
23.3554776	0.007732586
23.3676992	0.008158792
23.3799208	0.007367267
23.3921424	0.009011203
23.404364	0.006941062
23.4165856	0.008341452
23.4288072	0.008280565
23.4410288	0.008097906
23.4532504	0.008280565
23.465472	0.00748904
23.4776936	0.008097906
23.4899152	0.006880175
23.5021368	0.007793473
23.5143584	0.008463225
23.52658	0.005723332
23.5388016	0.00748904
23.5510232	0.006758402
23.5632448	0.007245494
23.5754664	0.006758402
23.587688	0.007367267
23.5999096	0.0076717
23.6121312	0.007367267
23.6243528	0.007306381
23.6365744	0.006880175
23.648796	0.006210424
23.6610176	0.007062835
23.6732392	0.006880175
23.6854608	0.007793473
23.6976824	0.007549927
23.709904	0.006514856
23.7221256	0.006636629
23.7343472	0.007184608
23.7465688	0.005540672
23.7587904	0.00627131
23.771012	0.007245494
23.7832336	0.006697516
23.7954552	0.006941062
23.8076768	0.006880175
23.8198984	0.006636629
23.83212	0.00907209
23.8443416	0.006636629
23.8565632	0.007428154
23.8687848	0.005845105
23.8810064	0.007245494
23.893228	0.007001948
23.9054496	0.006088651
23.9176712	0.006575743
23.9298928	0.006758402
23.9421144	0.006636629
23.954336	0.007001948
23.9665576	0.007062835
23.9787792	0.005297126
23.9910008	0.006819289
24.0032224	0.006332197
24.015444	0.006393083
24.0276656	0.006697516
24.0398872	0.006210424
24.0521088	0.008037019
24.0643304	0.006027764
24.076552	0.006575743
24.0887736	0.005479786
24.1009952	0.005297126
24.1132168	0.005784218
24.1254384	0.00748904
24.13766	0.005418899
24.1498816	0.007306381
24.1621032	0.006149537
24.1743248	0.004931807
24.1865464	0.006027764
24.198768	0.006697516
24.2109896	0.007184608
24.2232112	0.00645397
24.2354328	0.00645397
24.2476544	0.006697516
24.259876	0.005662445
24.2720976	0.00627131
24.2843192	0.004749148
24.2965408	0.006027764
24.3087624	0.00627131
24.320984	0.006088651
24.3332056	0.004749148
24.3454272	0.005540672
24.3576488	0.005358013
24.3698704	0.005845105
24.382092	0.005358013
24.3943136	0.004688261
24.4065352	0.005479786
24.4187568	0.00627131
24.4309784	0.00505358
24.4432	0.005479786
24.4554216	0.006210424
24.4676432	0.005966878
24.4798648	0.006819289
24.4920864	0.005845105
24.504308	0.005175353
24.5165296	0.006149537
24.5287512	0.00523624
24.5409728	0.00505358
24.5531944	0.005966878
24.565416	0.005358013
24.5776376	0.005601559
24.5898592	0.005784218
24.6020808	0.005662445
24.6143024	0.005540672
24.626524	0.005723332
24.6387456	0.00627131
24.6509672	0.004627375
24.6631888	0.006149537
24.6754104	0.005723332
24.687632	0.004870921
24.6998536	0.005540672
24.7120752	0.005723332
24.7242968	0.005540672
24.7365184	0.006027764
24.74874	0.004749148
24.7609616	0.004810034
24.7731832	0.005966878
24.7854048	0.004444715
24.7976264	0.005358013
24.809848	0.004749148
24.8220696	0.006149537
24.8342912	0.004870921
24.8465128	0.004566488
24.8587344	0.005358013
24.870956	0.006514856
24.8831776	0.003957623
24.8953992	0.005845105
24.9076208	0.004992694
24.9198424	0.005966878
24.932064	0.003896736
24.9442856	0.005358013
24.9565072	0.005114467
24.9687288	0.004018509
24.9809504	0.004810034
24.993172	0.00505358
25.0053936	0.005662445
25.0176152	0.004870921
25.0298368	0.004749148
25.0420584	0.004444715
25.05428	0.004566488
25.0665016	0.004749148
25.0787232	0.00523624
25.0909448	0.004688261
25.1031664	0.005297126
25.115388	0.004444715
25.1276096	0.004749148
25.1398312	0.004018509
25.1520528	0.004140283
25.1642744	0.005418899
25.176496	0.004140283
25.1887176	0.003470531
25.2009392	0.004140283
25.2131608	0.004444715
25.2253824	0.004810034
25.237604	0.004018509
25.2498256	0.004444715
25.2620472	0.004505602
25.2742688	0.00383585
25.2864904	0.003592304
25.298712	0.004505602
25.3109336	0.004018509
25.3231552	0.004322942
25.3353768	0.005175353
25.3475984	0.00383585
25.35982	0.004688261
25.3720416	0.004322942
25.3842632	0.004322942
25.3964848	0.004079396
25.4087064	0.004688261
25.420928	0.00505358
25.4331496	0.004079396
25.4453712	0.004627375
25.4575928	0.004566488
25.4698144	0.004018509
25.482036	0.003166098
25.4942576	0.00365319
25.5064792	0.003714077
25.5187008	0.004627375
25.5309224	0.003896736
25.543144	0.003470531
25.5553656	0.003714077
25.5675872	0.004444715
25.5798088	0.004322942
25.5920304	0.004262056
25.604252	0.004201169
25.6164736	0.004018509
25.6286952	0.003409644
25.6409168	0.003896736
25.6531384	0.003896736
25.66536	0.003226985
25.6775816	0.004505602
25.6898032	0.003409644
25.7020248	0.003896736
25.7142464	0.004627375
25.726468	0.004322942
25.7386896	0.004201169
25.7509112	0.003774963
25.7631328	0.004140283
25.7753544	0.003409644
25.787576	0.002861666
25.7997976	0.003592304
25.8120192	0.004444715
25.8242408	0.004201169
25.8364624	0.003531417
25.848684	0.00383585
25.8609056	0.003592304
25.8731272	0.004444715
25.8853488	0.003287871
25.8975704	0.004018509
25.909792	0.004079396
25.9220136	0.004140283
25.9342352	0.004018509
25.9464568	0.003957623
25.9586784	0.004201169
25.9709	0.003531417
25.9831216	0.003105212
25.9953432	0.003592304
26.0075648	0.002983439
26.0197864	0.004140283
26.032008	0.004444715
26.0442296	0.004383829
26.0564512	0.003409644
26.0686728	0.003348758
26.0808944	0.003226985
26.093116	0.003409644
26.1053376	0.00383585
26.1175592	0.004383829
26.1297808	0.003409644
26.1420024	0.002800779
26.154224	0.00365319
26.1664456	0.003470531
26.1786672	0.004383829
26.1908888	0.003957623
26.2031104	0.003714077
26.215332	0.002861666
26.2275536	0.004079396
26.2397752	0.003896736
26.2519968	0.003409644
26.2642184	0.004079396
26.27644	0.003592304
26.2886616	0.00365319
26.3008832	0.004383829
26.3131048	0.004262056
26.3253264	0.003592304
26.337548	0.003105212
26.3497696	0.003896736
26.3619912	0.00365319
26.3742128	0.003470531
26.3864344	0.003714077
26.398656	0.00365319
26.4108776	0.002983439
26.4230992	0.003957623
26.4353208	0.003531417
26.4475424	0.003226985
26.459764	0.002922552
26.4719856	0.003348758
26.4842072	0.003714077
26.4964288	0.003896736
26.5086504	0.00383585
26.520872	0.004140283
26.5330936	0.003409644
26.5453152	0.002800779
26.5575368	0.002679006
26.5697584	0.003531417
26.58198	0.003044325
26.5942016	0.003226985
26.6064232	0.002496347
26.6186448	0.003896736
26.6308664	0.003348758
26.643088	0.003226985
26.6553096	0.003348758
26.6675312	0.003896736
26.6797528	0.002800779
26.6919744	0.003348758
26.704196	0.002679006
26.7164176	0.003531417
26.7286392	0.003287871
26.7408608	0.002679006
26.7530824	0.002739893
26.765304	0.003409644
26.7775256	0.00243546
26.7897472	0.003226985
26.8019688	0.00365319
26.8141904	0.002800779
26.826412	0.002983439
26.8386336	0.002983439
26.8508552	0.003105212
26.8630768	0.003105212
26.8752984	0.002009255
26.88752	0.002800779
26.8997416	0.003166098
26.9119632	0.004018509
26.9241848	0.003044325
26.9364064	0.003470531
26.948628	0.003044325
26.9608496	0.00261812
26.9730712	0.00261812
26.9852928	0.002496347
26.9975144	0.002191914
27.009736	0.002679006
27.0219576	0.002374574
27.0341792	0.003044325
27.0464008	0.002679006
27.0586224	0.003531417
27.070844	0.003287871
27.0830656	0.003531417
27.0952872	0.002374574
27.1075088	0.002800779
27.1197304	0.002679006
27.131952	0.003226985
27.1441736	0.003105212
27.1563952	0.003226985
27.1686168	0.002861666
27.1808384	0.002557233
27.19306	0.002922552
27.2052816	0.00383585
27.2175032	0.00243546
27.2297248	0.00261812
27.2419464	0.003592304
27.254168	0.002557233
27.2663896	0.002679006
27.2786112	0.003592304
27.2908328	0.003531417
27.3030544	0.003714077
27.315276	0.002009255
27.3274976	0.002739893
27.3397192	0.00243546
27.3519408	0.002313687
27.3641624	0.002557233
27.376384	0.00261812
27.3886056	0.002131028
27.4008272	0.002922552
27.4130488	0.002496347
27.4252704	0.002557233
27.437492	0.002679006
27.4497136	0.002496347
27.4619352	0.003105212
27.4741568	0.002557233
27.4863784	0.003409644
27.4986	0.002983439
27.5108216	0.002557233
27.5230432	0.002313687
27.5352648	0.002131028
27.5474864	0.003105212
27.559708	0.002374574
27.5719296	0.002983439
27.5841512	0.002679006
27.5963728	0.002496347
27.6085944	0.002679006
27.620816	0.002557233
27.6330376	0.002374574
27.6452592	0.002191914
27.6574808	0.003105212
27.6697024	0.002009255
27.681924	0.002739893
27.6941456	0.002496347
27.7063672	0.00243546
27.7185888	0.002557233
27.7308104	0.002679006
27.743032	0.002800779
27.7552536	0.002496347
27.7674752	0.003409644
27.7796968	0.00261812
27.7919184	0.002252801
27.80414	0.002191914
27.8163616	0.002983439
27.8285832	0.003714077
27.8408048	0.002557233
27.8530264	0.002922552
27.865248	0.00261812
27.8774696	0.00243546
27.8896912	0.002922552
27.9019128	0.002070141
27.9141344	0.002131028
27.926356	0.002496347
27.9385776	0.001583049
27.9507992	0.002496347
27.9630208	0.002313687
27.9752424	0.001948368
27.987464	0.002070141
27.9996856	0.002313687
28.0119072	0.002191914
28.0241288	0.001522163
28.0363504	0.002191914
28.048572	0.002557233
28.0607936	0.001887482
28.0730152	0.002739893
28.0852368	0.002252801
28.0974584	0.002496347
28.10968	0.00261812
28.1219016	0.001765709
28.1341232	0.001643936
28.1463448	0.001704822
28.1585664	0.002679006
28.170788	0.002557233
28.1830096	0.001765709
28.1952312	0.002983439
28.2074528	0.001826595
28.2196744	0.002557233
28.231896	0.00243546
28.2441176	0.002009255
28.2563392	0.00243546
28.2685608	0.002313687
28.2807824	0.002191914
28.293004	0.002983439
28.3052256	0.002557233
28.3174472	0.001704822
28.3296688	0.00261812
28.3418904	0.002131028
28.354112	0.002557233
28.3663336	0.00243546
28.3785552	0.001765709
28.3907768	0.002070141
28.4029984	0.001826595
28.41522	0.002070141
28.4274416	0.002313687
28.4396632	0.001887482
28.4518848	0.001765709
28.4641064	0.002496347
28.476328	0.002496347
28.4885496	0.002191914
28.5007712	0.002070141
28.5129928	0.001826595
28.5252144	0.001765709
28.537436	0.001339503
28.5496576	0.002313687
28.5618792	0.002191914
28.5741008	0.001948368
28.5863224	0.001278617
28.598544	0.002496347
28.6107656	0.001765709
28.6229872	0.002009255
28.6352088	0.001704822
28.6474304	0.002131028
28.659652	0.002191914
28.6718736	0.002374574
28.6840952	0.002374574
28.6963168	0.001948368
28.7085384	0.001887482
28.72076	0.002070141
28.7329816	0.002313687
28.7452032	0.002131028
28.7574248	0.002009255
28.7696464	0.001461276
28.781868	0.002191914
28.7940896	0.002070141
28.8063112	0.001704822
28.8185328	0.001643936
28.8307544	0.001704822
28.842976	0.001826595
28.8551976	0.001826595
28.8674192	0.001339503
28.8796408	0.001948368
28.8918624	0.002009255
28.904084	0.001704822
28.9163056	0.001583049
28.9285272	0.001826595
28.9407488	0.002252801
28.9529704	0.001095957
28.965192	0.002374574
28.9774136	0.002191914
28.9896352	0.00243546
29.0018568	0.002374574
29.0140784	0.001765709
29.0263	0.002313687
29.0385216	0.001583049
29.0507432	0.001765709
29.0629648	0.001765709
29.0751864	0.002070141
29.087408	0.001826595
29.0996296	0.002131028
29.1118512	0.001643936
29.1240728	0.001887482
29.1362944	0.001826595
29.148516	0.001522163
29.1607376	0.001704822
29.1729592	0.001461276
29.1851808	0.002131028
29.1974024	0.00121773
29.209624	0.001887482
29.2218456	0.000913298
29.2340672	0.001643936
29.2462888	0.001948368
29.2585104	0.001643936
29.270732	0.001643936
29.2829536	0.002496347
29.2951752	0.001461276
29.3073968	0.001278617
29.3196184	0.00140039
29.33184	0.000913298
29.3440616	0.002313687
29.3562832	0.001765709
29.3685048	0.002070141
29.3807264	0.001339503
29.392948	0.001035071
29.4051696	0.002009255
29.4173912	0.001704822
29.4296128	0.002496347
29.4418344	0.002070141
29.454056	0.001765709
29.4662776	0.002009255
29.4784992	0.001583049
29.4907208	0.001583049
29.5029424	0.001522163
29.515164	0.001826595
29.5273856	0.001278617
29.5396072	0.001826595
29.5518288	0.001704822
29.5640504	0.001765709
29.576272	0.001339503
29.5884936	0.002374574
29.6007152	0.001948368
29.6129368	0.001522163
29.6251584	0.001522163
29.63738	0.002070141
29.6496016	0.001643936
29.6618232	0.001826595
29.6740448	0.002374574
29.6862664	0.00140039
29.698488	0.001522163
29.7107096	0.001948368
29.7229312	0.002009255
29.7351528	0.001583049
29.7473744	0.001765709
29.759596	0.001583049
29.7718176	0.001583049
29.7840392	0.001704822
29.7962608	0.00121773
29.8084824	0.001887482
29.820704	0.002496347
29.8329256	0.001887482
29.8451472	0.001887482
29.8573688	0.001156844
29.8695904	0.001583049
29.881812	0.001583049
29.8940336	0.000913298
29.9062552	0.001461276
29.9184768	0.001765709
29.9306984	0.001339503
29.94292	0.001278617
29.9551416	0.001461276
29.9673632	0.002131028
29.9795848	0.001948368
29.9918064	0.002009255
30.004028	0.001339503
30.0162496	0.001522163
30.0284712	0.001887482
30.0406928	0.00140039
30.0529144	0.002252801
30.065136	0.001704822
30.0773576	0.001522163
30.0895792	0.001826595
30.1018008	0.001643936
30.1140224	0.001583049
30.126244	0.001278617
30.1384656	0.001522163
30.1506872	0.001339503
30.1629088	0.001765709
30.1751304	0.001765709
30.187352	0.001643936
30.1995736	0.001826595
30.2117952	0.001339503
30.2240168	0.002070141
30.2362384	0.001461276
30.24846	0.001278617
30.2606816	0.001643936
30.2729032	0.00121773
30.2851248	0.001643936
30.2973464	0.001583049
30.309568	0.001704822
30.3217896	0.001765709
30.3340112	0.001765709
30.3462328	0.00140039
30.3584544	0.00140039
30.370676	0.001583049
30.3828976	0.001339503
30.3951192	0.001035071
30.4073408	0.001035071
30.4195624	0.001339503
30.431784	0.00121773
30.4440056	0.00121773
30.4562272	0.001156844
30.4684488	0.001643936
30.4806704	0.001035071
30.492892	0.001278617
30.5051136	0.001704822
30.5173352	0.001765709
30.5295568	0.002252801
30.5417784	0.00140039
30.554	0.001948368
30.5662216	0.001704822
30.5784432	0.001583049
30.5906648	0.001643936
30.6028864	0.001643936
30.615108	0.001704822
30.6273296	0.00140039
30.6395512	0.001339503
30.6517728	0.001887482
30.6639944	0.000791525
30.676216	0.001156844
30.6884376	0.001522163
30.7006592	0.001095957
30.7128808	0.001095957
30.7251024	0.002009255
30.737324	0.00140039
30.7495456	0.001887482
30.7617672	0.002070141
30.7739888	0.001095957
30.7862104	0.001339503
30.798432	0.001948368
30.8106536	0.001035071
30.8228752	0.001156844
30.8350968	0.001887482
30.8473184	0.00121773
30.85954	0.001035071
30.8717616	0.001156844
30.8839832	0.000974184
30.8962048	0.001278617
30.9084264	0.001339503
30.920648	0.001522163
30.9328696	0.001156844
30.9450912	0.001643936
30.9573128	0.000913298
30.9695344	0.000913298
30.981756	0.001156844
30.9939776	0.001035071
31.0061992	0.001156844
31.0184208	0.00140039
31.0306424	0.001583049
31.042864	0.00140039
31.0550856	0.001826595
31.0673072	0.00140039
31.0795288	0.001095957
31.0917504	0.001156844
31.103972	0.000913298
31.1161936	0.001704822
31.1284152	0.001156844
31.1406368	0.000730638
31.1528584	0.001339503
31.16508	0.00121773
31.1773016	0.00121773
31.1895232	0.000852411
31.2017448	0.001156844
31.2139664	0.001156844
31.226188	0.000913298
31.2384096	0.001461276
31.2506312	0.001278617
31.2628528	0.001461276
31.2750744	0.00140039
31.287296	0.00140039
31.2995176	0.001095957
31.3117392	0.000913298
31.3239608	0.001522163
31.3361824	0.00140039
31.348404	0.001095957
31.3606256	0.001156844
31.3728472	0.00121773
31.3850688	0.000852411
31.3972904	0.000913298
31.409512	0.001339503
31.4217336	0.00140039
31.4339552	0.00121773
31.4461768	0.000852411
31.4583984	0.001035071
31.47062	0.001035071
31.4828416	0.001095957
31.4950632	0.00121773
31.5072848	0.001095957
31.5195064	0.001095957
31.531728	0.001035071
31.5439496	0.001826595
31.5561712	0.00140039
31.5683928	0.001278617
31.5806144	0.000791525
31.592836	0.001522163
31.6050576	0.001643936
31.6172792	0.00121773
31.6295008	0.00121773
31.6417224	0.000974184
31.653944	0.000974184
31.6661656	0.001095957
31.6783872	0.000791525
31.6906088	0.001156844
31.7028304	0.000791525
31.715052	0.001035071
31.7272736	0.000791525
31.7394952	0.001156844
31.7517168	0.000608865
31.7639384	0.001339503
31.77616	0.001278617
31.7883816	0.001095957
31.8006032	0.000730638
31.8128248	0.001278617
31.8250464	0.001095957
31.837268	0.00121773
31.8494896	0.001035071
31.8617112	0.000913298
31.8739328	0.001156844
31.8861544	0.000791525
31.898376	0.000974184
31.9105976	0.001461276
31.9228192	0.001035071
31.9350408	0.000913298
31.9472624	0.001339503
31.959484	0.001522163
31.9717056	0.00121773
31.9839272	0.000487092
31.9961488	0.001278617
32.0083704	0.001461276
32.020592	0.001339503
32.0328136	0.001035071
32.0450352	0.000852411
32.0572568	0.000852411
32.0694784	0.000730638
32.0817	0.000852411
32.0939216	0.00140039
32.1061432	0.000852411
32.1183648	0.001156844
32.1305864	0.000974184
32.142808	0.001522163
32.1550296	0.000791525
32.1672512	0.001339503
32.1794728	0.000852411
32.1916944	0.001765709
32.203916	0.001339503
32.2161376	0.001461276
32.2283592	0.000791525
32.2405808	0.001035071
32.2528024	0.001035071
32.265024	0.001278617
32.2772456	0.001095957
32.2894672	0.000608865
32.3016888	0.001339503
32.3139104	0.001095957
32.326132	0.001339503
32.3383536	0.001278617
32.3505752	0.001035071
32.3627968	0.000730638
32.3750184	0.000608865
32.38724	0.001339503
32.3994616	0.001643936
32.4116832	0.001339503
32.4239048	0.001035071
32.4361264	0.001156844
32.448348	0.001643936
32.4605696	0.001278617
32.4727912	0.000730638
32.4850128	0.001704822
32.4972344	0.000852411
32.509456	0.000487092
32.5216776	0.000791525
32.5338992	0.000974184
32.5461208	0.000852411
32.5583424	0.001278617
32.570564	0.000974184
32.5827856	0.000791525
32.5950072	0.001156844
32.6072288	0.001035071
32.6194504	0.000913298
32.631672	0.000730638
32.6438936	0.000730638
32.6561152	0.001339503
32.6683368	0.00121773
32.6805584	0.000791525
32.69278	0.001095957
32.7050016	0.001095957
32.7172232	0.000913298
32.7294448	0.001156844
32.7416664	0.000852411
32.753888	0.00121773
32.7661096	0.00121773
32.7783312	0.001035071
32.7905528	0.00121773
32.8027744	0.000730638
32.814996	0.001339503
32.8272176	0.001095957
32.8394392	0.000669752
32.8516608	0.000730638
32.8638824	0.000913298
32.876104	0.000852411
32.8883256	0.000547979
32.9005472	0.001095957
32.9127688	0.000669752
32.9249904	0.000913298
32.937212	0.000730638
32.9494336	0.001035071
32.9616552	0.001035071
32.9738768	0.001278617
32.9860984	0.001156844
32.99832	0.000730638
33.0105416	0.000669752
33.0227632	0.000913298
33.0349848	0.000487092
33.0472064	0.000791525
33.059428	0.000852411
33.0716496	0.000913298
33.0838712	0.000974184
33.0960928	0.000913298
33.1083144	0.000730638
33.120536	0.000974184
33.1327576	0.000547979
33.1449792	0.000852411
33.1572008	0.000608865
33.1694224	0.000913298
33.181644	0.000913298
33.1938656	0.000852411
33.2060872	0.000791525
33.2183088	0.000547979
33.2305304	0.000913298
33.242752	0.000547979
33.2549736	0.000852411
33.2671952	0.001035071
33.2794168	0.000487092
33.2916384	0.000974184
33.30386	0.00121773
33.3160816	0.001339503
33.3283032	0.000730638
33.3405248	0.000791525
33.3527464	0.001339503
33.364968	0.000913298
33.3771896	0.000852411
33.3894112	0.000730638
33.4016328	0.000913298
33.4138544	0.000791525
33.426076	0.001278617
33.4382976	0.000608865
33.4505192	0.001339503
33.4627408	0.001156844
33.4749624	0.000730638
33.487184	0.000608865
33.4994056	0.000791525
33.5116272	0.001095957
33.5238488	0.001095957
33.5360704	0.001035071
33.548292	0.001095957
33.5605136	0.000852411
33.5727352	0.000365319
33.5849568	0.000852411
33.5971784	0.000852411
33.6094	0.000730638
33.6216216	0.000730638
33.6338432	0.000974184
33.6460648	0.000791525
33.6582864	0.00121773
33.670508	0.000608865
33.6827296	0.000852411
33.6949512	0.000791525
33.7071728	0.000730638
33.7193944	0.000791525
33.731616	0.001095957
33.7438376	0.000974184
33.7560592	0.001035071
33.7682808	0.001522163
33.7805024	0.000913298
33.792724	0.001035071
33.8049456	0.001035071
33.8171672	0.001278617
33.8293888	0.001095957
33.8416104	0.001035071
33.853832	0.001035071
33.8660536	0.001095957
33.8782752	0.000730638
33.8904968	0.000974184
33.9027184	0.000913298
33.91494	0.00121773
33.9271616	0.000974184
33.9393832	0.001095957
33.9516048	0.000974184
33.9638264	0.000791525
33.976048	0.000608865
33.9882696	0.000608865
34.0004912	0.000669752
34.0127128	0.001035071
34.0249344	0.000852411
34.037156	0.001461276
34.0493776	0.000913298
34.0615992	0.000791525
34.0738208	0.000791525
34.0860424	0.000608865
34.098264	0.000487092
34.1104856	0.000913298
34.1227072	0.000974184
34.1349288	0.000608865
34.1471504	0.000669752
34.159372	0.000791525
34.1715936	0.00121773
34.1838152	0.000852411
34.1960368	0.000791525
34.2082584	0.000852411
34.22048	0.000730638
34.2327016	0.000913298
34.2449232	0.001035071
34.2571448	0.001339503
34.2693664	0.000608865
34.281588	0.001035071
34.2938096	0.00121773
34.3060312	0.001035071
34.3182528	0.000974184
34.3304744	0.000913298
34.342696	0.001095957
34.3549176	0.000547979
34.3671392	0.000974184
34.3793608	0.001278617
34.3915824	0.000913298
34.403804	0.000487092
34.4160256	0.000974184
34.4282472	0.000669752
34.4404688	0.000426206
34.4526904	0.000669752
34.464912	0.000669752
34.4771336	0.000913298
34.4893552	0.000669752
34.5015768	0.001156844
34.5137984	0.000608865
34.52602	0.000974184
34.5382416	0.000547979
34.5504632	0.000487092
34.5626848	0.000730638
34.5749064	0.000608865
34.587128	0.000669752
34.5993496	0.000974184
34.6115712	0.000608865
34.6237928	0.000791525
34.6360144	0.000974184
34.648236	0.000852411
34.6604576	0.001035071
34.6726792	0.000913298
34.6849008	0.000426206
34.6971224	0.000669752
34.709344	0.000547979
34.7215656	0.000730638
34.7337872	0.000913298
34.7460088	0.000730638
34.7582304	0.000730638
34.770452	0.000852411
34.7826736	0.000304433
34.7948952	0.000608865
34.8071168	0.000974184
34.8193384	0.000730638
34.83156	0.000974184
34.8437816	0.000852411
34.8560032	0.000913298
34.8682248	0.000669752
34.8804464	0.000547979
34.892668	0.000547979
34.9048896	0.000730638
34.9171112	0.000547979
34.9293328	0.000730638
34.9415544	0.000669752
34.953776	0.000852411
34.9659976	0.000608865
34.9782192	0.000669752
34.9904408	0.000852411
35.0026624	0.000730638
35.014884	0.000852411
35.0271056	0.000974184
35.0393272	0.000547979
35.0515488	0.001035071
35.0637704	0.000913298
35.075992	0.000608865
35.0882136	0.000974184
35.1004352	0.000669752
35.1126568	0.000730638
35.1248784	0.000547979
35.1371	0.000487092
35.1493216	0.000608865
35.1615432	0.000547979
35.1737648	0.000791525
35.1859864	0.000852411
35.198208	0.000669752
35.2104296	0.000608865
35.2226512	0.000669752
35.2348728	0.000304433
35.2470944	0.000913298
35.259316	0.000487092
35.2715376	0.000669752
35.2837592	0.000487092
35.2959808	0.000913298
35.3082024	0.000669752
35.320424	0.000304433
35.3326456	0.000730638
35.3448672	0.001278617
35.3570888	0.000547979
35.3693104	0.000791525
35.381532	0.000669752
35.3937536	0.000487092
35.4059752	0.000669752
35.4181968	0.000547979
35.4304184	0.000730638
35.44264	0.000547979
35.4548616	0.000730638
35.4670832	0.000852411
35.4793048	0.000547979
35.4915264	0.000426206
35.503748	0.000669752
35.5159696	0.000608865
35.5281912	0.000791525
35.5404128	0.000913298
35.5526344	0.000304433
35.564856	0.000426206
35.5770776	0.000487092
35.5892992	0.000608865
35.6015208	0.000791525
35.6137424	0.000608865
35.625964	0.000547979
35.6381856	0.001035071
35.6504072	0.000365319
35.6626288	0.000487092
35.6748504	0.000365319
35.687072	0.000791525
35.6992936	0.000791525
35.7115152	0.000730638
35.7237368	0.000608865
35.7359584	0.000852411
35.74818	0.000547979
35.7604016	0.000304433
35.7726232	0.000730638
35.7848448	0.000547979
35.7970664	0.000913298
35.809288	0.000608865
35.8215096	0.000913298
35.8337312	0.000669752
35.8459528	0.001035071
35.8581744	0.000730638
35.870396	0.000974184
35.8826176	0.000608865
35.8948392	0.000669752
35.9070608	0.000730638
35.9192824	0.000365319
35.931504	0.000852411
35.9437256	0.000487092
35.9559472	0.000426206
35.9681688	0.000669752
35.9803904	0.000608865
35.992612	0.000608865
36.0048336	0.000730638
36.0170552	0.000487092
36.0292768	0.000608865
36.0414984	0.000608865
36.05372	0.000669752
36.0659416	0.000487092
36.0781632	0.000547979
36.0903848	0.000730638
36.1026064	0.000243546
36.114828	0.000852411
36.1270496	0.000365319
36.1392712	0.000547979
36.1514928	0.000365319
36.1637144	0.000426206
36.175936	0.000487092
36.1881576	0.000487092
36.2003792	0.000487092
36.2126008	0.001095957
36.2248224	0.000852411
36.237044	0.000791525
36.2492656	0.000791525
36.2614872	0.00140039
36.2737088	0.000791525
36.2859304	0.000547979
36.298152	0.000852411
36.3103736	0.000669752
36.3225952	0.000608865
36.3348168	0.000608865
36.3470384	0.000426206
36.35926	0.000852411
36.3714816	0.000669752
36.3837032	0.000608865
36.3959248	0.000852411
36.4081464	0.000426206
36.420368	0.000730638
36.4325896	0.000426206
36.4448112	0.000487092
36.4570328	0.000365319
36.4692544	0.000852411
36.481476	0.000608865
36.4936976	0.000608865
36.5059192	0.000974184
36.5181408	0.000487092
36.5303624	0.000608865
36.542584	0.000791525
36.5548056	0.000547979
36.5670272	0.000426206
36.5792488	0.000913298
36.5914704	0.000669752
36.603692	0.000852411
36.6159136	0.000365319
36.6281352	0.000608865
36.6403568	0.000791525
36.6525784	0.000913298
36.6648	0.000791525
36.6770216	0.000730638
36.6892432	0.000730638
36.7014648	0.000730638
36.7136864	0.000487092
36.725908	0.000913298
36.7381296	0.000669752
36.7503512	0.000547979
36.7625728	0.000852411
36.7747944	0.000547979
36.787016	0.000791525
36.7992376	0.000304433
36.8114592	0.000730638
36.8236808	0.000426206
36.8359024	0.000730638
36.848124	0.000365319
36.8603456	0.000730638
36.8725672	0.000608865
36.8847888	0.000608865
36.8970104	0.000304433
36.909232	0.000547979
36.9214536	0.000547979
36.9336752	0.000852411
36.9458968	0.000974184
36.9581184	0.000608865
36.97034	0.000426206
36.9825616	0.000669752
36.9947832	0.000852411
37.0070048	0.000547979
37.0192264	0.000669752
37.031448	0.000304433
37.0436696	0.00121773
37.0558912	0.000426206
37.0681128	0.000791525
37.0803344	0.000365319
37.092556	0.000365319
37.1047776	0.000487092
37.1169992	0.000426206
37.1292208	0.000791525
37.1414424	0.000913298
37.153664	0.000669752
37.1658856	0.000547979
37.1781072	0.000426206
37.1903288	0.000852411
37.2025504	0.000608865
37.214772	0.000547979
37.2269936	0.000426206
37.2392152	0.000852411
37.2514368	0.000547979
37.2636584	0.00018266
37.27588	0.000608865
37.2881016	0.000852411
37.3003232	0.000852411
37.3125448	0.000426206
37.3247664	0.000547979
37.336988	0.000547979
37.3492096	0.000487092
37.3614312	0.000487092
37.3736528	0.000669752
37.3858744	0.000730638
37.398096	0.000426206
37.4103176	0.000547979
37.4225392	0.000547979
37.4347608	0.000608865
37.4469824	0.000365319
37.459204	0.000547979
37.4714256	0.000669752
37.4836472	0.000730638
37.4958688	0.000608865
37.5080904	0.000608865
37.520312	0.000487092
37.5325336	0.000487092
37.5447552	0.000547979
37.5569768	0.000365319
37.5691984	0.000547979
37.58142	0.000913298
37.5936416	0.000669752
37.6058632	0.000608865
37.6180848	0.000730638
37.6303064	0.000608865
37.642528	0.000669752
37.6547496	0.000669752
37.6669712	0.000852411
37.6791928	0.000547979
37.6914144	0.000426206
37.703636	0.000547979
37.7158576	0.000487092
37.7280792	0.000669752
37.7403008	0.000791525
37.7525224	0.000426206
37.764744	0.000547979
37.7769656	0.000426206
37.7891872	0.000852411
37.8014088	0.000608865
37.8136304	0.000304433
37.825852	0.000669752
37.8380736	0.000669752
37.8502952	0.000365319
37.8625168	0.000791525
37.8747384	0.000243546
37.88696	0.000426206
37.8991816	0.000547979
37.9114032	0.000365319
37.9236248	0.000426206
37.9358464	0.000791525
37.948068	0.000304433
37.9602896	0.000730638
37.9725112	0.000730638
37.9847328	0.000669752
37.9969544	0.000426206
38.009176	0.000487092
38.0213976	0.000608865
38.0336192	0.000304433
38.0458408	0.000791525
38.0580624	0.000547979
38.070284	0.000487092
38.0825056	0.000669752
38.0947272	0.000791525
38.1069488	0.000487092
38.1191704	0.000608865
38.131392	0.000791525
38.1436136	0.000608865
38.1558352	0.000487092
38.1680568	0.000730638
38.1802784	0.001339503
38.1925	0.000608865
38.2047216	0.000791525
38.2169432	0.000852411
38.2291648	0.000487092
38.2413864	0.000487092
38.253608	0.000730638
38.2658296	0.000304433
38.2780512	0.000487092
38.2902728	0.000365319
38.3024944	0.000730638
38.314716	0.000669752
38.3269376	0.000669752
38.3391592	0.000365319
38.3513808	0.000669752
38.3636024	0.000608865
38.375824	0.000730638
38.3880456	0.000730638
38.4002672	0.000243546
38.4124888	0.000487092
38.4247104	0.000426206
38.436932	0.000243546
38.4491536	0.000487092
38.4613752	0.000304433
38.4735968	0.000547979
38.4858184	0.000547979
38.49804	0.000487092
38.5102616	0.000730638
38.5224832	0.000608865
38.5347048	0.000913298
38.5469264	0.000669752
38.559148	0.000365319
38.5713696	0.000487092
38.5835912	0.000730638
38.5958128	0.000608865
38.6080344	0.000304433
38.620256	0.001035071
38.6324776	0.000426206
38.6446992	0.001035071
38.6569208	0.000730638
38.6691424	0.000608865
38.681364	0.000487092
38.6935856	0.000669752
38.7058072	0.000487092
38.7180288	0.000852411
38.7302504	0.000365319
38.742472	0.000426206
38.7546936	0.000243546
38.7669152	0.000487092
38.7791368	0.000365319
38.7913584	0.000304433
38.80358	0.000730638
38.8158016	0.000913298
38.8280232	0.000547979
38.8402448	0.000304433
38.8524664	0.000669752
38.864688	0.000426206
38.8769096	0.000547979
38.8891312	0.000426206
38.9013528	0.000365319
38.9135744	0.000547979
38.925796	0.000730638
38.9380176	0.000669752
38.9502392	0.00018266
38.9624608	0.000547979
38.9746824	0.000304433
38.986904	0.000487092
38.9991256	0.000669752
39.0113472	0.000608865
39.0235688	0.000365319
39.0357904	0.000487092
39.048012	0.000487092
39.0602336	0.000365319
39.0724552	0.000669752
39.0846768	0.000426206
39.0968984	0.000791525
39.10912	0.000365319
39.1213416	0.000243546
39.1335632	0.000669752
39.1457848	0.000487092
39.1580064	0.000426206
39.170228	0.000426206
39.1824496	0.000608865
39.1946712	0.000487092
39.2068928	0.000608865
39.2191144	0.000730638
39.231336	0.000304433
39.2435576	0.000730638
39.2557792	0.000791525
39.2680008	0.000426206
39.2802224	0.000608865
39.292444	0.000608865
39.3046656	0.000608865
39.3168872	0.000547979
39.3291088	0.000852411
39.3413304	0.000913298
39.353552	0.000791525
39.3657736	0.000365319
39.3779952	0.000365319
39.3902168	0.000547979
39.4024384	0.000365319
39.41466	0.000547979
39.4268816	0.000487092
39.4391032	0.000487092
39.4513248	0.000608865
39.4635464	0.000365319
39.475768	0.000426206
39.4879896	0.000547979
39.5002112	0.000426206
39.5124328	0.000547979
39.5246544	0.000608865
39.536876	0.000426206
39.5490976	0.000547979
39.5613192	0.000730638
39.5735408	0.000913298
39.5857624	0.000730638
39.597984	0.000487092
39.6102056	0.000547979
39.6224272	0.000121773
39.6346488	0.000487092
39.6468704	0.000547979
39.659092	0.000426206
39.6713136	0.000547979
39.6835352	0.000608865
39.6957568	0.000669752
39.7079784	0.000426206
39.7202	0.000608865
39.7324216	0.000365319
39.7446432	0.000608865
39.7568648	0.000243546
39.7690864	0.000426206
39.781308	0.000304433
39.7935296	0.000304433
39.8057512	0.000608865
39.8179728	0.000547979
39.8301944	0.000304433
39.842416	0.000608865
39.8546376	0.000487092
39.8668592	0.000547979
39.8790808	0.000669752
39.8913024	0.000304433
39.903524	0.000304433
39.9157456	0.000852411
39.9279672	0.000547979
39.9401888	0.000121773
39.9524104	0.000852411
39.964632	0.000304433
39.9768536	0.000365319
39.9890752	0.000547979
40.0012968	0.000304433
40.0135184	0.00018266
40.02574	0.000243546
40.0379616	0.000791525
40.0501832	0.000791525
40.0624048	0.000365319
40.0746264	0.000669752
40.086848	0.000547979
40.0990696	0.000608865
40.1112912	0.000365319
40.1235128	0.000608865
40.1357344	0.000426206
40.147956	0.000730638
40.1601776	0.000487092
40.1723992	0.000608865
40.1846208	0.000487092
40.1968424	0.000487092
40.209064	0.000304433
40.2212856	0.000487092
40.2335072	0.000487092
40.2457288	0.000608865
40.2579504	0.000243546
40.270172	0.000730638
40.2823936	0.000365319
40.2946152	0.000365319
40.3068368	0.000608865
40.3190584	0.000487092
40.33128	0.000608865
40.3435016	0.000243546
40.3557232	0.000730638
40.3679448	0.000426206
40.3801664	0.000487092
40.392388	0.000852411
40.4046096	0.000304433
40.4168312	0.000243546
40.4290528	0.000669752
40.4412744	0.000365319
40.453496	0.000487092
40.4657176	0.000365319
40.4779392	0.00018266
40.4901608	0.000426206
40.5023824	0.000426206
40.514604	0.000669752
40.5268256	0.000547979
40.5390472	0.000547979
40.5512688	0.000426206
40.5634904	0.000426206
40.575712	0.000304433
40.5879336	0.000730638
40.6001552	0.000426206
40.6123768	0.000974184
40.6245984	0.000913298
40.63682	0.000974184
40.6490416	0.000365319
40.6612632	0.000608865
40.6734848	0.000426206
40.6857064	0.000365319
40.697928	0.000730638
40.7101496	0.000365319
40.7223712	0.001035071
40.7345928	0.000487092
40.7468144	0.000608865
40.759036	0.000304433
40.7712576	0.000121773
40.7834792	0.000365319
40.7957008	0.000547979
40.8079224	0.000487092
40.820144	6.09E-05
40.8323656	0.000547979
40.8445872	0.000547979
40.8568088	0.000730638
40.8690304	0.000608865
40.881252	0.000365319
40.8934736	0.000426206
40.9056952	0.000487092
40.9179168	0.000426206
40.9301384	0.000426206
40.94236	0.000426206
40.9545816	0.000487092
40.9668032	0.000487092
40.9790248	0.001095957
40.9912464	0.000243546
41.003468	0.000608865
41.0156896	0.000487092
41.0279112	0.000487092
41.0401328	0.000608865
41.0523544	0.000365319
41.064576	0.000730638
41.0767976	0.000487092
41.0890192	0.000365319
41.1012408	0.000304433
41.1134624	0.000365319
41.125684	0.000547979
41.1379056	0.000608865
41.1501272	0.000547979
41.1623488	0.000547979
41.1745704	0.000791525
41.186792	0.000608865
41.1990136	0.000426206
41.2112352	0.000365319
41.2234568	0.000426206
41.2356784	0.000243546
41.2479	0.000426206
41.2601216	0.000487092
41.2723432	0.000304433
41.2845648	0.000243546
41.2967864	0.000304433
41.309008	0.000547979
41.3212296	0.000426206
41.3334512	0.000669752
41.3456728	0.000547979
41.3578944	0.000852411
41.370116	0.000426206
41.3823376	0.000426206
41.3945592	0.000426206
41.4067808	0.000669752
41.4190024	0.000243546
41.431224	0.000608865
41.4434456	0.000730638
41.4556672	0.000852411
41.4678888	0.000791525
41.4801104	0.000608865
41.492332	0.000487092
41.5045536	0.000974184
41.5167752	0.000608865
41.5289968	0.000791525
41.5412184	0.000487092
41.55344	0.000365319
41.5656616	0.000304433
41.5778832	0.000791525
41.5901048	0.00018266
41.6023264	0.000426206
41.614548	0.000365319
41.6267696	0.000426206
41.6389912	0.000547979
41.6512128	0.000487092
41.6634344	0.000304433
41.675656	0.000791525
41.6878776	0.000487092
41.7000992	0.000547979
41.7123208	0.000487092
41.7245424	0.000426206
41.736764	0.000608865
41.7489856	0.000547979
41.7612072	0.000304433
41.7734288	0.000243546
41.7856504	0.000852411
41.797872	0.000365319
41.8100936	0.000365319
41.8223152	0.000608865
41.8345368	0.000547979
41.8467584	0.000669752
41.85898	0.000365319
41.8712016	0.000608865
41.8834232	0.000608865
41.8956448	0.000669752
41.9078664	0.000487092
41.920088	0.000304433
41.9323096	0.000487092
41.9445312	0.000608865
41.9567528	0.00018266
41.9689744	0.000304433
41.981196	0.000791525
41.9934176	0.000243546
42.0056392	0.00018266
42.0178608	0.000669752
42.0300824	0.000852411
42.042304	0.000304433
42.0545256	0.000426206
42.0667472	0.000426206
42.0789688	0.000791525
42.0911904	0.000304433
42.103412	0.000243546
42.1156336	0.000608865
42.1278552	0.000304433
42.1400768	0.000547979
42.1522984	0.000365319
42.16452	0.000608865
42.1767416	0.000243546
42.1889632	0.000426206
42.2011848	0.000487092
42.2134064	0.000365319
42.225628	0.000426206
42.2378496	0.000121773
42.2500712	0.000791525
42.2622928	0.00018266
42.2745144	0.000608865
42.286736	0.000365319
42.2989576	0.000487092
42.3111792	0.000426206
42.3234008	0.000487092
42.3356224	0.000304433
42.347844	0.000608865
42.3600656	0.000730638
42.3722872	0.000487092
42.3845088	0.000608865
42.3967304	0.000426206
42.408952	0.000547979
42.4211736	0.000487092
42.4333952	0.000730638
42.4456168	0.000365319
42.4578384	0.000608865
42.47006	0.000304433
42.4822816	0.000730638
42.4945032	0.000547979
42.5067248	0.000608865
42.5189464	0.000304433
42.531168	0.00018266
42.5433896	0.000791525
42.5556112	0.000669752
42.5678328	0.000547979
42.5800544	0.000608865
42.592276	0.000608865
42.6044976	0.000791525
42.6167192	0.000426206
42.6289408	0.000547979
42.6411624	0.000243546
42.653384	0.000547979
42.6656056	0.000243546
42.6778272	0.000243546
42.6900488	0.000426206
42.7022704	0.000365319
42.714492	0.000426206
42.7267136	0.000547979
42.7389352	0.000608865
42.7511568	0.000669752
42.7633784	0.000547979
42.7756	0.000669752
42.7878216	0.000487092
42.8000432	0.000365319
42.8122648	0.000426206
42.8244864	0.000608865
42.836708	0.000730638
42.8489296	0.000608865
42.8611512	0.000365319
42.8733728	0.000608865
42.8855944	0.000426206
42.897816	0.000608865
42.9100376	0.000121773
42.9222592	0.000487092
42.9344808	0.000487092
42.9467024	0.000791525
42.958924	0.000304433
42.9711456	0.000365319
42.9833672	0.000791525
42.9955888	0.000791525
43.0078104	0.000426206
43.020032	0.000243546
43.0322536	0.000426206
43.0444752	0.000608865
43.0566968	0.000304433
43.0689184	0.000547979
43.08114	0.000730638
43.0933616	0.000304433
43.1055832	0.000426206
43.1178048	0.000730638
43.1300264	0.000304433
43.142248	0.000852411
43.1544696	0.000669752
43.1666912	0.000669752
43.1789128	0.000608865
43.1911344	0.000487092
43.203356	0.000304433
43.2155776	0.000365319
43.2277992	0.000426206
43.2400208	0.000547979
43.2522424	0.000426206
43.264464	0.000304433
43.2766856	0.000243546
43.2889072	0.001035071
43.3011288	0.000426206
43.3133504	0.000669752
43.325572	0.000243546
43.3377936	0.000852411
43.3500152	0.000304433
43.3622368	0.000487092
43.3744584	0.000669752
43.38668	0.000304433
43.3989016	0.000608865
43.4111232	0.000487092
43.4233448	0.000243546
43.4355664	0.000243546
43.447788	0.000487092
43.4600096	0.000365319
43.4722312	0.000487092
43.4844528	0.000608865
43.4966744	0.000608865
43.508896	0.000365319
43.5211176	0.000487092
43.5333392	0.000669752
43.5455608	0.000243546
43.5577824	0.000547979
43.570004	0.000608865
43.5822256	0.000669752
43.5944472	0.000547979
43.6066688	0.000669752
43.6188904	0.001035071
43.631112	0.000487092
43.6433336	0.000487092
43.6555552	0.000487092
43.6677768	0.000304433
43.6799984	0.000608865
43.69222	0.000487092
43.7044416	0.000547979
43.7166632	0.000487092
43.7288848	0.000365319
43.7411064	0.000547979
43.753328	0.000426206
43.7655496	0.000547979
43.7777712	0.000487092
43.7899928	0.000426206
43.8022144	0.000426206
43.814436	0.000669752
43.8266576	0.000669752
43.8388792	0.000365319
43.8511008	0.000608865
43.8633224	0.000547979
43.875544	0.000426206
43.8877656	0.000547979
43.8999872	0.000426206
43.9122088	0.000487092
43.9244304	0.000487092
43.936652	0.000426206
43.9488736	0.000304433
43.9610952	0.000426206
43.9733168	0.000669752
43.9855384	0.000547979
43.99776	0.000304433
44.0099816	0.000913298
44.0222032	0.000487092
44.0344248	0.000487092
44.0466464	0.000487092
44.058868	0.000669752
44.0710896	0.000791525
44.0833112	0.000608865
44.0955328	0.00018266
44.1077544	0.000974184
44.119976	0.000487092
44.1321976	0.000426206
44.1444192	0.000426206
44.1566408	0.000304433
44.1688624	0.000426206
44.181084	0.000487092
44.1933056	0.000487092
44.2055272	0.000121773
44.2177488	0.00018266
44.2299704	0.000426206
44.242192	0.000426206
44.2544136	0.000730638
44.2666352	0.000365319
44.2788568	0.000608865
44.2910784	0.000487092
44.3033	0.000974184
44.3155216	0.000426206
44.3277432	0.000791525
44.3399648	0.000426206
44.3521864	0.000365319
44.364408	0.000365319
44.3766296	0.000547979
44.3888512	0.000365319
44.4010728	0.000547979
44.4132944	0.000669752
44.425516	0.000487092
44.4377376	0.000669752
44.4499592	0.000852411
44.4621808	0.000669752
44.4744024	0.000487092
44.486624	0.000487092
44.4988456	0.000608865
44.5110672	0.000304433
44.5232888	0.000669752
44.5355104	0.000852411
44.547732	0.000608865
44.5599536	0.000852411
44.5721752	0.000426206
44.5843968	0.000547979
44.5966184	0.000730638
44.60884	0.000791525
44.6210616	0.000304433
44.6332832	0.00018266
44.6455048	0.000304433
44.6577264	0.000365319
44.669948	0.000547979
44.6821696	0.000730638
44.6943912	0.000304433
44.7066128	0.000365319
44.7188344	0.000304433
44.731056	0.00018266
44.7432776	0.000365319
44.7554992	0.000730638
44.7677208	0.00018266
44.7799424	0.000426206
44.792164	0.000426206
44.8043856	0.000547979
44.8166072	0.000243546
44.8288288	0.000243546
44.8410504	0.000547979
44.853272	0.000487092
44.8654936	0.000547979
44.8777152	0.000365319
44.8899368	0.000487092
44.9021584	0.000608865
44.91438	0.000304433
44.9266016	0.000304433
44.9388232	0.000547979
44.9510448	0.000365319
44.9632664	0.000547979
44.975488	0.000608865
44.9877096	0.00018266
44.9999312	0.000608865
45.0121528	0.000426206
45.0243744	0.000608865
45.036596	0.000730638
45.0488176	0.000669752
45.0610392	0.000365319
45.0732608	0.000487092
45.0854824	0.000243546
45.097704	0.000487092
45.1099256	0.000608865
45.1221472	0.000365319
45.1343688	0.000426206
45.1465904	0.000487092
45.158812	0.000547979
45.1710336	0.000852411
45.1832552	0.000365319
45.1954768	0.000547979
45.2076984	0.000608865
45.21992	0.000730638
45.2321416	0.000487092
45.2443632	0.000426206
45.2565848	0.000243546
45.2688064	0.000730638
45.281028	0.000547979
45.2932496	0.000730638
45.3054712	0.000426206
45.3176928	0.000426206
45.3299144	0.000487092
45.342136	0.000547979
45.3543576	0.000426206
45.3665792	0.000426206
45.3788008	0.000913298
45.3910224	0.000426206
45.403244	0.000547979
45.4154656	0.000304433
45.4276872	0.000365319
45.4399088	0.000304433
45.4521304	0.000365319
45.464352	0.000669752
45.4765736	0.000426206
45.4887952	0.000608865
45.5010168	0.000365319
45.5132384	0.000243546
45.52546	0.000669752
45.5376816	0.000365319
45.5499032	0.000243546
45.5621248	0.000304433
45.5743464	0.000426206
45.586568	0.000487092
45.5987896	0.000426206
45.6110112	0.000791525
45.6232328	0.000669752
45.6354544	0.000243546
45.647676	0.000608865
45.6598976	0.000426206
45.6721192	0.000730638
45.6843408	0.000304433
45.6965624	0.000365319
45.708784	0.000487092
45.7210056	0.000547979
45.7332272	0.000365319
45.7454488	0.000426206
45.7576704	0.000426206
45.769892	0.00018266
45.7821136	0.000487092
45.7943352	0.000426206
45.8065568	0.000487092
45.8187784	0.000608865
45.831	0.000243546
45.8432216	0.000608865
45.8554432	0.000791525
45.8676648	0.000547979
45.8798864	0.000852411
45.892108	0.000365319
45.9043296	0.000426206
45.9165512	0.000487092
45.9287728	0.000669752
45.9409944	0.000487092
45.953216	0.000487092
45.9654376	0.000547979
45.9776592	0.000974184
45.9898808	0.000365319
46.0021024	0.000487092
46.014324	0.000669752
46.0265456	0.000608865
46.0387672	0.000608865
46.0509888	0.000365319
46.0632104	0.000304433
46.075432	0.000913298
46.0876536	0.000487092
46.0998752	0.000304433
46.1120968	0.000304433
46.1243184	0.000730638
46.13654	0.000365319
46.1487616	0.000608865
46.1609832	0.000669752
46.1732048	0.000487092
46.1854264	0.000608865
46.197648	0.000426206
46.2098696	0.000913298
46.2220912	0.000487092
46.2343128	0.000487092
46.2465344	0.000365319
46.258756	0.000365319
46.2709776	0.000791525
46.2831992	0.000487092
46.2954208	0.000426206
46.3076424	0.000304433
46.319864	0.000304433
46.3320856	0.000669752
46.3443072	0.000365319
46.3565288	0.000487092
46.3687504	0.000487092
46.380972	0.000365319
46.3931936	0.000547979
46.4054152	0.000487092
46.4176368	0.000608865
46.4298584	0.000913298
46.44208	0.000608865
46.4543016	0.000791525
46.4665232	0.000304433
46.4787448	0.000730638
46.4909664	0.000365319
46.503188	0.000547979
46.5154096	0.000669752
46.5276312	0.000365319
46.5398528	0.000487092
46.5520744	0.000791525
46.564296	0.000365319
46.5765176	0.000121773
46.5887392	0.000426206
46.6009608	0.000852411
46.6131824	0.000304433
46.625404	0.000365319
46.6376256	0.000547979
46.6498472	0.000608865
46.6620688	0.000426206
46.6742904	0.000669752
46.686512	0.000365319
46.6987336	0.000730638
46.7109552	0.000730638
46.7231768	0.000426206
46.7353984	0.000852411
46.74762	0.000608865
46.7598416	0.000304433
46.7720632	0.000608865
46.7842848	0.000852411
46.7965064	0.000608865
46.808728	0.000547979
46.8209496	0.000791525
46.8331712	0.000487092
46.8453928	0.000547979
46.8576144	0.000547979
46.869836	0.000669752
46.8820576	0.000547979
46.8942792	0.000243546
46.9065008	0.000669752
46.9187224	0.000913298
46.930944	0.000304433
46.9431656	0.000487092
46.9553872	0.000608865
46.9676088	0.000243546
46.9798304	0.000608865
46.992052	0.000426206
47.0042736	0.000365319
47.0164952	0.000365319
47.0287168	0.000791525
47.0409384	0.000669752
47.05316	0.000365319
47.0653816	0.000852411
47.0776032	0.000547979
47.0898248	0.000365319
47.1020464	0.000608865
47.114268	0.000730638
47.1264896	0.000791525
47.1387112	0.000487092
47.1509328	0.000852411
47.1631544	0.000487092
47.175376	0.000304433
47.1875976	0.000852411
47.1998192	0.000852411
47.2120408	0.000487092
47.2242624	0.000791525
47.236484	0.000913298
47.2487056	0.000365319
47.2609272	0.000608865
47.2731488	0.000608865
47.2853704	0.000426206
47.297592	0.000730638
47.3098136	0.000608865
47.3220352	0.000669752
47.3342568	0.000669752
47.3464784	0.000426206
47.3587	0.000730638
47.3709216	0.001156844
47.3831432	0.000852411
47.3953648	0.000669752
47.4075864	0.000487092
47.419808	0.001035071
47.4320296	0.000913298
47.4442512	0.000547979
47.4564728	0.000547979
47.4686944	0.000487092
47.480916	0.000852411
47.4931376	0.000547979
47.5053592	0.000852411
47.5175808	0.000608865
47.5298024	0.000608865
47.542024	0.000426206
47.5542456	0.000852411
47.5664672	0.000974184
47.5786888	0.000487092
47.5909104	0.000608865
47.603132	0.000547979
47.6153536	0.000913298
47.6275752	0.001278617
47.6397968	0.001035071
47.6520184	0.000913298
47.66424	0.000974184
47.6764616	0.000730638
47.6886832	0.000791525
47.7009048	0.001035071
47.7131264	0.00140039
47.725348	0.000852411
47.7375696	0.00140039
47.7497912	0.001339503
47.7620128	0.001461276
47.7742344	0.001278617
47.786456	0.001887482
47.7986776	0.001461276
47.8108992	0.001522163
47.8231208	0.001826595
47.8353424	0.002070141
47.847564	0.00261812
47.8597856	0.002191914
47.8720072	0.003774963
47.8842288	0.002191914
47.8964504	0.002983439
47.908672	0.001095957
47.9208936	0.000304433
47.9331152	0
47.9453368	0
47.9575584	0
47.96978	0
47.9820016	0
47.9942232	0
48.0064448	0
48.0186664	0
48.030888	0
48.0431096	0
48.0553312	6.09E-05
48.0675528	6.09E-05
48.0797744	0
48.091996	0
48.1042176	0
48.1164392	0
48.1286608	0
48.1408824	0
48.153104	6.09E-05
48.1653256	6.09E-05
48.1775472	0
48.1897688	0
48.2019904	0
48.214212	0
48.2264336	0
48.2386552	0
48.2508768	0
48.2630984	0
48.27532	0
48.2875416	0
48.2997632	0
48.3119848	0
48.3242064	0
48.336428	0
48.3486496	0
48.3608712	0
48.3730928	0
48.3853144	0
48.397536	0
48.4097576	0
48.4219792	6.09E-05
48.4342008	6.09E-05
48.4464224	0
48.458644	0
48.4708656	0
48.4830872	0
48.4953088	0
48.5075304	0
48.519752	0
48.5319736	0
48.5441952	0
48.5564168	6.09E-05
48.5686384	6.09E-05
48.58086	0
48.5930816	0
48.6053032	0
48.6175248	6.09E-05
48.6297464	6.09E-05
48.641968	0
48.6541896	0
48.6664112	0
48.6786328	0
48.6908544	0
48.703076	0
48.7152976	0
48.7275192	0
48.7397408	0
48.7519624	0
48.764184	0
48.7764056	0
48.7886272	0
48.8008488	6.09E-05
48.8130704	6.09E-05
48.825292	0
48.8375136	0
48.8497352	0
48.8619568	6.09E-05
48.8741784	6.09E-05
48.8864	0
48.8986216	0
48.9108432	0
48.9230648	0
48.9352864	0
48.947508	6.09E-05
48.9597296	6.09E-05
48.9719512	0
48.9841728	0
48.9963944	0
49.008616	0
49.0208376	0
49.0330592	0
49.0452808	0
49.0575024	0
49.069724	0
49.0819456	0
49.0941672	0
49.1063888	0
49.1186104	0
49.130832	0
49.1430536	0
49.1552752	0
49.1674968	6.09E-05
49.1797184	6.09E-05
49.19194	0
49.2041616	0
49.2163832	0
49.2286048	6.09E-05
49.2408264	6.09E-05
49.253048	0
49.2652696	0
49.2774912	0
49.2897128	0
49.3019344	0
49.314156	0
49.3263776	0
49.3385992	0
49.3508208	0
49.3630424	0
49.375264	0
49.3874856	0
49.3997072	0
49.4119288	0
49.4241504	0
49.436372	6.09E-05
49.4485936	6.09E-05
49.4608152	0
49.4730368	0
49.4852584	0
49.49748	0
49.5097016	0
49.5219232	0
49.5341448	0
49.5463664	0
49.558588	0
49.5708096	0
49.5830312	0
49.5952528	0
49.6074744	0
49.619696	6.09E-05
49.6319176	6.09E-05
49.6441392	0
49.6563608	0.000121773
49.6685824	0.000121773
49.680804	0
49.6930256	0
49.7052472	0
49.7174688	0
49.7296904	0
49.741912	0
49.7541336	0
49.7663552	6.09E-05
49.7785768	6.09E-05
49.7907984	0
49.80302	0
49.8152416	0
49.8274632	0
49.8396848	0
49.8519064	0
49.864128	0
49.8763496	0
49.8885712	0
49.9007928	0
49.9130144	0
49.925236	0
49.9374576	0
49.9496792	0
49.9619008	0.000121773
49.9741224	0.000121773
49.986344	0
49.9985656	0
50.0107872	0
50.0230088	0
50.0352304	0
50.047452	0