#time	counts
0	0
0.0122216	0
0.0244432	0
0.0366648	0
0.0488864	0
0.061108	0
0.0733296	0
0.0855512	0
0.0977728	0
0.1099944	0
0.122216	0
0.1344376	0
0.1466592	0
0.1588808	0
0.1711024	0
0.183324	0
0.1955456	0
0.2077672	0
0.2199888	0
0.2322104	0
0.244432	0
0.2566536	0
0.2688752	0
0.2810968	0
0.2933184	0
0.30554	0
0.3177616	0
0.3299832	0
0.3422048	0
0.3544264	0
0.366648	0
0.3788696	0
0.3910912	0
0.4033128	0
0.4155344	0
0.427756	0
0.4399776	0
0.4521992	0.000214638
0.4644208	0
0.4766424	0.000107319
0.488864	0.000429277
0.5010856	0.000214638
0.5133072	0.000214638
0.5255288	0.000321958
0.5377504	0.000107319
0.549972	0.000107319
0.5621936	0.000429277
0.5744152	0.000107319
0.5866368	0.000643915
0.5988584	0.000536596
0.61108	0.000536596
0.6233016	0.000643915
0.6355232	0.000643915
0.6477448	0.000858553
0.6599664	0.000751234
0.672188	0.000107319
0.6844096	0.000429277
0.6966312	0.000429277
0.7088528	0.000751234
0.7210744	0.000858553
0.733296	0.000429277
0.7455176	0.000429277
0.7577392	0.000107319
0.7699608	0.000429277
0.7821824	0.000107319
0.794404	0.000751234
0.8066256	0.000321958
0.8188472	0.000536596
0.8310688	0.000321958
0.8432904	0.000321958
0.855512	0.000214638
0.8677336	0.000536596
0.8799552	0.000858553
0.8921768	0.000321958
0.9043984	0.000107319
0.91662	0.000536596
0.9288416	0.000429277
0.9410632	0.000536596
0.9532848	0.000214638
0.9655064	0.000536596
0.977728	0
0.9899496	0.000429277
1.0021712	0.000321958
1.0143928	0.000214638
1.0266144	0.000643915
1.038836	0.000965873
1.0510576	0.000321958
1.0632792	0.000643915
1.0755008	0.000321958
1.0877224	0.000643915
1.099944	0.000429277
1.1121656	0.000536596
1.1243872	0.000321958
1.1366088	0.000321958
1.1488304	0.000214638
1.161052	0.000643915
1.1732736	0.000858553
1.1854952	0.000214638
1.1977168	0.000536596
1.2099384	0.000751234
1.22216	0.000321958
1.2343816	0.000751234
1.2466032	0.000643915
1.2588248	0.000321958
1.2710464	0.000965873
1.283268	0.000321958
1.2954896	0.000429277
1.3077112	0.000429277
1.3199328	0.000429277
1.3321544	0.000536596
1.344376	0.000429277
1.3565976	0.000858553
1.3688192	0.000643915
1.3810408	0.001180511
1.3932624	0.000536596
1.405484	0.000321958
1.4177056	0.000536596
1.4299272	0.000643915
1.4421488	0.000107319
1.4543704	0.000429277
1.466592	0.000643915
1.4788136	0.000858553
1.4910352	0.000858553
1.5032568	0.000643915
1.5154784	0.000429277
1.5277	0.000536596
1.5399216	0.000751234
1.5521432	0.000858553
1.5643648	0.000751234
1.5765864	0.001073192
1.588808	0.000643915
1.6010296	0.000429277
1.6132512	0.000107319
1.6254728	0.000643915
1.6376944	0.000107319
1.649916	0.000429277
1.6621376	0.000965873
1.6743592	0.000751234
1.6865808	0.000429277
1.6988024	0.000965873
1.711024	0.000751234
1.7232456	0.000751234
1.7354672	0.000536596
1.7476888	0.000643915
1.7599104	0.000536596
1.772132	0.000751234
1.7843536	0.000858553
1.7965752	0.00128783
1.8087968	0.000643915
1.8210184	0.000751234
1.83324	0.000536596
1.8454616	0.000965873
1.8576832	0.000751234
1.8699048	0.000536596
1.8821264	0.001073192
1.894348	0.000643915
1.9065696	0.000429277
1.9187912	0.000751234
1.9310128	0.000751234
1.9432344	0.000536596
1.955456	0.000643915
1.9676776	0.000643915
1.9798992	0.000321958
1.9921208	0.000536596
2.0043424	0.000643915
2.016564	0.000536596
2.0287856	0.000536596
2.0410072	0.000429277
2.0532288	0.000429277
2.0654504	0.000214638
2.077672	0.001395149
2.0898936	0.000643915
2.1021152	0.000751234
2.1143368	0.000536596
2.1265584	0.000536596
2.13878	0.000536596
2.1510016	0.000858553
2.1632232	0.000858553
2.1754448	0.000858553
2.1876664	0.001180511
2.199888	0.000643915
2.2121096	0.000321958
2.2243312	0.000965873
2.2365528	0.000643915
2.2487744	0.000965873
2.260996	0.000751234
2.2732176	0.000751234
2.2854392	0.000751234
2.2976608	0.000965873
2.3098824	0.000536596
2.322104	0.000965873
2.3343256	0.000858553
2.3465472	0.000751234
2.3587688	0.000858553
2.3709904	0.000858553
2.383212	0.000965873
2.3954336	0.000858553
2.4076552	0.000858553
2.4198768	0.001073192
2.4320984	0.000429277
2.44432	0.000643915
2.4565416	0.000858553
2.4687632	0.000643915
2.4809848	0.000858553
2.4932064	0.000965873
2.505428	0.000536596
2.5176496	0.000858553
2.5298712	0.00128783
2.5420928	0.000858553
2.5543144	0.000214638
2.566536	0.001395149
2.5787576	0.000965873
2.5909792	0.000429277
2.6032008	0.000643915
2.6154224	0.000965873
2.627644	0.000429277
2.6398656	0.000214638
2.6520872	0.000858553
2.6643088	0.000321958
2.6765304	0.000643915
2.688752	0.000429277
2.7009736	0.001180511
2.7131952	0.000858553
2.7254168	0.001180511
2.7376384	0.000321958
2.74986	0.000858553
2.7620816	0.000536596
2.7743032	0.000751234
2.7865248	0.001073192
2.7987464	0.000965873
2.810968	0.000214638
2.8231896	0.000321958
2.8354112	0.000858553
2.8476328	0.000643915
2.8598544	0.000965873
2.872076	0.000643915
2.8842976	0.000643915
2.8965192	0.001717107
2.9087408	0.001073192
2.9209624	0.001073192
2.933184	0.000751234
2.9454056	0.001180511
2.9576272	0.000536596
2.9698488	0.001073192
2.9820704	0.000858553
2.994292	0.000751234
3.0065136	0.000965873
3.0187352	0.000429277
3.0309568	0.000858553
3.0431784	0.000751234
3.0554	0.001073192
3.0676216	0.000751234
3.0798432	0.000965873
3.0920648	0.000643915
3.1042864	0.000429277
3.116508	0.000536596
3.1287296	0.000429277
3.1409512	0.000751234
3.1531728	0.000321958
3.1653944	0.000536596
3.177616	0.000965873
3.1898376	0.000429277
3.2020592	0.001180511
3.2142808	0.000321958
3.2265024	0.000965873
3.238724	0.000536596
3.2509456	0.000965873
3.2631672	0.000536596
3.2753888	0.000321958
3.2876104	0.000536596
3.299832	0.000429277
3.3120536	0.000536596
3.3242752	0.000214638
3.3364968	0.000536596
3.3487184	0.000751234
3.36094	0.000965873
3.3731616	0.000965873
3.3853832	0.000858553
3.3976048	0.001073192
3.4098264	0.000536596
3.422048	0.000321958
3.4342696	0.000643915
3.4464912	0.000536596
3.4587128	0.000751234
3.4709344	0.000429277
3.483156	0.000214638
3.4953776	0.000643915
3.5075992	0.000858553
3.5198208	0.000321958
3.5320424	0.000429277
3.544264	0.000751234
3.5564856	0.000965873
3.5687072	0.000107319
3.5809288	0.000536596
3.5931504	0.000429277
3.605372	0.000965873
3.6175936	0.000858553
3.6298152	0.000536596
3.6420368	0.000965873
3.6542584	0.001073192
3.66648	0.000536596
3.6787016	0.000643915
3.6909232	0.000429277
3.7031448	0.000536596
3.7153664	0.000643915
3.727588	0.000536596
3.7398096	0.000429277
3.7520312	0.000643915
3.7642528	0.000536596
3.7764744	0.000643915
3.788696	0.000858553
3.8009176	0.000214638
3.8131392	0.000751234
3.8253608	0.000751234
3.8375824	0.001073192
3.849804	0.000536596
3.8620256	0.000429277
3.8742472	0.001073192
3.8864688	0.000965873
3.8986904	0.000536596
3.910912	0.000643915
3.9231336	0.000858553
3.9353552	0.000858553
3.9475768	0.000429277
3.9597984	0.000643915
3.97202	0.000214638
3.9842416	0.000214638
3.9964632	0.000536596
4.0086848	0.000536596
4.0209064	0.000214638
4.033128	0.000858553
4.0453496	0.000751234
4.0575712	0.000965873
4.0697928	0.000751234
4.0820144	0.000321958
4.094236	0.001180511
4.1064576	0.000536596
4.1186792	0.000536596
4.1309008	0.000643915
4.1431224	0.000858553
4.155344	0.001180511
4.1675656	0.000643915
4.1797872	0.000536596
4.1920088	0.000429277
4.2042304	0.000751234
4.216452	0.000643915
4.2286736	0.000321958
4.2408952	0.000858553
4.2531168	0.000536596
4.2653384	0.000536596
4.27756	0.000536596
4.2897816	0.000536596
4.3020032	0.000751234
4.3142248	0.000858553
4.3264464	0.000858553
4.338668	0.000536596
4.3508896	0.000321958
4.3631112	0.000751234
4.3753328	0.000536596
4.3875544	0.000751234
4.399776	0.000536596
4.4119976	0.000536596
4.4242192	0.000643915
4.4364408	0.000429277
4.4486624	0.000429277
4.460884	0.000536596
4.4731056	0.000429277
4.4853272	0.000751234
4.4975488	0.00128783
4.5097704	0.000321958
4.521992	0.000429277
4.5342136	0.000321958
4.5464352	0.000751234
4.5586568	0.000643915
4.5708784	0.000643915
4.5831	0.000429277
4.5953216	0.001073192
4.6075432	0.000214638
4.6197648	0.000965873
4.6319864	0.000643915
4.644208	0.000643915
4.6564296	0.000751234
4.6686512	0.000751234
4.6808728	0.000429277
4.6930944	0
4.705316	0.000107319
4.7175376	0.000751234
4.7297592	0.000643915
4.7419808	0.000643915
4.7542024	0.000858553
4.766424	0.000536596
4.7786456	0.000965873
4.7908672	0.000751234
4.8030888	0.001073192
4.8153104	0.000751234
4.827532	0.000643915
4.8397536	0.000751234
4.8519752	0.001073192
4.8641968	0.000858553
4.8764184	0.000429277
4.88864	0.000643915
4.9008616	0.000643915
4.9130832	0.000858553
4.9253048	0.000429277
4.9375264	0.000536596
4.949748	0.000429277
4.9619696	0.000751234
4.9741912	0.000965873
4.9864128	0.000429277
4.9986344	0.000321958
5.010856	0.001395149
5.0230776	0.000965873
5.0352992	0.000536596
5.0475208	0.000429277
5.0597424	0.000536596
5.071964	0.000321958
5.0841856	0.000643915
5.0964072	0.000643915
5.1086288	0.000858553
5.1208504	0.000321958
5.133072	0.000643915
5.1452936	0.000858553
5.1575152	0.000858553
5.1697368	0.000751234
5.1819584	0.000751234
5.19418	0.000751234
5.2064016	0.00128783
5.2186232	0.000751234
5.2308448	0.000214638
5.2430664	0.000321958
5.255288	0.000858553
5.2675096	0.001073192
5.2797312	0.000536596
5.2919528	0.000858553
5.3041744	0.000751234
5.316396	0.000214638
5.3286176	0.000965873
5.3408392	0.001073192
5.3530608	0.000643915
5.3652824	0.000751234
5.377504	0.000751234
5.3897256	0.001180511
5.4019472	0.000536596
5.4141688	0.000858553
5.4263904	0.000643915
5.438612	0.000643915
5.4508336	0.000965873
5.4630552	0.000429277
5.4752768	0.000965873
5.4874984	0.001180511
5.49972	0.000858553
5.5119416	0.000536596
5.5241632	0.000429277
5.5363848	0.000858553
5.5486064	0.000965873
5.560828	0.000536596
5.5730496	0.000643915
5.5852712	0.001073192
5.5974928	0.000643915
5.6097144	0.001073192
5.621936	0.000321958
5.6341576	0.000643915
5.6463792	0.000751234
5.6586008	0.000536596
5.6708224	0.000965873
5.683044	0.000751234
5.6952656	0.000643915
5.7074872	0.000751234
5.7197088	0.000321958
5.7319304	0.001073192
5.744152	0.000643915
5.7563736	0.000643915
5.7685952	0.000429277
5.7808168	0.000751234
5.7930384	0.000751234
5.80526	0.001073192
5.8174816	0.000429277
5.8297032	0.001073192
5.8419248	0.000858553
5.8541464	0.000429277
5.866368	0.000321958
5.8785896	0.000965873
5.8908112	0.000536596
5.9030328	0.000965873
5.9152544	0.000536596
5.927476	0.000536596
5.9396976	0.001609788
5.9519192	0.000858553
5.9641408	0.000643915
5.9763624	0.001180511
5.988584	0.000429277
6.0008056	0.000536596
6.0130272	0.000643915
6.0252488	0.000107319
6.0374704	0.000751234
6.049692	0.000751234
6.0619136	0.000643915
6.0741352	0.000965873
6.0863568	0.000321958
6.0985784	0.000536596
6.1108	0.000643915
6.1230216	0.000965873
6.1352432	0.000965873
6.1474648	0.000536596
6.1596864	0.000858553
6.171908	0.000536596
6.1841296	0.000536596
6.1963512	0.000214638
6.2085728	0.000965873
6.2207944	0.001180511
6.233016	0.000751234
6.2452376	0.000643915
6.2574592	0.000536596
6.2696808	0.000107319
6.2819024	0.000536596
6.294124	0.001073192
6.3063456	0.000751234
6.3185672	0.001073192
6.3307888	0.000643915
6.3430104	0.000536596
6.355232	0.001609788
6.3674536	0.000751234
6.3796752	0.000858553
6.3918968	0.000965873
6.4041184	0.000643915
6.41634	0.000321958
6.4285616	0.000965873
6.4407832	0.000643915
6.4530048	0.000536596
6.4652264	0.000643915
6.477448	0.000858553
6.4896696	0.001073192
6.5018912	0.000321958
6.5141128	0.001073192
6.5263344	0.000751234
6.538556	0.000858553
6.5507776	0.000858553
6.5629992	0.000643915
6.5752208	0.000536596
6.5874424	0.000643915
6.599664	0.000643915
6.6118856	0.000429277
6.6241072	0.001073192
6.6363288	0.001073192
6.6485504	0.000536596
6.660772	0.000858553
6.6729936	0.000965873
6.6852152	0.001073192
6.6974368	0.000858553
6.7096584	0.001180511
6.72188	0.000965873
6.7341016	0.000751234
6.7463232	0.000858553
6.7585448	0.000643915
6.7707664	0.00128783
6.782988	0.000536596
6.7952096	0.000429277
6.8074312	0.000429277
6.8196528	0.000858553
6.8318744	0.001073192
6.844096	0.000751234
6.8563176	0.000858553
6.8685392	0.000536596
6.8807608	0.001073192
6.8929824	0.000536596
6.905204	0.000536596
6.9174256	0.000536596
6.9296472	0.000965873
6.9418688	0.000429277
6.9540904	0.000643915
6.966312	0.001180511
6.9785336	0.000321958
6.9907552	0.000858553
7.0029768	0.000536596
7.0151984	0.000643915
7.02742	0.000751234
7.0396416	0.000858553
7.0518632	0.000858553
7.0640848	0.001502468
7.0763064	0.000858553
7.088528	0.000751234
7.1007496	0.000643915
7.1129712	0.000965873
7.1251928	0.000858553
7.1374144	0.001073192
7.149636	0.000429277
7.1618576	0.000965873
7.1740792	0.000429277
7.1863008	0.00128783
7.1985224	0.000751234
7.210744	0.001073192
7.2229656	0.000536596
7.2351872	0.000965873
7.2474088	0.00128783
7.2596304	0.000643915
7.271852	0.000858553
7.2840736	0.000321958
7.2962952	0.000643915
7.3085168	0.001073192
7.3207384	0.000751234
7.33296	0.000429277
7.3451816	0.000536596
7.3574032	0.000858553
7.3696248	0.000643915
7.3818464	0.001073192
7.394068	0.000536596
7.4062896	0.000751234
7.4185112	0.000965873
7.4307328	0.000751234
7.4429544	0.000965873
7.455176	0.000858553
7.4673976	0.000858553
7.4796192	0.000751234
7.4918408	0.000858553
7.5040624	0.000643915
7.516284	0.000536596
7.5285056	0.000536596
7.5407272	0.000321958
7.5529488	0.000643915
7.5651704	0.000643915
7.577392	0.000751234
7.5896136	0.000858553
7.6018352	0.000429277
7.6140568	0.001073192
7.6262784	0.000858553
7.6385	0.000858553
7.6507216	0.001395149
7.6629432	0.000536596
7.6751648	0.000643915
7.6873864	0.000643915
7.699608	0.000107319
7.7118296	0.000858553
7.7240512	0.000965873
7.7362728	0.000858553
7.7484944	0.000751234
7.760716	0.000965873
7.7729376	0.000536596
7.7851592	0.000429277
7.7973808	0.000751234
7.8096024	0.000751234
7.821824	0.000751234
7.8340456	0.001395149
7.8462672	0.000321958
7.8584888	0.000536596
7.8707104	0.000321958
7.882932	0.000751234
7.8951536	0.000429277
7.9073752	0.000965873
7.9195968	0.000751234
7.9318184	0.001073192
7.94404	0.000429277
7.9562616	0.000751234
7.9684832	0.000429277
7.9807048	0.000858553
7.9929264	0.000965873
8.005148	0.000429277
8.0173696	0.000321958
8.0295912	0.000214638
8.0418128	0.000751234
8.0540344	0.000429277
8.066256	0.000858553
8.0784776	0.000321958
8.0906992	0.000965873
8.1029208	0.000858553
8.1151424	0.000536596
8.127364	0.000751234
8.1395856	0.000965873
8.1518072	0.001180511
8.1640288	0.000321958
8.1762504	0.000214638
8.188472	0.000858553
8.2006936	0.000751234
8.2129152	0.001502468
8.2251368	0.000858553
8.2373584	0.000429277
8.24958	0.000536596
8.2618016	0.000536596
8.2740232	0.000321958
8.2862448	0.000858553
8.2984664	0.000536596
8.310688	0.000858553
8.3229096	0.000643915
8.3351312	0.000643915
8.3473528	0.000536596
8.3595744	0.000858553
8.371796	0.00128783
8.3840176	0.000751234
8.3962392	0.000751234
8.4084608	0.000965873
8.4206824	0.000107319
8.432904	0.000643915
8.4451256	0.000965873
8.4573472	0.000965873
8.4695688	0.000429277
8.4817904	0.00128783
8.494012	0.000536596
8.5062336	0.000536596
8.5184552	0.000751234
8.5306768	0.001180511
8.5428984	0.000536596
8.55512	0.000643915
8.5673416	0.000751234
8.5795632	0.000643915
8.5917848	0.000429277
8.6040064	0.000965873
8.616228	0.000643915
8.6284496	0.000536596
8.6406712	0.000536596
8.6528928	0.000536596
8.6651144	0.000536596
8.677336	0.000751234
8.6895576	0.001073192
8.7017792	0.000536596
8.7140008	0.001073192
8.7262224	0.000214638
8.738444	0.000751234
8.7506656	0.000751234
8.7628872	0.000536596
8.7751088	0.000965873
8.7873304	0.000107319
8.799552	0.000643915
8.8117736	0.000751234
8.8239952	0.001073192
8.8362168	0.000429277
8.8484384	0.000858553
8.86066	0.000965873
8.8728816	0.000429277
8.8851032	0.000321958
8.8973248	0.001073192
8.9095464	0.000536596
8.921768	0.000429277
8.9339896	0.000536596
8.9462112	0.000751234
8.9584328	0.001073192
8.9706544	0.000751234
8.982876	0.000536596
8.9950976	0.001073192
9.0073192	0.000751234
9.0195408	0.000643915
9.0317624	0.000751234
9.043984	0.001073192
9.0562056	0.00128783
9.0684272	0.002361022
9.0806488	0.007512342
9.0928704	0.018995493
9.105092	0.042713029
9.1173136	0.09401159
9.1295352	0.161193389
9.1417568	0.268190599
9.1539784	0.394719897
9.1662	0.517600343
9.1784216	0.631144022
9.1906432	0.735565572
9.2028648	0.82861129
9.2150864	0.866280318
9.227308	0.902446877
9.2395296	0.916505688
9.2517512	0.950955141
9.2639728	0.961687057
9.2761944	0.968770122
9.288416	0.988516849
9.3006376	0.968770122
9.3128592	0.982292337
9.3250808	1
9.3373024	0.984438721
9.349524	0.995063318
9.3617456	0.990448594
9.3739672	0.985189955
9.3861888	0.968770122
9.3984104	0.978536167
9.410632	0.959433355
9.4228536	0.979072762
9.4350752	0.986799742
9.4472968	0.980789869
9.4595184	0.969843314
9.47174	0.982292337
9.4839616	0.976497102
9.4961832	0.965657866
9.5084048	0.959969951
9.5206264	0.96780425
9.532848	0.978214209
9.5450696	0.964262717
9.5572912	0.955462546
9.5695128	0.968662803
9.5817344	0.973921442
9.593956	0.970916506
9.6061776	0.970487229
9.6183992	0.984653359
9.6306208	0.952994205
9.6428424	0.951599056
9.655064	0.963296845
9.6672856	0.966945697
9.6795072	0.962009015
9.6917288	0.954711311
9.7039504	0.93818416
9.716172	0.944730629
9.7283936	0.93174501
9.7406152	0.930027903
9.7528368	0.924769264
9.7650584	0.933891393
9.77728	0.908993346
9.7895016	0.92015454
9.8017232	0.913071475
9.8139448	0.92004722
9.8261664	0.897510195
9.838388	0.898583387
9.8506096	0.895256493
9.8628312	0.899119983
9.8750528	0.904485941
9.8872744	0.871538957
9.899496	0.882914789
9.9117176	0.887422194
9.9239392	0.881090363
9.9361608	0.875295128
9.9483824	0.864133934
9.960604	0.866709594
9.9728256	0.866387637
9.9850472	0.846533591
9.9972688	0.859411891
10.0094904	0.860163125
10.021712	0.834835802
10.0339336	0.849109251
10.0461552	0.834406525
10.0583768	0.826142949
10.0705984	0.826572226
10.08282	0.824533162
10.0950416	0.827108822
10.1072632	0.805108392
10.1194848	0.809401159
10.1317064	0.812620734
10.143928	0.800600987
10.1561496	0.795556986
10.1683712	0.790942262
10.1805928	0.804249839
10.1928144	0.778707877
10.205036	0.779029835
10.2172576	0.774307791
10.2294792	0.770980897
10.2417008	0.770873578
10.2539224	0.775595621
10.266144	0.775595621
10.2783656	0.767117407
10.2905872	0.765078343
10.3028088	0.754561065
10.3150304	0.753165915
10.327252	0.761107534
10.3394736	0.762610002
10.3516952	0.754131788
10.3639168	0.73320455
10.3761384	0.726550762
10.38836	0.74994634
10.4005816	0.736316806
10.4128032	0.724833655
10.4250248	0.724297059
10.4372464	0.718716463
10.449468	0.713672462
10.4616896	0.714531015
10.4739112	0.713565143
10.4861328	0.711096802
10.4983544	0.703047864
10.510576	0.69714531
10.5227976	0.710667525
10.5350192	0.696179438
10.5472408	0.6752522
10.5594624	0.688237819
10.571684	0.687808543
10.5839056	0.674393647
10.5961272	0.678793733
10.6083488	0.665378837
10.6205704	0.683408457
10.632792	0.656900622
10.6450136	0.660442155
10.6572352	0.662266581
10.6694568	0.663232453
10.6816784	0.650998068
10.6939	0.647241897
10.7061216	0.660012878
10.7183432	0.651105387
10.7305648	0.648637047
10.7427864	0.64691994
10.755008	0.640588109
10.7672296	0.625348787
10.7794512	0.621699936
10.7916728	0.623095085
10.8038944	0.624812191
10.816116	0.621056021
10.8283376	0.617407169
10.8405592	0.619982829
10.8527808	0.61987551
10.8650024	0.611182657
10.877224	0.611182657
10.8894456	0.602919081
10.9016672	0.608499678
10.9138888	0.612470487
10.9261104	0.593045718
10.938332	0.601094656
10.9505536	0.59401159
10.9627752	0.580274737
10.9749968	0.588216355
10.9872184	0.59025542
10.99944	0.58124061
11.0116616	0.585426057
11.0238832	0.580489375
11.0361048	0.569435501
11.0483264	0.566430564
11.060548	0.560957287
11.0727696	0.554947414
11.0849912	0.557845031
11.0972128	0.563210989
11.1094344	0.565357373
11.121656	0.552264434
11.1338776	0.56696716
11.1460992	0.555484009
11.1583208	0.546147242
11.1705424	0.562889032
11.182764	0.549259498
11.1949856	0.529727409
11.2072072	0.550869285
11.2194288	0.541854475
11.2316504	0.530156686
11.243872	0.537776347
11.2560936	0.529405452
11.2683152	0.523824855
11.2805368	0.525005366
11.2927584	0.52318094
11.30498	0.510517278
11.3172016	0.521249195
11.3294232	0.520712599
11.3416448	0.512556343
11.3538664	0.512770981
11.366088	0.519854046
11.3783096	0.495599914
11.3905312	0.496351148
11.4027528	0.516097875
11.4149744	0.506117193
11.427196	0.496780425
11.4394176	0.504507405
11.4516392	0.485619232
11.4638608	0.49484868
11.4760824	0.487872934
11.488304	0.490019317
11.5005256	0.481004507
11.5127472	0.498604851
11.5249688	0.479931316
11.5371904	0.479609358
11.549412	0.473599485
11.5616336	0.479287401
11.5738552	0.459862631
11.5860768	0.46780425
11.5982984	0.478750805
11.61052	0.465121271
11.6227416	0.454603992
11.6349632	0.474458038
11.6471848	0.454818631
11.6594064	0.453101524
11.671628	0.456321099
11.6838496	0.445481863
11.6960712	0.44977463
11.7082928	0.4356085
11.7205144	0.444086714
11.732736	0.460613866
11.7449576	0.447735566
11.7571792	0.449452672
11.7694008	0.45235029
11.7816224	0.439901266
11.793844	0.441296416
11.8060656	0.439257351
11.8182872	0.417256922
11.8305088	0.433247478
11.8427304	0.42144237
11.854952	0.427559562
11.8671736	0.415969092
11.8793952	0.413930028
11.8916168	0.407705516
11.9038384	0.428632754
11.91606	0.421549689
11.9282816	0.410495815
11.9405032	0.411354368
11.9527248	0.4098519
11.9649464	0.405773771
11.977168	0.401159047
11.9893896	0.412964155
12.0016112	0.410925091
12.0138328	0.397510195
12.0260544	0.400407813
12.038276	0.414359305
12.0504976	0.396544323
12.0627192	0.395363812
12.0749408	0.393968663
12.0871624	0.40598841
12.099384	0.38785147
12.1116056	0.40341275
12.1238272	0.379480575
12.1360488	0.380446448
12.1482704	0.37754883
12.160492	0.376797596
12.1727136	0.385383129
12.1849352	0.379373256
12.1971568	0.377119554
12.2093784	0.373578021
12.2216	0.376904915
12.2338216	0.374221936
12.2460432	0.378622022
12.2582648	0.376368319
12.2704864	0.366065679
12.282708	0.361558274
12.2949296	0.368104744
12.3071512	0.37110968
12.3193728	0.358446018
12.3315944	0.374114617
12.343816	0.352221507
12.3560376	0.359304572
12.3682592	0.368319382
12.3804808	0.358875295
12.3927024	0.354689848
12.404924	0.354797167
12.4171456	0.349967804
12.4293672	0.356299635
12.4415888	0.345889676
12.4538104	0.349431208
12.466032	0.334191887
12.4782536	0.33891393
12.4904752	0.342133505
12.5026968	0.343957931
12.5149184	0.339772483
12.52714	0.339450526
12.5393616	0.335372398
12.5515832	0.332152822
12.5638048	0.337948058
12.5760264	0.327430779
12.588248	0.32603563
12.6004696	0.332045503
12.6126912	0.325928311
12.6249128	0.326142949
12.6371344	0.320669672
12.649356	0.31573299
12.6615776	0.315089075
12.6737992	0.323996566
12.6860208	0.317342777
12.6982424	0.315947628
12.710464	0.305001073
12.7226856	0.313479287
12.7349072	0.309186521
12.7471288	0.315089075
12.7593504	0.303391286
12.771572	0.306932818
12.7837936	0.295556986
12.7960152	0.29512771
12.8082368	0.306610861
12.8204584	0.296093582
12.83268	0.307791372
12.8449016	0.303820562
12.8571232	0.294269156
12.8693448	0.303498605
12.8815664	0.294591114
12.893788	0.298132646
12.9060096	0.285576304
12.9182312	0.283000644
12.9304528	0.291908135
12.9426744	0.287937326
12.954896	0.292981326
12.9671176	0.284288474
12.9793392	0.290834943
12.9915608	0.277312728
13.0037824	0.274307791
13.016004	0.285039708
13.0282256	0.283107963
13.0404472	0.27452243
13.0526688	0.288259283
13.0648904	0.278493239
13.077112	0.281283537
13.0893336	0.278278601
13.1015552	0.27452243
13.1137768	0.269907706
13.1259984	0.27581026
13.13822	0.273878515
13.1504416	0.267439365
13.1626632	0.260141661
13.1748848	0.271839451
13.1871064	0.273878515
13.199328	0.2654003
13.2115496	0.264756385
13.2237712	0.262502683
13.2359928	0.275380983
13.2482144	0.251770766
13.260436	0.25767332
13.2726576	0.25767332
13.2848792	0.251878085
13.2971008	0.260570938
13.3093224	0.264863705
13.321544	0.249302425
13.3337656	0.24876583
13.3459872	0.25134149
13.3582088	0.244473063
13.3704304	0.261858768
13.382652	0.240180296
13.3948736	0.252414681
13.4070952	0.245224297
13.4193168	0.242541318
13.4315384	0.240394935
13.44376	0.252522
13.4559816	0.234921657
13.4682032	0.24232668
13.4804248	0.245653574
13.4926464	0.236531445
13.504868	0.230199614
13.5170896	0.233633827
13.5293112	0.232667954
13.5415328	0.233311869
13.5537544	0.238570509
13.565976	0.230521571
13.5781976	0.233311869
13.5904192	0.227301996
13.6026408	0.228911784
13.6148624	0.229770337
13.627084	0.233955785
13.6393056	0.218823782
13.6515272	0.221184804
13.6637488	0.224833655
13.6759704	0.224511698
13.688192	0.22290191
13.7004136	0.226872719
13.7126352	0.218501824
13.7248568	0.212921228
13.7370784	0.218072548
13.7493	0.219682335
13.7615216	0.220970165
13.7737432	0.218072548
13.7859648	0.215067611
13.7981864	0.217535952
13.810408	0.214960292
13.8226296	0.209272376
13.8348512	0.210560206
13.8470728	0.207555269
13.8592944	0.209272376
13.871516	0.209272376
13.8837376	0.213028547
13.8959592	0.211955355
13.9081808	0.205730844
13.9204024	0.206374759
13.932624	0.199077055
13.9448456	0.205516205
13.9570672	0.203477141
13.9692888	0.211096802
13.9815104	0.201116119
13.993732	0.196501395
14.0059536	0.195213565
14.0181752	0.204013737
14.0303968	0.200472204
14.0426184	0.195213565
14.05484	0.191886671
14.0670616	0.18426701
14.0792832	0.193174501
14.0915048	0.19714531
14.1037264	0.190491522
14.115948	0.200901481
14.1281696	0.183193818
14.1403912	0.19456965
14.1526128	0.189525649
14.1648344	0.190491522
14.177056	0.186198755
14.1892776	0.182764542
14.2014992	0.180940116
14.2137208	0.181476712
14.2259424	0.184374329
14.238164	0.182013308
14.2503856	0.174286328
14.2626072	0.176003434
14.2748288	0.179223009
14.2870504	0.185984117
14.299272	0.177076626
14.3114936	0.179652286
14.3237152	0.182227946
14.3359368	0.183515776
14.3481584	0.184374329
14.36038	0.179974243
14.3726016	0.161729985
14.3848232	0.17396437
14.3970448	0.177720541
14.4092664	0.171174072
14.421488	0.169671603
14.4337096	0.167739858
14.4459312	0.178901052
14.4581528	0.167739858
14.4703744	0.167417901
14.482596	0.164412964
14.4948176	0.166022752
14.5070392	0.169886242
14.5192608	0.164520283
14.5314824	0.161300708
14.543704	0.160656793
14.5559256	0.165593475
14.5681472	0.16366173
14.5803688	0.155076197
14.5925904	0.163017815
14.604812	0.164412964
14.6170336	0.154539601
14.6292552	0.158081133
14.6414768	0.155720112
14.6536984	0.169349646
14.66592	0.15464692
14.6781416	0.157651857
14.6903632	0.162266581
14.7025848	0.165915432
14.7148064	0.156364027
14.727028	0.154324962
14.7392496	0.156256707
14.7514712	0.162051942
14.7636928	0.155290835
14.7759144	0.153144452
14.788136	0.154968877
14.8003576	0.149924877
14.8125792	0.147134578
14.8248008	0.148744366
14.8370224	0.151534664
14.849244	0.150139515
14.8614656	0.150461472
14.8736872	0.149388281
14.8859088	0.142841812
14.8981304	0.147778493
14.910352	0.137368534
14.9225736	0.148100451
14.9347952	0.142305216
14.9470168	0.142734492
14.9592384	0.135651427
14.97146	0.144988195
14.9836816	0.134792874
14.9959032	0.148851685
15.0081248	0.14048079
15.0203464	0.134256278
15.032568	0.136295342
15.0447896	0.133934321
15.0570112	0.139729556
15.0692328	0.131358661
15.0814544	0.131036703
15.093676	0.131358661
15.1058976	0.134578236
15.1181192	0.140910067
15.1303408	0.135651427
15.1425624	0.135651427
15.154784	0.129319596
15.1670056	0.130285469
15.1792272	0.123739
15.1914488	0.132324533
15.2036704	0.130929384
15.215892	0.133827002
15.2281136	0.129748873
15.2403352	0.121699936
15.2525568	0.122773127
15.2647784	0.122987766
15.277	0.131358661
15.2892216	0.122236531
15.3014432	0.122665808
15.3136648	0.123631681
15.3258864	0.120197467
15.338108	0.127387851
15.3503296	0.11729985
15.3625512	0.120734063
15.3747728	0.127495171
15.3869944	0.120626744
15.399216	0.123095085
15.4114376	0.116548616
15.4236592	0.12502683
15.4358808	0.120412106
15.4481024	0.116763254
15.460324	0.12116334
15.4725456	0.121377978
15.4847672	0.113650998
15.4969888	0.114187594
15.5092104	0.120090148
15.521432	0.111504615
15.5336536	0.115797381
15.5458752	0.121699936
15.5580968	0.111933891
15.5703184	0.111397296
15.58254	0.113972956
15.5947616	0.115368105
15.6069832	0.115690062
15.6192048	0.11214853
15.6314264	0.112899764
15.643648	0.112255849
15.6558696	0.113221721
15.6680912	0.112899764
15.6803128	0.106460614
15.6925344	0.103670316
15.704756	0.105172784
15.7169776	0.109358231
15.7291992	0.106245976
15.7414208	0.113543679
15.7536424	0.108714316
15.765864	0.110538742
15.7780856	0.104743507
15.7903072	0.114831509
15.8025288	0.102919081
15.8147504	0.109250912
15.826972	0.106675252
15.8391936	0.098197038
15.8514152	0.106889891
15.8636368	0.103884954
15.8758584	0.101309294
15.88808	0.104206911
15.9003016	0.100450741
15.9125232	0.108606997
15.9247448	0.100450741
15.9369664	0.094870144
15.949188	0.10184589
15.9614096	0.100772698
15.9736312	0.096372612
15.9858528	0.093582314
15.9980744	0.100880017
16.010296	0.09787508
16.0225176	0.102704443
16.0347392	0.092401803
16.0469608	0.091650569
16.0591824	0.098089719
16.071404	0.097123846
16.0836256	0.095514059
16.0958472	0.093689633
16.1080688	0.093904271
16.1202904	0.093689633
16.132512	0.09529942
16.1447336	0.095836016
16.1569552	0.091972526
16.1691768	0.089826143
16.1813984	0.092294484
16.19362	0.091006654
16.2058416	0.089718824
16.2180632	0.087787079
16.2302848	0.095514059
16.2425064	0.091221292
16.254728	0.087143164
16.2669496	0.09025542
16.2791712	0.089074909
16.2913928	0.091006654
16.3036144	0.091650569
16.315836	0.086821206
16.3280576	0.095084782
16.3402792	0.087035845
16.3525008	0.08499678
16.3647224	0.090362739
16.376944	0.093260356
16.3891656	0.090470058
16.4013872	0.087894398
16.4136088	0.082850397
16.4258304	0.088752951
16.438052	0.084030908
16.4502736	0.085533376
16.4624952	0.077591758
16.4747168	0.077162481
16.4869384	0.084460185
16.49916	0.080167418
16.5113816	0.078772269
16.5236032	0.080274737
16.5358248	0.080274737
16.5480464	0.088430994
16.560268	0.0851041
16.5724896	0.084138227
16.5847112	0.082743078
16.5969328	0.078021035
16.6091544	0.077055162
16.621376	0.083279674
16.6335976	0.078342992
16.6458192	0.082743078
16.6580408	0.079523503
16.6702624	0.079416184
16.682484	0.081347929
16.6947056	0.078235673
16.7069272	0.080489375
16.7191488	0.074264864
16.7313704	0.080596695
16.743592	0.081777205
16.7558136	0.07866495
16.7680352	0.078879588
16.7802568	0.075552694
16.7924784	0.074479502
16.8047	0.078772269
16.8169216	0.078021035
16.8291432	0.078128354
16.8413648	0.076840524
16.8535864	0.073835587
16.865808	0.071689204
16.8780296	0.07469414
16.8902512	0.06954282
16.9024728	0.074372183
16.9146944	0.070723331
16.926916	0.066108607
16.9391376	0.070294055
16.9513592	0.075016098
16.9635808	0.071152608
16.9758024	0.071689204
16.988024	0.067825714
17.0002456	0.069328182
17.0124672	0.067825714
17.0246888	0.074264864
17.0369104	0.068469629
17.049132	0.0722258
17.0613536	0.069328182
17.0735752	0.06707448
17.0857968	0.067396437
17.0980184	0.067181799
17.11024	0.068040352
17.1224616	0.067933033
17.1346832	0.070079416
17.1469048	0.067718395
17.1591264	0.071045289
17.171348	0.069113544
17.1835696	0.067503756
17.1957912	0.064606139
17.2080128	0.062459755
17.2202344	0.062674394
17.232456	0.062996351
17.2446776	0.067933033
17.2568992	0.064928096
17.2691208	0.061171925
17.2813424	0.062352436
17.293564	0.067718395
17.3057856	0.063210989
17.3180072	0.067396437
17.3302288	0.060957287
17.3424504	0.06310367
17.354672	0.067289118
17.3668936	0.057630393
17.3791152	0.061171925
17.3913368	0.066001288
17.4035584	0.064284181
17.41578	0.058918223
17.4280016	0.060420691
17.4402232	0.061064606
17.4524448	0.067396437
17.4646664	0.059776776
17.476888	0.056771839
17.4891096	0.059776776
17.5013312	0.062352436
17.5135528	0.062137798
17.5257744	0.056986478
17.537996	0.056879159
17.5502176	0.059132861
17.5624392	0.056127924
17.5746608	0.059132861
17.5868824	0.062567074
17.599104	0.055805967
17.6113256	0.056986478
17.6235472	0.054732775
17.6357688	0.062889032
17.6479904	0.054625456
17.660212	0.057523074
17.6724336	0.058596265
17.6846552	0.053015669
17.6968768	0.056986478
17.7090984	0.060635329
17.72132	0.052049796
17.7335416	0.054625456
17.7457632	0.051835158
17.7579848	0.053981541
17.7702064	0.054947414
17.782428	0.053659584
17.7946496	0.055054733
17.8068712	0.053766903
17.8190928	0.056127924
17.8313144	0.053444945
17.843536	0.055162052
17.8557576	0.052586392
17.8679792	0.051298562
17.8802008	0.055162052
17.8924224	0.052157115
17.904644	0.048615583
17.9168656	0.051191243
17.9290872	0.052908349
17.9413088	0.052479073
17.9535304	0.048186306
17.965752	0.055591329
17.9779736	0.048078987
17.9901952	0.053766903
18.0024168	0.052049796
18.0146384	0.050976604
18.02686	0.050976604
18.0390816	0.049688774
18.0513032	0.051620519
18.0635248	0.051405881
18.0757464	0.047757029
18.087968	0.052371754
18.1001896	0.049152179
18.1124112	0.051191243
18.1246328	0.048400944
18.1368544	0.048722902
18.149076	0.047220434
18.1612976	0.046147242
18.1735192	0.049903413
18.1857408	0.048615583
18.1979624	0.045181369
18.210184	0.048722902
18.2224056	0.047971668
18.2346272	0.047005795
18.2468488	0.046576519
18.2590704	0.047435072
18.271292	0.046147242
18.2835136	0.04507405
18.2957352	0.043249624
18.3079568	0.045610646
18.3201784	0.042391071
18.3324	0.043893539
18.3446216	0.044108178
18.3568432	0.045825284
18.3690648	0.046898476
18.3812864	0.044752093
18.393508	0.043571582
18.4057296	0.046898476
18.4179512	0.041854475
18.4301728	0.043678901
18.4423944	0.043356944
18.454616	0.044966731
18.4668376	0.040781284
18.4790592	0.038849539
18.4912808	0.04249839
18.5035024	0.040995922
18.515724	0.042820348
18.5279456	0.045181369
18.5401672	0.046898476
18.5523888	0.038956858
18.5646104	0.043464263
18.576832	0.04249839
18.5890536	0.044537454
18.6012752	0.042713029
18.6134968	0.03992273
18.6257184	0.040244688
18.63794	0.039386134
18.6501616	0.041317879
18.6623832	0.041103241
18.6746048	0.04121056
18.6868264	0.036595836
18.699048	0.042391071
18.7112696	0.039278815
18.7234912	0.040459326
18.7357128	0.038956858
18.7479344	0.035200687
18.760156	0.041961794
18.7723776	0.041854475
18.7845992	0.037454389
18.7968208	0.035308006
18.8090424	0.042927667
18.821264	0.037239751
18.8334856	0.037669028
18.8457072	0.036703155
18.8579288	0.038849539
18.8701504	0.037883666
18.882372	0.037990985
18.8945936	0.037025113
18.9068152	0.039815411
18.9190368	0.036166559
18.9312584	0.038742219
18.94348	0.032732346
18.9557016	0.037669028
18.9679232	0.03348358
18.9801448	0.039708092
18.9923664	0.037239751
19.004588	0.033054303
19.0168096	0.034556772
19.0290312	0.034234814
19.0412528	0.03605924
19.0534744	0.033590899
19.065696	0.035629964
19.0779176	0.034664091
19.0901392	0.036166559
19.1023608	0.037132432
19.1145824	0.036381198
19.126804	0.035522644
19.1390256	0.037025113
19.1512472	0.033805538
19.1634688	0.036273879
19.1756904	0.033590899
19.187912	0.0386349
19.2001336	0.033268942
19.2123552	0.030478643
19.2245768	0.037132432
19.2367984	0.035093368
19.24902	0.035415325
19.2612416	0.035844602
19.2734632	0.032839665
19.2856848	0.034986049
19.2979064	0.031873793
19.310128	0.031337197
19.3223496	0.034127495
19.3345712	0.028546898
19.3467928	0.034234814
19.3590144	0.033590899
19.371236	0.034234814
19.3834576	0.032625027
19.3956792	0.032517708
19.4079008	0.02962009
19.4201224	0.029083494
19.432344	0.03219575
19.4445656	0.033805538
19.4567872	0.031229878
19.4690088	0.034878729
19.4812304	0.03090792
19.493452	0.031015239
19.5056736	0.028654218
19.5178952	0.031122558
19.5301168	0.030478643
19.5423384	0.032088431
19.55456	0.032410388
19.5667816	0.028546898
19.5790032	0.031015239
19.5912248	0.027795664
19.6034464	0.027902983
19.615668	0.025971238
19.6278896	0.028224941
19.6401112	0.025863919
19.6523328	0.02962009
19.6645544	0.027688345
19.676776	0.029298133
19.6889976	0.027366388
19.7012192	0.032410388
19.7134408	0.02962009
19.7256624	0.028761537
19.737884	0.029512771
19.7501056	0.025971238
19.7623272	0.029083494
19.7745488	0.026293196
19.7867704	0.02833226
19.798992	0.031873793
19.8112136	0.027473707
19.8234352	0.029512771
19.8356568	0.025434643
19.8478784	0.026400515
19.8601	0.024576089
19.8723216	0.025005366
19.8845432	0.026829792
19.8967648	0.028761537
19.9089864	0.026507834
19.921208	0.024576089
19.9334296	0.028546898
19.9456512	0.024039493
19.9578728	0.027473707
19.9700944	0.027151749
19.982316	0.027581026
19.9945376	0.025649281
20.0067592	0.026507834
20.0189808	0.026722473
20.0312024	0.026293196
20.043424	0.024683408
20.0556456	0.027259068
20.0678672	0.024898047
20.0800888	0.025863919
20.0923104	0.024898047
20.104532	0.0257566
20.1167536	0.024361451
20.1289752	0.026185877
20.1411968	0.023502898
20.1534184	0.025434643
20.16564	0.027688345
20.1778616	0.024683408
20.1900832	0.027688345
20.2023048	0.023073621
20.2145264	0.028546898
20.226748	0.024254132
20.2389696	0.027581026
20.2511912	0.024576089
20.2634128	0.026937111
20.2756344	0.025434643
20.287856	0.025541962
20.3000776	0.023717536
20.3122992	0.023717536
20.3245208	0.023502898
20.3367424	0.022644344
20.348964	0.022107748
20.3611856	0.021034557
20.3734072	0.024039493
20.3856288	0.022537025
20.3978504	0.023073621
20.410072	0.021356514
20.4222936	0.022322387
20.4345152	0.022537025
20.4467368	0.022966302
20.4589584	0.021034557
20.47118	0.022000429
20.4834016	0.024254132
20.4956232	0.022107748
20.5078448	0.021785791
20.5200664	0.024683408
20.532288	0.022858983
20.5445096	0.022858983
20.5567312	0.02189311
20.5689528	0.020283323
20.5811744	0.019961365
20.593396	0.021785791
20.6056176	0.022537025
20.6178392	0.024146813
20.6300608	0.021678472
20.6422824	0.022215068
20.654504	0.021463833
20.6667256	0.021249195
20.6789472	0.022107748
20.6911688	0.022644344
20.7033904	0.02446877
20.715612	0.019961365
20.7278336	0.022107748
20.7400552	0.021356514
20.7522768	0.019102812
20.7644984	0.020819918
20.77672	0.02060528
20.7889416	0.019746727
20.8011632	0.018780854
20.8133848	0.020390642
20.8256064	0.022537025
20.837828	0.017814982
20.8500496	0.020176003
20.8622712	0.022215068
20.8744928	0.017385705
20.8867144	0.020927238
20.898936	0.017922301
20.9111576	0.019639408
20.9233792	0.020819918
20.9356008	0.021678472
20.9478224	0.020390642
20.960044	0.019210131
20.9722656	0.018995493
20.9844872	0.019854046
20.9967088	0.020068684
21.0089304	0.018780854
21.021152	0.01802962
21.0333736	0.017922301
21.0455952	0.017814982
21.0578168	0.01802962
21.0700384	0.018351578
21.08226	0.020497961
21.0944816	0.01674179
21.1067032	0.021356514
21.1189248	0.017493024
21.1311464	0.017600343
21.143368	0.017707663
21.1555896	0.017063748
21.1678112	0.018136939
21.1800328	0.019210131
21.1922544	0.019424769
21.204476	0.016634471
21.2166976	0.019532088
21.2289192	0.018351578
21.2411408	0.022322387
21.2533624	0.017814982
21.265584	0.016527152
21.2778056	0.015883237
21.2900272	0.018351578
21.3022488	0.018888173
21.3144704	0.01674179
21.326692	0.019854046
21.3389136	0.018351578
21.3511352	0.015775918
21.3633568	0.018888173
21.3755784	0.018244258
21.3878	0.019424769
21.4000216	0.018780854
21.4122432	0.017922301
21.4244648	0.014058811
21.4366864	0.017063748
21.448908	0.017493024
21.4611296	0.017600343
21.4733512	0.01802962
21.4855728	0.017171067
21.4977944	0.018888173
21.510016	0.017063748
21.5222376	0.017600343
21.5344592	0.018566216
21.5466808	0.018673535
21.5589024	0.016205194
21.571124	0.015239322
21.5833456	0.017278386
21.5955672	0.014810045
21.6077888	0.017171067
21.6200104	0.0128783
21.632232	0.014917364
21.6444536	0.018566216
21.6566752	0.014702726
21.6688968	0.016849109
21.6811184	0.01674179
21.69334	0.016205194
21.7055616	0.015561279
21.7177832	0.01674179
21.7300048	0.014917364
21.7422264	0.014917364
21.754448	0.017600343
21.7666696	0.013844173
21.7788912	0.016634471
21.7911128	0.014488088
21.8033344	0.013414896
21.815556	0.013522215
21.8277776	0.01545396
21.8399992	0.013736853
21.8522208	0.015132003
21.8644424	0.015024683
21.876664	0.01416613
21.8888856	0.014273449
21.9011072	0.013522215
21.9133288	0.014488088
21.9255504	0.014058811
21.937772	0.014917364
21.9499936	0.013092938
21.9622152	0.015024683
21.9744368	0.014380768
21.9866584	0.014380768
21.99888	0.01545396
22.0111016	0.014702726
22.0233232	0.014810045
22.0355448	0.014595407
22.0477664	0.013092938
22.059988	0.014488088
22.0722096	0.015024683
22.0844312	0.013844173
22.0966528	0.010731917
22.1088744	0.012663662
22.121096	0.015883237
22.1333176	0.013200258
22.1455392	0.013736853
22.1577608	0.012127066
22.1699824	0.013951492
22.182204	0.011805108
22.1944256	0.013200258
22.2066472	0.015024683
22.2188688	0.011697789
22.2310904	0.012127066
22.243312	0.013307577
22.2555336	0.012449023
22.2677552	0.012663662
22.2799768	0.013736853
22.2921984	0.013200258
22.30442	0.012234385
22.3166416	0.012019747
22.3288632	0.013522215
22.3410848	0.012556343
22.3533064	0.012234385
22.365528	0.014058811
22.3777496	0.013844173
22.3899712	0.012770981
22.4021928	0.011375832
22.4144144	0.013844173
22.426636	0.01159047
22.4388576	0.010409959
22.4510792	0.011697789
22.4633008	0.013307577
22.4755224	0.011697789
22.487744	0.012234385
22.4999656	0.013844173
22.5121872	0.009444087
22.5244088	0.009122129
22.5366304	0.013736853
22.548852	0.013522215
22.5610736	0.015668598
22.5732952	0.013844173
22.5855168	0.011805108
22.5977384	0.013092938
22.60996	0.0128783
22.6221816	0.010946555
22.6344032	0.010409959
22.6466248	0.011697789
22.6588464	0.010517278
22.671068	0.012663662
22.6832896	0.013200258
22.6955112	0.011697789
22.7077328	0.013092938
22.7199544	0.010517278
22.732176	0.0128783
22.7443976	0.01030264
22.7566192	0.011697789
22.7688408	0.012127066
22.7810624	0.011375832
22.793284	0.013307577
22.8055056	0.013414896
22.8177272	0.008800172
22.8299488	0.010088002
22.8421704	0.010731917
22.854392	0.010839236
22.8666136	0.011268513
22.8788352	0.011697789
22.8910568	0.012019747
22.9032784	0.011697789
22.9155	0.011268513
22.9277216	0.010839236
22.9399432	0.012341704
22.9521648	0.009444087
22.9643864	0.012556343
22.976608	0.010839236
22.9888296	0.010946555
23.0010512	0.010409959
23.0132728	0.008478214
23.0254944	0.011805108
23.037716	0.009873363
23.0499376	0.009551406
23.0621592	0.010839236
23.0743808	0.009122129
23.0866024	0.009229448
23.098824	0.010946555
23.1110456	0.010946555
23.1232672	0.011161193
23.1354888	0.008156257
23.1477104	0.012127066
23.159932	0.009336768
23.1721536	0.010195321
23.1843752	0.010517278
23.1965968	0.011805108
23.2088184	0.008800172
23.22104	0.010195321
23.2332616	0.010946555
23.2454832	0.010517278
23.2577048	0.009551406
23.2699264	0.011912428
23.282148	0.01159047
23.2943696	0.010409959
23.3065912	0.009980683
23.3188128	0.010624598
23.3310344	0.008156257
23.343256	0.01030264
23.3554776	0.010195321
23.3676992	0.010839236
23.3799208	0.009444087
23.3921424	0.009658725
23.404364	0.007834299
23.4165856	0.009658725
23.4288072	0.009766044
23.4410288	0.010624598
23.4532504	0.008907491
23.465472	0.008907491
23.4776936	0.009336768
23.4899152	0.008800172
23.5021368	0.008156257
23.5143584	0.010624598
23.52658	0.008156257
23.5388016	0.008585533
23.5510232	0.010624598
23.5632448	0.008585533
23.5754664	0.010517278
23.587688	0.009873363
23.5999096	0.008907491
23.6121312	0.00901481
23.6243528	0.008800172
23.6365744	0.009766044
23.648796	0.008370895
23.6610176	0.008263576
23.6732392	0.009873363
23.6854608	0.008800172
23.6976824	0.007941618
23.709904	0.008048938
23.7221256	0.007619661
23.7343472	0.006761108
23.7465688	0.006761108
23.7587904	0.009229448
23.771012	0.008907491
23.7832336	0.008800172
23.7954552	0.008263576
23.8076768	0.009766044
23.8198984	0.007297703
23.83212	0.008263576
23.8443416	0.009658725
23.8565632	0.008692853
23.8687848	0.007512342
23.8810064	0.008907491
23.893228	0.008478214
23.9054496	0.007834299
23.9176712	0.008048938
23.9298928	0.008048938
23.9421144	0.008156257
23.954336	0.008156257
23.9665576	0.008370895
23.9787792	0.009873363
23.9910008	0.009229448
24.0032224	0.008907491
24.015444	0.009444087
24.0276656	0.007083065
24.0398872	0.006009873
24.0521088	0.008156257
24.0643304	0.008692853
24.076552	0.007405023
24.0887736	0.009658725
24.1009952	0.008692853
24.1132168	0.008156257
24.1254384	0.009122129
24.13766	0.009229448
24.1498816	0.007190384
24.1621032	0.006653788
24.1743248	0.007834299
24.1865464	0.007405023
24.198768	0.008800172
24.2109896	0.007512342
24.2232112	0.006224512
24.2354328	0.007512342
24.2476544	0.008907491
24.259876	0.007190384
24.2720976	0.007297703
24.2843192	0.006761108
24.2965408	0.006975746
24.3087624	0.006761108
24.320984	0.007405023
24.3332056	0.006653788
24.3454272	0.006975746
24.3576488	0.007405023
24.3698704	0.006975746
24.382092	0.007297703
24.3943136	0.006009873
24.4065352	0.009766044
24.4187568	0.00772698
24.4309784	0.006546469
24.4432	0.006868427
24.4554216	0.007834299
24.4676432	0.00772698
24.4798648	0.007297703
24.4920864	0.007512342
24.504308	0.006224512
24.5165296	0.006868427
24.5287512	0.005258639
24.5409728	0.007083065
24.5531944	0.007083065
24.565416	0.006224512
24.5776376	0.005902554
24.5898592	0.007619661
24.6020808	0.006653788
24.6143024	0.008478214
24.626524	0.006868427
24.6387456	0.007297703
24.6509672	0.006975746
24.6631888	0.007405023
24.6754104	0.005795235
24.687632	0.005365958
24.6998536	0.007834299
24.7120752	0.006761108
24.7242968	0.007297703
24.7365184	0.006653788
24.74874	0.005795235
24.7609616	0.005795235
24.7731832	0.005580597
24.7854048	0.005795235
24.7976264	0.005902554
24.809848	0.004614724
24.8220696	0.004507405
24.8342912	0.005365958
24.8465128	0.007190384
24.8587344	0.005473278
24.870956	0.007190384
24.8831776	0.006224512
24.8953992	0.005258639
24.9076208	0.005687916
24.9198424	0.005258639
24.932064	0.006653788
24.9442856	0.00643915
24.9565072	0.006009873
24.9687288	0.004614724
24.9809504	0.006546469
24.993172	0.005473278
25.0053936	0.005795235
25.0176152	0.005687916
25.0298368	0.004829363
25.0420584	0.006975746
25.05428	0.004722043
25.0665016	0.00643915
25.0787232	0.006009873
25.0909448	0.006868427
25.1031664	0.005258639
25.115388	0.006868427
25.1276096	0.005687916
25.1398312	0.005902554
25.1520528	0.005580597
25.1642744	0.00515132
25.176496	0.006224512
25.1887176	0.005795235
25.2009392	0.007083065
25.2131608	0.005365958
25.2253824	0.004292767
25.237604	0.004292767
25.2498256	0.006009873
25.2620472	0.006653788
25.2742688	0.005902554
25.2864904	0.006331831
25.298712	0.006653788
25.3109336	0.006975746
25.3231552	0.006009873
25.3353768	0.006009873
25.3475984	0.006009873
25.35982	0.00386349
25.3720416	0.005044001
25.3842632	0.004507405
25.3964848	0.005902554
25.4087064	0.006009873
25.420928	0.004292767
25.4331496	0.004936682
25.4453712	0.005580597
25.4575928	0.005580597
25.4698144	0.006331831
25.482036	0.005580597
25.4942576	0.006117193
25.5064792	0.006117193
25.5187008	0.005473278
25.5309224	0.005580597
25.543144	0.005044001
25.5553656	0.005258639
25.5675872	0.004507405
25.5798088	0.006009873
25.5920304	0.005365958
25.604252	0.006009873
25.6164736	0.006224512
25.6286952	0.006009873
25.6409168	0.004829363
25.6531384	0.004829363
25.66536	0.004185448
25.6775816	0.00515132
25.6898032	0.005473278
25.7020248	0.005473278
25.7142464	0.003756171
25.726468	0.004507405
25.7386896	0.005258639
25.7509112	0.004507405
25.7631328	0.005580597
25.7753544	0.004400086
25.787576	0.004078128
25.7997976	0.004614724
25.8120192	0.005365958
25.8242408	0.004829363
25.8364624	0.004722043
25.848684	0.006009873
25.8609056	0.00515132
25.8731272	0.00515132
25.8853488	0.004722043
25.8975704	0.004185448
25.909792	0.006009873
25.9220136	0.00515132
25.9342352	0.004722043
25.9464568	0.00386349
25.9586784	0.005365958
25.9709	0.00515132
25.9831216	0.004829363
25.9953432	0.004292767
26.0075648	0.004936682
26.0197864	0.004722043
26.032008	0.00386349
26.0442296	0.004614724
26.0564512	0.003756171
26.0686728	0.004292767
26.0808944	0.005795235
26.093116	0.004185448
26.1053376	0.006009873
26.1175592	0.004829363
26.1297808	0.00386349
26.1420024	0.005795235
26.154224	0.005687916
26.1664456	0.00257566
26.1786672	0.002897618
26.1908888	0.00386349
26.2031104	0.004614724
26.215332	0.004722043
26.2275536	0.004614724
26.2397752	0.004722043
26.2519968	0.004185448
26.2642184	0.005365958
26.27644	0.004078128
26.2886616	0.003970809
26.3008832	0.004078128
26.3131048	0.004292767
26.3253264	0.00386349
26.337548	0.005044001
26.3497696	0.003970809
26.3619912	0.003434213
26.3742128	0.004829363
26.3864344	0.003541533
26.398656	0.004722043
26.4108776	0.004829363
26.4230992	0.004400086
26.4353208	0.005258639
26.4475424	0.00515132
26.459764	0.004507405
26.4719856	0.004936682
26.4842072	0.002897618
26.4964288	0.004400086
26.5086504	0.003970809
26.520872	0.004507405
26.5330936	0.003434213
26.5453152	0.003112256
26.5575368	0.003970809
26.5697584	0.004614724
26.58198	0.004078128
26.5942016	0.003970809
26.6064232	0.00515132
26.6186448	0.004078128
26.6308664	0.00515132
26.643088	0.003970809
26.6553096	0.003970809
26.6675312	0.003326894
26.6797528	0.004185448
26.6919744	0.004936682
26.704196	0.003648852
26.7164176	0.004400086
26.7286392	0.002361022
26.7408608	0.00386349
26.7530824	0.002897618
26.765304	0.003219575
26.7775256	0.003541533
26.7897472	0.003112256
26.8019688	0.004507405
26.8141904	0.00386349
26.826412	0.004292767
26.8386336	0.004292767
26.8508552	0.004507405
26.8630768	0.003648852
26.8752984	0.003970809
26.88752	0.003756171
26.8997416	0.005365958
26.9119632	0.004078128
26.9241848	0.003219575
26.9364064	0.003648852
26.948628	0.004078128
26.9608496	0.004078128
26.9730712	0.003648852
26.9852928	0.003648852
26.9975144	0.004829363
27.009736	0.002253703
27.0219576	0.003219575
27.0341792	0.002897618
27.0464008	0.003756171
27.0586224	0.004185448
27.070844	0.002682979
27.0830656	0.002146383
27.0952872	0.004185448
27.1075088	0.004185448
27.1197304	0.004185448
27.131952	0.003434213
27.1441736	0.00386349
27.1563952	0.003541533
27.1686168	0.003970809
27.1808384	0.003326894
27.19306	0.003219575
27.2052816	0.003541533
27.2175032	0.002790298
27.2297248	0.004185448
27.2419464	0.00386349
27.254168	0.003219575
27.2663896	0.003326894
27.2786112	0.003648852
27.2908328	0.00386349
27.3030544	0.002897618
27.315276	0.003112256
27.3274976	0.002361022
27.3397192	0.003434213
27.3519408	0.003434213
27.3641624	0.003434213
27.376384	0.003541533
27.3886056	0.003326894
27.4008272	0.002361022
27.4130488	0.003434213
27.4252704	0.003756171
27.437492	0.002790298
27.4497136	0.004185448
27.4619352	0.003648852
27.4741568	0.003756171
27.4863784	0.003004937
27.4986	0.003112256
27.5108216	0.002361022
27.5230432	0.002790298
27.5352648	0.003112256
27.5474864	0.003970809
27.559708	0.002790298
27.5719296	0.002361022
27.5841512	0.003434213
27.5963728	0.003004937
27.6085944	0.002682979
27.620816	0.002897618
27.6330376	0.003434213
27.6452592	0.003112256
27.6574808	0.00386349
27.6697024	0.002468341
27.681924	0.003004937
27.6941456	0.004185448
27.7063672	0.002897618
27.7185888	0.003541533
27.7308104	0.003326894
27.743032	0.003004937
27.7552536	0.003541533
27.7674752	0.003004937
27.7796968	0.004078128
27.7919184	0.003434213
27.80414	0.003648852
27.8163616	0.003434213
27.8285832	0.002790298
27.8408048	0.002790298
27.8530264	0.003326894
27.865248	0.003434213
27.8774696	0.002790298
27.8896912	0.003648852
27.9019128	0.002897618
27.9141344	0.003648852
27.926356	0.002039064
27.9385776	0.003326894
27.9507992	0.002468341
27.9630208	0.003756171
27.9752424	0.002897618
27.987464	0.002039064
27.9996856	0.00257566
28.0119072	0.002468341
28.0241288	0.001931745
28.0363504	0.002682979
28.048572	0.003756171
28.0607936	0.003541533
28.0730152	0.001931745
28.0852368	0.002682979
28.0974584	0.002790298
28.10968	0.003004937
28.1219016	0.003326894
28.1341232	0.00257566
28.1463448	0.00257566
28.1585664	0.002253703
28.170788	0.001931745
28.1830096	0.003970809
28.1952312	0.004078128
28.2074528	0.00257566
28.2196744	0.003326894
28.231896	0.002468341
28.2441176	0.002253703
28.2563392	0.002682979
28.2685608	0.002682979
28.2807824	0.003326894
28.293004	0.002897618
28.3052256	0.002361022
28.3174472	0.002468341
28.3296688	0.002146383
28.3418904	0.00257566
28.354112	0.003756171
28.3663336	0.002146383
28.3785552	0.002468341
28.3907768	0.002468341
28.4029984	0.002790298
28.41522	0.002682979
28.4274416	0.001717107
28.4396632	0.002790298
28.4518848	0.003434213
28.4641064	0.003219575
28.476328	0.00257566
28.4885496	0.00257566
28.5007712	0.002361022
28.5129928	0.002039064
28.5252144	0.002253703
28.537436	0.002361022
28.5496576	0.003112256
28.5618792	0.003112256
28.5741008	0.003326894
28.5863224	0.003541533
28.598544	0.002468341
28.6107656	0.003219575
28.6229872	0.001931745
28.6352088	0.002039064
28.6474304	0.00257566
28.659652	0.002361022
28.6718736	0.003004937
28.6840952	0.002897618
28.6963168	0.003004937
28.7085384	0.002361022
28.72076	0.003004937
28.7329816	0.002790298
28.7452032	0.002146383
28.7574248	0.001717107
28.7696464	0.002253703
28.781868	0.002361022
28.7940896	0.00128783
28.8063112	0.003004937
28.8185328	0.002790298
28.8307544	0.004292767
28.842976	0.003004937
28.8551976	0.002039064
28.8674192	0.001609788
28.8796408	0.003326894
28.8918624	0.002682979
28.904084	0.003219575
28.9163056	0.002253703
28.9285272	0.002790298
28.9407488	0.002468341
28.9529704	0.001931745
28.965192	0.003004937
28.9774136	0.002468341
28.9896352	0.002361022
29.0018568	0.002682979
29.0140784	0.002039064
29.0263	0.001395149
29.0385216	0.003004937
29.0507432	0.002468341
29.0629648	0.003112256
29.0751864	0.001609788
29.087408	0.00257566
29.0996296	0.002253703
29.1118512	0.002361022
29.1240728	0.002682979
29.1362944	0.002790298
29.148516	0.002468341
29.1607376	0.002039064
29.1729592	0.002253703
29.1851808	0.002039064
29.1974024	0.002039064
29.209624	0.002468341
29.2218456	0.002039064
29.2340672	0.002146383
29.2462888	0.001073192
29.2585104	0.002146383
29.270732	0.002253703
29.2829536	0.001931745
29.2951752	0.001717107
29.3073968	0.001395149
29.3196184	0.002146383
29.33184	0.001609788
29.3440616	0.002253703
29.3562832	0.002253703
29.3685048	0.001824426
29.3807264	0.002146383
29.392948	0.002468341
29.4051696	0.001824426
29.4173912	0.002039064
29.4296128	0.002253703
29.4418344	0.002253703
29.454056	0.002039064
29.4662776	0.002039064
29.4784992	0.002039064
29.4907208	0.001609788
29.5029424	0.002039064
29.515164	0.001609788
29.5273856	0.002790298
29.5396072	0.002790298
29.5518288	0.003004937
29.5640504	0.002146383
29.576272	0.001073192
29.5884936	0.002146383
29.6007152	0.002146383
29.6129368	0.002039064
29.6251584	0.002682979
29.63738	0.001502468
29.6496016	0.001931745
29.6618232	0.001180511
29.6740448	0.002146383
29.6862664	0.002039064
29.698488	0.002790298
29.7107096	0.002682979
29.7229312	0.002253703
29.7351528	0.002039064
29.7473744	0.001502468
29.759596	0.002146383
29.7718176	0.002253703
29.7840392	0.00257566
29.7962608	0.002253703
29.8084824	0.001717107
29.820704	0.002039064
29.8329256	0.002468341
29.8451472	0.001502468
29.8573688	0.001824426
29.8695904	0.002361022
29.881812	0.002790298
29.8940336	0.001395149
29.9062552	0.001824426
29.9184768	0.001502468
29.9306984	0.001609788
29.94292	0.001717107
29.9551416	0.002361022
29.9673632	0.001824426
29.9795848	0.00128783
29.9918064	0.001609788
30.004028	0.002146383
30.0162496	0.002039064
30.0284712	0.002146383
30.0406928	0.001609788
30.0529144	0.001502468
30.065136	0.002253703
30.0773576	0.002253703
30.0895792	0.002039064
30.1018008	0.001502468
30.1140224	0.001717107
30.126244	0.001609788
30.1384656	0.001717107
30.1506872	0.001931745
30.1629088	0.001609788
30.1751304	0.001717107
30.187352	0.001609788
30.1995736	0.002146383
30.2117952	0.001824426
30.2240168	0.00128783
30.2362384	0.001931745
30.24846	0.002039064
30.2606816	0.002790298
30.2729032	0.001717107
30.2851248	0.001824426
30.2973464	0.001502468
30.309568	0.001931745
30.3217896	0.002361022
30.3340112	0.00257566
30.3462328	0.00128783
30.3584544	0.001931745
30.370676	0.001609788
30.3828976	0.001824426
30.3951192	0.002682979
30.4073408	0.001717107
30.4195624	0.002361022
30.431784	0.001824426
30.4440056	0.001717107
30.4562272	0.001395149
30.4684488	0.00128783
30.4806704	0.001824426
30.492892	0.00257566
30.5051136	0.001609788
30.5173352	0.002253703
30.5295568	0.002146383
30.5417784	0.001502468
30.554	0.001502468
30.5662216	0.002468341
30.5784432	0.001395149
30.5906648	0.001395149
30.6028864	0.002468341
30.615108	0.001395149
30.6273296	0.002468341
30.6395512	0.001180511
30.6517728	0.000858553
30.6639944	0.001931745
30.676216	0.001395149
30.6884376	0.002039064
30.7006592	0.002253703
30.7128808	0.001395149
30.7251024	0.002253703
30.737324	0.001717107
30.7495456	0.001931745
30.7617672	0.001824426
30.7739888	0.001931745
30.7862104	0.001824426
30.798432	0.00128783
30.8106536	0.001502468
30.8228752	0.001502468
30.8350968	0.001824426
30.8473184	0.001931745
30.85954	0.001609788
30.8717616	0.002039064
30.8839832	0.001395149
30.8962048	0.00128783
30.9084264	0.00128783
30.920648	0.001717107
30.9328696	0.002253703
30.9450912	0.001609788
30.9573128	0.001609788
30.9695344	0.001502468
30.981756	0.002039064
30.9939776	0.00257566
31.0061992	0.000858553
31.0184208	0.001609788
31.0306424	0.001824426
31.042864	0.00128783
31.0550856	0.001395149
31.0673072	0.002039064
31.0795288	0.001180511
31.0917504	0.001502468
31.103972	0.001073192
31.1161936	0.001395149
31.1284152	0.00128783
31.1406368	0.001609788
31.1528584	0.001609788
31.16508	0.001609788
31.1773016	0.000858553
31.1895232	0.001824426
31.2017448	0.001717107
31.2139664	0.001931745
31.226188	0.001395149
31.2384096	0.001824426
31.2506312	0.001824426
31.2628528	0.001502468
31.2750744	0.00128783
31.287296	0.001180511
31.2995176	0.001073192
31.3117392	0.001502468
31.3239608	0.001502468
31.3361824	0.001395149
31.348404	0.000965873
31.3606256	0.002039064
31.3728472	0.001717107
31.3850688	0.000751234
31.3972904	0.001180511
31.409512	0.001502468
31.4217336	0.001502468
31.4339552	0.001180511
31.4461768	0.000965873
31.4583984	0.001824426
31.47062	0.00128783
31.4828416	0.002039064
31.4950632	0.001609788
31.5072848	0.001073192
31.5195064	0.001717107
31.531728	0.000965873
31.5439496	0.001502468
31.5561712	0.001609788
31.5683928	0.001931745
31.5806144	0.001609788
31.592836	0.001502468
31.6050576	0.001395149
31.6172792	0.000643915
31.6295008	0.001609788
31.6417224	0.001073192
31.653944	0.001180511
31.6661656	0.000858553
31.6783872	0.001717107
31.6906088	0.001609788
31.7028304	0.00128783
31.715052	0.001502468
31.7272736	0.001180511
31.7394952	0.00128783
31.7517168	0.000643915
31.7639384	0.001395149
31.77616	0.001502468
31.7883816	0.001609788
31.8006032	0.001395149
31.8128248	0.00128783
31.8250464	0.001395149
31.837268	0.002039064
31.8494896	0.001502468
31.8617112	0.001502468
31.8739328	0.001502468
31.8861544	0.001395149
31.898376	0.002146383
31.9105976	0.002039064
31.9228192	0.001180511
31.9350408	0.001609788
31.9472624	0.001502468
31.959484	0.001502468
31.9717056	0.002361022
31.9839272	0.001824426
31.9961488	0.001502468
32.0083704	0.001073192
32.020592	0.000751234
32.0328136	0.000751234
32.0450352	0.000858553
32.0572568	0.001502468
32.0694784	0.00128783
32.0817	0.001931745
32.0939216	0.001180511
32.1061432	0.001502468
32.1183648	0.001717107
32.1305864	0.001180511
32.142808	0.001609788
32.1550296	0.001609788
32.1672512	0.001395149
32.1794728	0.00128783
32.1916944	0.00128783
32.203916	0.00128783
32.2161376	0.000858553
32.2283592	0.000965873
32.2405808	0.001180511
32.2528024	0.00128783
32.265024	0.001180511
32.2772456	0.002039064
32.2894672	0.001502468
32.3016888	0.001609788
32.3139104	0.001609788
32.326132	0.000858553
32.3383536	0.001395149
32.3505752	0.000858553
32.3627968	0.00128783
32.3750184	0.001395149
32.38724	0.000751234
32.3994616	0.000858553
32.4116832	0.001502468
32.4239048	0.001395149
32.4361264	0.001395149
32.448348	0.001395149
32.4605696	0.001073192
32.4727912	0.001717107
32.4850128	0.001609788
32.4972344	0.00128783
32.509456	0.001073192
32.5216776	0.002039064
32.5338992	0.000751234
32.5461208	0.000751234
32.5583424	0.001073192
32.570564	0.002146383
32.5827856	0.001502468
32.5950072	0.000643915
32.6072288	0.001395149
32.6194504	0.000858553
32.631672	0.000965873
32.6438936	0.000965873
32.6561152	0.001609788
32.6683368	0.000965873
32.6805584	0.000858553
32.69278	0.000965873
32.7050016	0.001717107
32.7172232	0.001180511
32.7294448	0.001073192
32.7416664	0.00128783
32.753888	0.001180511
32.7661096	0.000858553
32.7783312	0.00128783
32.7905528	0.001609788
32.8027744	0.001395149
32.814996	0.00128783
32.8272176	0.001180511
32.8394392	0.001395149
32.8516608	0.001824426
32.8638824	0.001073192
32.876104	0.001717107
32.8883256	0.001395149
32.9005472	0.001395149
32.9127688	0.000751234
32.9249904	0.001395149
32.937212	0.001502468
32.9494336	0.000751234
32.9616552	0.001395149
32.9738768	0.001180511
32.9860984	0.001180511
32.99832	0.00128783
33.0105416	0.000751234
33.0227632	0.001180511
33.0349848	0.001073192
33.0472064	0.000858553
33.059428	0.001395149
33.0716496	0.00128783
33.0838712	0.001609788
33.0960928	0.00128783
33.1083144	0.000751234
33.120536	0.000751234
33.1327576	0.001073192
33.1449792	0.001395149
33.1572008	0.000858553
33.1694224	0.001502468
33.181644	0.001180511
33.1938656	0.000858553
33.2060872	0.001395149
33.2183088	0.000965873
33.2305304	0.001502468
33.242752	0.000858553
33.2549736	0.001502468
33.2671952	0.000643915
33.2794168	0.001180511
33.2916384	0.000751234
33.30386	0.001931745
33.3160816	0.001073192
33.3283032	0.000321958
33.3405248	0.001395149
33.3527464	0.000965873
33.364968	0.000643915
33.3771896	0.001395149
33.3894112	0.000751234
33.4016328	0.000965873
33.4138544	0.000321958
33.426076	0.001395149
33.4382976	0.001180511
33.4505192	0.00128783
33.4627408	0.001180511
33.4749624	0.000858553
33.487184	0.000965873
33.4994056	0.001609788
33.5116272	0.001180511
33.5238488	0.001395149
33.5360704	0.001073192
33.548292	0.001180511
33.5605136	0.000643915
33.5727352	0.000858553
33.5849568	0.001395149
33.5971784	0.000643915
33.6094	0.001073192
33.6216216	0.000858553
33.6338432	0.000536596
33.6460648	0.001073192
33.6582864	0.001073192
33.670508	0.001395149
33.6827296	0.000965873
33.6949512	0.000965873
33.7071728	0.000536596
33.7193944	0.000536596
33.731616	0.000429277
33.7438376	0.000858553
33.7560592	0.001073192
33.7682808	0.001502468
33.7805024	0.000858553
33.792724	0.001180511
33.8049456	0.001180511
33.8171672	0.000858553
33.8293888	0.001824426
33.8416104	0.000965873
33.853832	0.00128783
33.8660536	0.001073192
33.8782752	0.000858553
33.8904968	0.00128783
33.9027184	0.000643915
33.91494	0.001073192
33.9271616	0.000965873
33.9393832	0.000751234
33.9516048	0.001931745
33.9638264	0.001073192
33.976048	0.001502468
33.9882696	0.001395149
34.0004912	0.000643915
34.0127128	0.000858553
34.0249344	0.000536596
34.037156	0.000429277
34.0493776	0.000643915
34.0615992	0.00128783
34.0738208	0.000429277
34.0860424	0.001395149
34.098264	0.000643915
34.1104856	0.000858553
34.1227072	0.001180511
34.1349288	0.002039064
34.1471504	0.000965873
34.159372	0.000643915
34.1715936	0.000536596
34.1838152	0.000965873
34.1960368	0.000965873
34.2082584	0.000858553
34.22048	0.000858553
34.2327016	0.001180511
34.2449232	0.000643915
34.2571448	0.00128783
34.2693664	0.000643915
34.281588	0.001073192
34.2938096	0.000858553
34.3060312	0.000214638
34.3182528	0.000965873
34.3304744	0.001395149
34.342696	0.001073192
34.3549176	0.000751234
34.3671392	0.000643915
34.3793608	0.001824426
34.3915824	0.001180511
34.403804	0.001395149
34.4160256	0.001073192
34.4282472	0.000643915
34.4404688	0.00128783
34.4526904	0.000965873
34.464912	0.001502468
34.4771336	0.001180511
34.4893552	0.000536596
34.5015768	0.000536596
34.5137984	0.000965873
34.52602	0.000643915
34.5382416	0.001395149
34.5504632	0.000858553
34.5626848	0.001073192
34.5749064	0.000536596
34.587128	0.000751234
34.5993496	0.001073192
34.6115712	0.000751234
34.6237928	0.001073192
34.6360144	0.00128783
34.648236	0.000858553
34.6604576	0.000965873
34.6726792	0.000965873
34.6849008	0.001180511
34.6971224	0.000321958
34.709344	0.000965873
34.7215656	0.001180511
34.7337872	0.000965873
34.7460088	0.000751234
34.7582304	0.000643915
34.770452	0.000429277
34.7826736	0.00128783
34.7948952	0.001073192
34.8071168	0.000858553
34.8193384	0.001180511
34.83156	0.001717107
34.8437816	0.000965873
34.8560032	0.001395149
34.8682248	0.00128783
34.8804464	0.000858553
34.892668	0.001180511
34.9048896	0.001502468
34.9171112	0.001395149
34.9293328	0.000858553
34.9415544	0.000429277
34.953776	0.000643915
34.9659976	0.001502468
34.9782192	0.001180511
34.9904408	0.000858553
35.0026624	0.000536596
35.014884	0.000858553
35.0271056	0.000858553
35.0393272	0.00128783
35.0515488	0.000643915
35.0637704	0.001073192
35.075992	0.001502468
35.0882136	0.001395149
35.1004352	0.000751234
35.1126568	0.001073192
35.1248784	0.001180511
35.1371	0.000536596
35.1493216	0.000965873
35.1615432	0.000751234
35.1737648	0.001180511
35.1859864	0.000965873
35.198208	0.000858553
35.2104296	0.001073192
35.2226512	0.000965873
35.2348728	0.000536596
35.2470944	0.00128783
35.259316	0.000429277
35.2715376	0.000536596
35.2837592	0.000965873
35.2959808	0.000858553
35.3082024	0.000858553
35.320424	0.001073192
35.3326456	0.001180511
35.3448672	0.000643915
35.3570888	0.000429277
35.3693104	0.000965873
35.381532	0.000965873
35.3937536	0.001180511
35.4059752	0.000965873
35.4181968	0.001073192
35.4304184	0.000321958
35.44264	0.001180511
35.4548616	0.001073192
35.4670832	0.000536596
35.4793048	0.000858553
35.4915264	0.001395149
35.503748	0.000858553
35.5159696	0.000643915
35.5281912	0.000751234
35.5404128	0.000965873
35.5526344	0.001717107
35.564856	0.001073192
35.5770776	0.000751234
35.5892992	0.000965873
35.6015208	0.000751234
35.6137424	0.000429277
35.625964	0.000536596
35.6381856	0.000643915
35.6504072	0.000214638
35.6626288	0.000643915
35.6748504	0.000429277
35.687072	0.000751234
35.6992936	0.000858553
35.7115152	0.000965873
35.7237368	0.000643915
35.7359584	0.000965873
35.74818	0.001717107
35.7604016	0.001073192
35.7726232	0.000965873
35.7848448	0.000429277
35.7970664	0.001395149
35.809288	0.001180511
35.8215096	0.000858553
35.8337312	0.000858553
35.8459528	0.001180511
35.8581744	0.000858553
35.870396	0.000858553
35.8826176	0.001073192
35.8948392	0.00128783
35.9070608	0.001395149
35.9192824	0.000643915
35.931504	0.000858553
35.9437256	0.001395149
35.9559472	0.000643915
35.9681688	0.000965873
35.9803904	0.001180511
35.992612	0.000643915
36.0048336	0.000643915
36.0170552	0.000751234
36.0292768	0.000858553
36.0414984	0.000429277
36.05372	0.000536596
36.0659416	0.000536596
36.0781632	0.000321958
36.0903848	0.000858553
36.1026064	0.001073192
36.114828	0.000858553
36.1270496	0.000751234
36.1392712	0.000965873
36.1514928	0.000965873
36.1637144	0.000858553
36.175936	0.001395149
36.1881576	0.000643915
36.2003792	0.001073192
36.2126008	0.000214638
36.2248224	0.001502468
36.237044	0.000965873
36.2492656	0.000429277
36.2614872	0.000965873
36.2737088	0.001395149
36.2859304	0.000965873
36.298152	0.000643915
36.3103736	0.000965873
36.3225952	0.001180511
36.3348168	0.000536596
36.3470384	0.000643915
36.35926	0.001073192
36.3714816	0.001073192
36.3837032	0.001073192
36.3959248	0.000429277
36.4081464	0.000536596
36.420368	0.001180511
36.4325896	0.000858553
36.4448112	0.000965873
36.4570328	0.001180511
36.4692544	0.000858553
36.481476	0.000536596
36.4936976	0.000751234
36.5059192	0.000858553
36.5181408	0.001395149
36.5303624	0.000965873
36.542584	0.001073192
36.5548056	0.000643915
36.5670272	0.000858553
36.5792488	0.000858553
36.5914704	0.001073192
36.603692	0.000751234
36.6159136	0.000751234
36.6281352	0.000751234
36.6403568	0.000858553
36.6525784	0.00128783
36.6648	0.001502468
36.6770216	0.001073192
36.6892432	0.000965873
36.7014648	0.001395149
36.7136864	0.000965873
36.725908	0.000965873
36.7381296	0.000751234
36.7503512	0.000321958
36.7625728	0.000858553
36.7747944	0.000751234
36.787016	0.001073192
36.7992376	0.000751234
36.8114592	0.000643915
36.8236808	0.000536596
36.8359024	0.001073192
36.848124	0.000536596
36.8603456	0.000643915
36.8725672	0.000965873
36.8847888	0.000643915
36.8970104	0.000536596
36.909232	0.001073192
36.9214536	0.001073192
36.9336752	0.000643915
36.9458968	0.000643915
36.9581184	0.001180511
36.97034	0.000321958
36.9825616	0.000321958
36.9947832	0.00128783
37.0070048	0.000965873
37.0192264	0.000751234
37.031448	0.000536596
37.0436696	0.000965873
37.0558912	0.000643915
37.0681128	0.000965873
37.0803344	0.000321958
37.092556	0.000965873
37.1047776	0.001073192
37.1169992	0.000965873
37.1292208	0.000643915
37.1414424	0.000858553
37.153664	0.000643915
37.1658856	0.000965873
37.1781072	0.000858553
37.1903288	0.000429277
37.2025504	0.001073192
37.214772	0.000643915
37.2269936	0.000429277
37.2392152	0.000536596
37.2514368	0.001073192
37.2636584	0.001609788
37.27588	0.000965873
37.2881016	0.000643915
37.3003232	0.000858553
37.3125448	0.000858553
37.3247664	0.000536596
37.336988	0.000751234
37.3492096	0.000751234
37.3614312	0.001073192
37.3736528	0.000965873
37.3858744	0.000643915
37.398096	0.000429277
37.4103176	0.000321958
37.4225392	0.000643915
37.4347608	0.001073192
37.4469824	0.000643915
37.459204	0.000536596
37.4714256	0.000965873
37.4836472	0.000429277
37.4958688	0.000643915
37.5080904	0.000751234
37.520312	0.001073192
37.5325336	0.000751234
37.5447552	0.000643915
37.5569768	0.001073192
37.5691984	0.001395149
37.58142	0.000965873
37.5936416	0.000643915
37.6058632	0.000321958
37.6180848	0.000429277
37.6303064	0.001180511
37.642528	0.000751234
37.6547496	0.001395149
37.6669712	0.000858553
37.6791928	0.000536596
37.6914144	0.000429277
37.703636	0.000643915
37.7158576	0.000965873
37.7280792	0.000858553
37.7403008	0.00128783
37.7525224	0.000858553
37.764744	0.000321958
37.7769656	0.000536596
37.7891872	0.000536596
37.8014088	0.000751234
37.8136304	0.000643915
37.825852	0.000643915
37.8380736	0.000751234
37.8502952	0.000643915
37.8625168	0.00128783
37.8747384	0.001395149
37.88696	0.000536596
37.8991816	0.000429277
37.9114032	0.001180511
37.9236248	0.000321958
37.9358464	0.000751234
37.948068	0.000751234
37.9602896	0.000536596
37.9725112	0.000429277
37.9847328	0.000858553
37.9969544	0.000214638
38.009176	0.000751234
38.0213976	0.000643915
38.0336192	0.000965873
38.0458408	0.000858553
38.0580624	0.000751234
38.070284	0.001180511
38.0825056	0.00128783
38.0947272	0.000965873
38.1069488	0.000751234
38.1191704	0.000858553
38.131392	0.000643915
38.1436136	0.000858553
38.1558352	0.000536596
38.1680568	0.000643915
38.1802784	0.000643915
38.1925	0.001180511
38.2047216	0.000643915
38.2169432	0.000643915
38.2291648	0.000536596
38.2413864	0.000965873
38.253608	0.000858553
38.2658296	0.000858553
38.2780512	0.001395149
38.2902728	0.000643915
38.3024944	0.000214638
38.314716	0.000643915
38.3269376	0.000214638
38.3391592	0.000643915
38.3513808	0.000643915
38.3636024	0.000321958
38.375824	0.000321958
38.3880456	0.000536596
38.4002672	0.000643915
38.4124888	0.000965873
38.4247104	0.000965873
38.436932	0.000429277
38.4491536	0.000643915
38.4613752	0.000858553
38.4735968	0.000751234
38.4858184	0.000429277
38.49804	0.000321958
38.5102616	0.000429277
38.5224832	0.000643915
38.5347048	0.001073192
38.5469264	0.000321958
38.559148	0.000429277
38.5713696	0.001502468
38.5835912	0.000965873
38.5958128	0.000214638
38.6080344	0.000751234
38.620256	0.001609788
38.6324776	0.000321958
38.6446992	0.000214638
38.6569208	0.001073192
38.6691424	0.000643915
38.681364	0.000643915
38.6935856	0.000751234
38.7058072	0.000858553
38.7180288	0.001180511
38.7302504	0.000858553
38.742472	0.000751234
38.7546936	0.000751234
38.7669152	0.000643915
38.7791368	0.000429277
38.7913584	0.000321958
38.80358	0.000429277
38.8158016	0.000214638
38.8280232	0.000751234
38.8402448	0.001609788
38.8524664	0.000214638
38.864688	0.00128783
38.8769096	0.000321958
38.8891312	0.000643915
38.9013528	0.000429277
38.9135744	0.001073192
38.925796	0.000429277
38.9380176	0.000965873
38.9502392	0.000858553
38.9624608	0.000643915
38.9746824	0.000751234
38.986904	0.001180511
38.9991256	0.001180511
39.0113472	0.000751234
39.0235688	0.001395149
39.0357904	0.000321958
39.048012	0.000643915
39.0602336	0.000321958
39.0724552	0.001073192
39.0846768	0.000214638
39.0968984	0.000858553
39.10912	0.000536596
39.1213416	0.000751234
39.1335632	0.000643915
39.1457848	0.000643915
39.1580064	0.000643915
39.170228	0.001073192
39.1824496	0.000858553
39.1946712	0.000965873
39.2068928	0.000643915
39.2191144	0.000858553
39.231336	0.001180511
39.2435576	0.001502468
39.2557792	0.000751234
39.2680008	0.000643915
39.2802224	0.000321958
39.292444	0.000751234
39.3046656	0.000321958
39.3168872	0.000965873
39.3291088	0.000536596
39.3413304	0.000751234
39.353552	0.000643915
39.3657736	0.000536596
39.3779952	0.000536596
39.3902168	0.000643915
39.4024384	0.000536596
39.41466	0.000321958
39.4268816	0.000751234
39.4391032	0.001180511
39.4513248	0.000751234
39.4635464	0.000643915
39.475768	0.001180511
39.4879896	0.000536596
39.5002112	0.000965873
39.5124328	0.000536596
39.5246544	0.000536596
39.536876	0.001609788
39.5490976	0.000965873
39.5613192	0.000965873
39.5735408	0.000536596
39.5857624	0.000321958
39.597984	0.000643915
39.6102056	0.00128783
39.6224272	0.000751234
39.6346488	0.000643915
39.6468704	0.000107319
39.659092	0.000536596
39.6713136	0.000858553
39.6835352	0.000429277
39.6957568	0.000751234
39.7079784	0.000429277
39.7202	0.000429277
39.7324216	0.000858553
39.7446432	0.000536596
39.7568648	0.000751234
39.7690864	0.000965873
39.781308	0.000643915
39.7935296	0.000751234
39.8057512	0.000643915
39.8179728	0.000751234
39.8301944	0.000751234
39.842416	0.000536596
39.8546376	0.000643915
39.8668592	0.000751234
39.8790808	0.000429277
39.8913024	0.001180511
39.903524	0.001073192
39.9157456	0.001180511
39.9279672	0.00128783
39.9401888	0.001180511
39.9524104	0.000536596
39.964632	0.000751234
39.9768536	0.000751234
39.9890752	0.000643915
40.0012968	0.000429277
40.0135184	0.000965873
40.02574	0.001180511
40.0379616	0.000321958
40.0501832	0.000858553
40.0624048	0.000751234
40.0746264	0.000429277
40.086848	0.000965873
40.0990696	0.000536596
40.1112912	0.000429277
40.1235128	0.001180511
40.1357344	0.000965873
40.147956	0.000751234
40.1601776	0.000536596
40.1723992	0.000858553
40.1846208	0.000643915
40.1968424	0.001073192
40.209064	0.000429277
40.2212856	0.000536596
40.2335072	0.000643915
40.2457288	0.000107319
40.2579504	0.000429277
40.270172	0.001395149
40.2823936	0.001073192
40.2946152	0.000536596
40.3068368	0.001073192
40.3190584	0.000643915
40.33128	0.000321958
40.3435016	0.000643915
40.3557232	0.000965873
40.3679448	0.000643915
40.3801664	0.000107319
40.392388	0.000536596
40.4046096	0.001180511
40.4168312	0.000429277
40.4290528	0.000429277
40.4412744	0.000429277
40.453496	0.000643915
40.4657176	0.000536596
40.4779392	0.000321958
40.4901608	0.000751234
40.5023824	0.000321958
40.514604	0.000965873
40.5268256	0.001073192
40.5390472	0.000429277
40.5512688	0.000858553
40.5634904	0.000321958
40.575712	0.000321958
40.5879336	0.000536596
40.6001552	0.000429277
40.6123768	0.000751234
40.6245984	0.000751234
40.63682	0.000321958
40.6490416	0.000429277
40.6612632	0.000321958
40.6734848	0.000643915
40.6857064	0.000643915
40.697928	0.000429277
40.7101496	0.000536596
40.7223712	0.001073192
40.7345928	0.000965873
40.7468144	0.000536596
40.759036	0.000429277
40.7712576	0.000858553
40.7834792	0.000536596
40.7957008	0.000965873
40.8079224	0.000643915
40.820144	0.000429277
40.8323656	0.000429277
40.8445872	0.001180511
40.8568088	0.000643915
40.8690304	0.000429277
40.881252	0.000965873
40.8934736	0.000429277
40.9056952	0.001395149
40.9179168	0.000643915
40.9301384	0.000965873
40.94236	0.000643915
40.9545816	0.000321958
40.9668032	0.000536596
40.9790248	0.000858553
40.9912464	0.000751234
41.003468	0.000536596
41.0156896	0.000858553
41.0279112	0.000429277
41.0401328	0.000429277
41.0523544	0.001180511
41.064576	0.000643915
41.0767976	0.000965873
41.0890192	0.000429277
41.1012408	0.000643915
41.1134624	0.000321958
41.125684	0.000751234
41.1379056	0.000643915
41.1501272	0.000643915
41.1623488	0.000751234
41.1745704	0.000751234
41.186792	0.000107319
41.1990136	0.000429277
41.2112352	0.000536596
41.2234568	0.000751234
41.2356784	0.00128783
41.2479	0.000965873
41.2601216	0.000751234
41.2723432	0.000858553
41.2845648	0.000965873
41.2967864	0.000751234
41.309008	0.000214638
41.3212296	0.000643915
41.3334512	0.000965873
41.3456728	0.000858553
41.3578944	0.000536596
41.370116	0.000858553
41.3823376	0.000965873
41.3945592	0.000643915
41.4067808	0.000751234
41.4190024	0.000536596
41.431224	0.000107319
41.4434456	0.000536596
41.4556672	0.000429277
41.4678888	0.000858553
41.4801104	0.001180511
41.492332	0.001073192
41.5045536	0.000751234
41.5167752	0.000429277
41.5289968	0.000214638
41.5412184	0.000751234
41.55344	0.000751234
41.5656616	0.00128783
41.5778832	0.000429277
41.5901048	0.000751234
41.6023264	0.000321958
41.614548	0.000965873
41.6267696	0.000321958
41.6389912	0.000751234
41.6512128	0.000536596
41.6634344	0.000321958
41.675656	0.000965873
41.6878776	0.000858553
41.7000992	0.001073192
41.7123208	0.000536596
41.7245424	0.000643915
41.736764	0.000751234
41.7489856	0.001502468
41.7612072	0.000751234
41.7734288	0.000321958
41.7856504	0.000751234
41.797872	0.000643915
41.8100936	0.000965873
41.8223152	0.000751234
41.8345368	0.000858553
41.8467584	0.000643915
41.85898	0.000429277
41.8712016	0.000429277
41.8834232	0.000858553
41.8956448	0.000858553
41.9078664	0.000643915
41.920088	0.000643915
41.9323096	0.000429277
41.9445312	0.000536596
41.9567528	0.000858553
41.9689744	0.000751234
41.981196	0.000751234
41.9934176	0.000751234
42.0056392	0.000751234
42.0178608	0.000858553
42.0300824	0.000965873
42.042304	0.000536596
42.0545256	0.001073192
42.0667472	0.000965873
42.0789688	0.000751234
42.0911904	0.001502468
42.103412	0.001180511
42.1156336	0.000429277
42.1278552	0.00128783
42.1400768	0.001502468
42.1522984	0.000751234
42.16452	0.001073192
42.1767416	0.000751234
42.1889632	0.000643915
42.2011848	0.000107319
42.2134064	0.000751234
42.225628	0.000751234
42.2378496	0.000536596
42.2500712	0.000643915
42.2622928	0.000536596
42.2745144	0.000643915
42.286736	0.000858553
42.2989576	0.000536596
42.3111792	0.000536596
42.3234008	0.000536596
42.3356224	0.000858553
42.347844	0.000107319
42.3600656	0.000751234
42.3722872	0.000965873
42.3845088	0.000858553
42.3967304	0.000643915
42.408952	0.000536596
42.4211736	0.000643915
42.4333952	0.000536596
42.4456168	0.000536596
42.4578384	0.000214638
42.47006	0.000536596
42.4822816	0.000536596
42.4945032	0.000536596
42.5067248	0.001073192
42.5189464	0.000429277
42.531168	0.000429277
42.5433896	0.000536596
42.5556112	0.000107319
42.5678328	0.000965873
42.5800544	0.000429277
42.592276	0.000858553
42.6044976	0.001073192
42.6167192	0.000536596
42.6289408	0.000214638
42.6411624	0.000858553
42.653384	0.000751234
42.6656056	0.000429277
42.6778272	0.000214638
42.6900488	0.000536596
42.7022704	0.000536596
42.714492	0.000858553
42.7267136	0.000214638
42.7389352	0.000429277
42.7511568	0.000214638
42.7633784	0.000536596
42.7756	0.000429277
42.7878216	0.000858553
42.8000432	0.000643915
42.8122648	0.000858553
42.8244864	0.000643915
42.836708	0.001073192
42.8489296	0.000321958
42.8611512	0.001073192
42.8733728	0.000536596
42.8855944	0.000643915
42.897816	0.000321958
42.9100376	0.000429277
42.9222592	0.000536596
42.9344808	0.001073192
42.9467024	0.000214638
42.958924	0.000536596
42.9711456	0.000858553
42.9833672	0.000429277
42.9955888	0.000751234
43.0078104	0.000858553
43.020032	0.000858553
43.0322536	0.000858553
43.0444752	0.000429277
43.0566968	0.000751234
43.0689184	0.000965873
43.08114	0.001073192
43.0933616	0.000643915
43.1055832	0.000643915
43.1178048	0.000751234
43.1300264	0.000858553
43.142248	0.001073192
43.1544696	0.000429277
43.1666912	0.000965873
43.1789128	0.000321958
43.1911344	0.000643915
43.203356	0.000643915
43.2155776	0.000643915
43.2277992	0.000536596
43.2400208	0.000536596
43.2522424	0.000858553
43.264464	0.000536596
43.2766856	0.001609788
43.2889072	0.000643915
43.3011288	0.000965873
43.3133504	0.000858553
43.325572	0.000429277
43.3377936	0.000751234
43.3500152	0.000429277
43.3622368	0.000858553
43.3744584	0.000643915
43.38668	0.000858553
43.3989016	0.000965873
43.4111232	0.000429277
43.4233448	0.000965873
43.4355664	0.000107319
43.447788	0.000643915
43.4600096	0.001180511
43.4722312	0.000429277
43.4844528	0.000643915
43.4966744	0.000751234
43.508896	0.001073192
43.5211176	0.000429277
43.5333392	0.000429277
43.5455608	0.000643915
43.5577824	0.000751234
43.570004	0.000429277
43.5822256	0.000643915
43.5944472	0.000643915
43.6066688	0.000965873
43.6188904	0.000858553
43.631112	0.000429277
43.6433336	0.000107319
43.6555552	0.000536596
43.6677768	0.000751234
43.6799984	0.000536596
43.69222	0.000321958
43.7044416	0.000751234
43.7166632	0.000107319
43.7288848	0.000536596
43.7411064	0.001073192
43.753328	0.001073192
43.7655496	0.000429277
43.7777712	0.000536596
43.7899928	0.000321958
43.8022144	0.000751234
43.814436	0.001180511
43.8266576	0.000965873
43.8388792	0.000643915
43.8511008	0.000643915
43.8633224	0.000751234
43.875544	0.00128783
43.8877656	0.000751234
43.8999872	0.000536596
43.9122088	0.000751234
43.9244304	0.000536596
43.936652	0.000429277
43.9488736	0.000536596
43.9610952	0.000643915
43.9733168	0.000751234
43.9855384	0.000965873
43.99776	0.000429277
44.0099816	0.000643915
44.0222032	0.001395149
44.0344248	0.000429277
44.0466464	0.000321958
44.058868	0.000536596
44.0710896	0.000643915
44.0833112	0.000536596
44.0955328	0.000536596
44.1077544	0.000751234
44.119976	0.000536596
44.1321976	0.000536596
44.1444192	0.000321958
44.1566408	0.000751234
44.1688624	0.001180511
44.181084	0.000429277
44.1933056	0.000536596
44.2055272	0.000536596
44.2177488	0.001395149
44.2299704	0.000321958
44.242192	0.001073192
44.2544136	0.000751234
44.2666352	0.000107319
44.2788568	0.000643915
44.2910784	0.000751234
44.3033	0.000751234
44.3155216	0.000643915
44.3277432	0.000536596
44.3399648	0.000965873
44.3521864	0.000429277
44.364408	0.000536596
44.3766296	0.000429277
44.3888512	0.000643915
44.4010728	0.000858553
44.4132944	0.000751234
44.425516	0.000751234
44.4377376	0.000429277
44.4499592	0.001073192
44.4621808	0.000107319
44.4744024	0.000429277
44.486624	0.000858553
44.4988456	0.00128783
44.5110672	0.000536596
44.5232888	0.000751234
44.5355104	0.001073192
44.547732	0.000751234
44.5599536	0.000751234
44.5721752	0.000429277
44.5843968	0.000429277
44.5966184	0.000536596
44.60884	0.000751234
44.6210616	0.000751234
44.6332832	0.000429277
44.6455048	0.000321958
44.6577264	0.001073192
44.669948	0.000643915
44.6821696	0.000429277
44.6943912	0.000429277
44.7066128	0.000536596
44.7188344	0.000321958
44.731056	0.000858553
44.7432776	0.000429277
44.7554992	0.001180511
44.7677208	0.000858553
44.7799424	0.000858553
44.792164	0.000965873
44.8043856	0.000214638
44.8166072	0.001395149
44.8288288	0.000643915
44.8410504	0.000429277
44.853272	0.000321958
44.8654936	0.000536596
44.8777152	0.000429277
44.8899368	0.000429277
44.9021584	0.000536596
44.91438	0.000321958
44.9266016	0.000536596
44.9388232	0.000643915
44.9510448	0.001073192
44.9632664	0.000858553
44.975488	0.000858553
44.9877096	0.000536596
44.9999312	0.000965873
45.0121528	0.000536596
45.0243744	0.000965873
45.036596	0.000751234
45.0488176	0.000751234
45.0610392	0.000858553
45.0732608	0.000751234
45.0854824	0.000858553
45.097704	0.000643915
45.1099256	0.000858553
45.1221472	0.000536596
45.1343688	0.000643915
45.1465904	0.000321958
45.158812	0.000429277
45.1710336	0.000321958
45.1832552	0.000751234
45.1954768	0.000643915
45.2076984	0.000858553
45.21992	0.000858553
45.2321416	0.000429277
45.2443632	0.000214638
45.2565848	0.000321958
45.2688064	0.000536596
45.281028	0.000965873
45.2932496	0.000107319
45.3054712	0.000536596
45.3176928	0.000536596
45.3299144	0.000321958
45.342136	0.000536596
45.3543576	0.001073192
45.3665792	0.000321958
45.3788008	0.000429277
45.3910224	0.000643915
45.403244	0.000321958
45.4154656	0.000858553
45.4276872	0.000107319
45.4399088	0.000643915
45.4521304	0.000858553
45.464352	0.000429277
45.4765736	0.000643915
45.4887952	0.000429277
45.5010168	0.000751234
45.5132384	0.000214638
45.52546	0.000643915
45.5376816	0.000536596
45.5499032	0.000643915
45.5621248	0.000536596
45.5743464	0.000536596
45.586568	0.000536596
45.5987896	0.000858553
45.6110112	0.000643915
45.6232328	0.000429277
45.6354544	0.000965873
45.647676	0.001824426
45.6598976	0.001180511
45.6721192	0.000321958
45.6843408	0.000536596
45.6965624	0.000751234
45.708784	0.00128783
45.7210056	0.001502468
45.7332272	0.000536596
45.7454488	0.000107319
45.7576704	0.001073192
45.769892	0.000643915
45.7821136	0.000536596
45.7943352	0.000751234
45.8065568	0.000536596
45.8187784	0.001073192
45.831	0.000429277
45.8432216	0.000751234
45.8554432	0.000751234
45.8676648	0.000643915
45.8798864	0.000858553
45.892108	0.000536596
45.9043296	0.000536596
45.9165512	0.000429277
45.9287728	0.000965873
45.9409944	0.001073192
45.953216	0.000858553
45.9654376	0.000107319
45.9776592	0.000429277
45.9898808	0.000751234
46.0021024	0.000321958
46.014324	0.001180511
46.0265456	0.000965873
46.0387672	0.000751234
46.0509888	0.000321958
46.0632104	0.000536596
46.075432	0.000321958
46.0876536	0.000429277
46.0998752	0.000965873
46.1120968	0.000858553
46.1243184	0.000643915
46.13654	0.000643915
46.1487616	0.000965873
46.1609832	0.000858553
46.1732048	0.000536596
46.1854264	0.000536596
46.197648	0.000643915
46.2098696	0.000751234
46.2220912	0.000429277
46.2343128	0.001180511
46.2465344	0.000643915
46.258756	0.000321958
46.2709776	0.000965873
46.2831992	0.000751234
46.2954208	0.000643915
46.3076424	0.000536596
46.319864	0.000751234
46.3320856	0.000965873
46.3443072	0.000214638
46.3565288	0.000643915
46.3687504	0.000643915
46.380972	0.000321958
46.3931936	0.000751234
46.4054152	0.000536596
46.4176368	0.000429277
46.4298584	0.000643915
46.44208	0.000858553
46.4543016	0.000858553
46.4665232	0.001180511
46.4787448	0.000751234
46.4909664	0.000751234
46.503188	0.000536596
46.5154096	0.000536596
46.5276312	0.000858553
46.5398528	0.000858553
46.5520744	0.000429277
46.564296	0.000321958
46.5765176	0.000321958
46.5887392	0.000214638
46.6009608	0.000536596
46.6131824	0.000643915
46.625404	0.000751234
46.6376256	0.000858553
46.6498472	0.000536596
46.6620688	0.000643915
46.6742904	0.001073192
46.686512	0.000321958
46.6987336	0.000965873
46.7109552	0.001073192
46.7231768	0.000751234
46.7353984	0.000858553
46.74762	0.000858553
46.7598416	0.000751234
46.7720632	0.000858553
46.7842848	0.000643915
46.7965064	0.000643915
46.808728	0.000643915
46.8209496	0.000536596
46.8331712	0.000858553
46.8453928	0.000429277
46.8576144	0.000643915
46.869836	0.000643915
46.8820576	0.000429277
46.8942792	0.000429277
46.9065008	0.000321958
46.9187224	0.000321958
46.930944	0.000429277
46.9431656	0.000429277
46.9553872	0.000643915
46.9676088	0.000429277
46.9798304	0.001180511
46.992052	0.000751234
47.0042736	0.000536596
47.0164952	0.000429277
47.0287168	0.000965873
47.0409384	0.000643915
47.05316	0.000536596
47.0653816	0.001395149
47.0776032	0.000429277
47.0898248	0.001073192
47.1020464	0.000214638
47.114268	0.000965873
47.1264896	0.000751234
47.1387112	0.001073192
47.1509328	0.000751234
47.1631544	0.000751234
47.175376	0.001073192
47.1875976	0.000751234
47.1998192	0.000643915
47.2120408	0.000643915
47.2242624	0.000429277
47.236484	0.001180511
47.2487056	0.000107319
47.2609272	0.000858553
47.2731488	0.000751234
47.2853704	0.000643915
47.297592	0.000429277
47.3098136	0.000751234
47.3220352	0.000536596
47.3342568	0.000858553
47.3464784	0.001073192
47.3587	0.000965873
47.3709216	0.00128783
47.3831432	0.001073192
47.3953648	0.001073192
47.4075864	0.001073192
47.419808	0.000429277
47.4320296	0.000965873
47.4442512	0.001180511
47.4564728	0.000536596
47.4686944	0.000965873
47.480916	0.001609788
47.4931376	0.000536596
47.5053592	0.001073192
47.5175808	0.001609788
47.5298024	0.001609788
47.542024	0.00128783
47.5542456	0.001073192
47.5664672	0.000429277
47.5786888	0.000858553
47.5909104	0.000965873
47.603132	0.000536596
47.6153536	0.001073192
47.6275752	0.000965873
47.6397968	0.001073192
47.6520184	0.001609788
47.66424	0.002146383
47.6764616	0.001717107
47.6886832	0.000751234
47.7009048	0.00128783
47.7131264	0.001073192
47.725348	0.001717107
47.7375696	0.002146383
47.7497912	0.001502468
47.7620128	0.00128783
47.7742344	0.001609788
47.786456	0.002361022
47.7986776	0.002897618
47.8108992	0.002682979
47.8231208	0.002897618
47.8353424	0.002897618
47.847564	0.004185448
47.8597856	0.002468341
47.8720072	0.004507405
47.8842288	0.003112256
47.8964504	0.003756171
47.908672	0.002361022
47.9208936	0.000751234
47.9331152	0.000214638
47.9453368	0
47.9575584	0
47.96978	0
47.9820016	0
47.9942232	0
48.0064448	0
48.0186664	0
48.030888	0.000107319
48.0431096	0.000107319
48.0553312	0
48.0675528	0
48.0797744	0
48.091996	0.000107319
48.1042176	0.000107319
48.1164392	0
48.1286608	0
48.1408824	0
48.153104	0
48.1653256	0
48.1775472	0
48.1897688	0
48.2019904	0
48.214212	0
48.2264336	0.000107319
48.2386552	0.000214638
48.2508768	0.000107319
48.2630984	0
48.27532	0
48.2875416	0
48.2997632	0
48.3119848	0.000107319
48.3242064	0.000107319
48.336428	0
48.3486496	0
48.3608712	0
48.3730928	0
48.3853144	0
48.397536	0.000107319
48.4097576	0.000107319
48.4219792	0
48.4342008	0
48.4464224	0.000107319
48.458644	0.000107319
48.4708656	0.000107319
48.4830872	0.000107319
48.4953088	0
48.5075304	0
48.519752	0
48.5319736	0
48.5441952	0
48.5564168	0
48.5686384	0
48.58086	0
48.5930816	0
48.6053032	0
48.6175248	0
48.6297464	0
48.641968	0
48.6541896	0
48.6664112	0
48.6786328	0
48.6908544	0
48.703076	0
48.7152976	0
48.7275192	0
48.7397408	0
48.7519624	0
48.764184	0
48.7764056	0
48.7886272	0
48.8008488	0
48.8130704	0
48.825292	0
48.8375136	0
48.8497352	0
48.8619568	0.000107319
48.8741784	0.000107319
48.8864	0
48.8986216	0
48.9108432	0
48.9230648	0
48.9352864	0
48.947508	0
48.9597296	0
48.9719512	0
48.9841728	0
48.9963944	0
49.008616	0
49.0208376	0
49.0330592	0
49.0452808	0
49.0575024	0
49.069724	0
49.0819456	0
49.0941672	0
49.1063888	0
49.1186104	0
49.130832	0
49.1430536	0.000107319
49.1552752	0.000107319
49.1674968	0.000107319
49.1797184	0.000214638
49.19194	0.000107319
49.2041616	0
49.2163832	0
49.2286048	0
49.2408264	0
49.253048	0
49.2652696	0
49.2774912	0
49.2897128	0
49.3019344	0
49.314156	0
49.3263776	0
49.3385992	0
49.3508208	0.000107319
49.3630424	0.000107319
49.375264	0
49.3874856	0
49.3997072	0
49.4119288	0
49.4241504	0
49.436372	0
49.4485936	0
49.4608152	0
49.4730368	0
49.4852584	0
49.49748	0
49.5097016	0.000107319
49.5219232	0.000107319
49.5341448	0
49.5463664	0
49.558588	0
49.5708096	0
49.5830312	0
49.5952528	0
49.6074744	0
49.619696	0
49.6319176	0
49.6441392	0
49.6563608	0
49.6685824	0.000107319
49.680804	0.000107319
49.6930256	0
49.7052472	0
49.7174688	0
49.7296904	0
49.741912	0.000107319
49.7541336	0.000214638
49.7663552	0.000107319
49.7785768	0
49.7907984	0
49.80302	0
49.8152416	0
49.8274632	0
49.8396848	0
49.8519064	0
49.864128	0
49.8763496	0
49.8885712	0
49.9007928	0.000107319
49.9130144	0.000107319
49.925236	0
49.9374576	0
49.9496792	0
49.9619008	0
49.9741224	0
49.986344	0
49.9985656	0
50.0107872	0
50.0230088	0.000107319
50.0352304	0.000107319
50.047452	0.000107319