#time	counts
0	0
0.0122216	0
0.0244432	0
0.0366648	0
0.0488864	0
0.061108	0
0.0733296	0
0.0855512	0
0.0977728	0
0.1099944	0
0.122216	0
0.1344376	0
0.1466592	0
0.1588808	0
0.1711024	0
0.183324	0
0.1955456	0
0.2077672	0
0.2199888	0
0.2322104	0
0.244432	0
0.2566536	0
0.2688752	0
0.2810968	0
0.2933184	0
0.30554	0
0.3177616	0
0.3299832	0
0.3422048	0
0.3544264	0
0.366648	0
0.3788696	0
0.3910912	0
0.4033128	0
0.4155344	0
0.427756	0
0.4399776	0
0.4521992	0
0.4644208	0.000271076
0.4766424	0.000135538
0.488864	0.000271076
0.5010856	0.000542152
0.5133072	0.000542152
0.5255288	0.000406614
0.5377504	0.000135538
0.549972	0.000271076
0.5621936	0.000135538
0.5744152	0.000406614
0.5866368	0.000271076
0.5988584	0.000406614
0.61108	0.000406614
0.6233016	0.000542152
0.6355232	0.000135538
0.6477448	0.000542152
0.6599664	0.000271076
0.672188	0.00067769
0.6844096	0.000542152
0.6966312	0.000135538
0.7088528	0.000271076
0.7210744	0.00067769
0.733296	0.000406614
0.7455176	0.00067769
0.7577392	0.000406614
0.7699608	0.00067769
0.7821824	0.000813229
0.794404	0.000406614
0.8066256	0.000135538
0.8188472	0.000813229
0.8310688	0.000542152
0.8432904	0.000542152
0.855512	0.00067769
0.8677336	0.000135538
0.8799552	0.000406614
0.8921768	0
0.9043984	0.000271076
0.91662	0.000406614
0.9288416	0.000813229
0.9410632	0.000406614
0.9532848	0.00067769
0.9655064	0.000271076
0.977728	0.000813229
0.9899496	0.00067769
1.0021712	0.000271076
1.0143928	0.000542152
1.0266144	0.000406614
1.038836	0.001490919
1.0510576	0.000542152
1.0632792	0.000542152
1.0755008	0.000406614
1.0877224	0.000813229
1.099944	0.000542152
1.1121656	0.000271076
1.1243872	0.00067769
1.1366088	0.000406614
1.1488304	0.000948767
1.161052	0.000135538
1.1732736	0.000406614
1.1854952	0.000406614
1.1977168	0.000813229
1.2099384	0.000813229
1.22216	0.000813229
1.2343816	0.000948767
1.2466032	0.000542152
1.2588248	0.001084305
1.2710464	0.00067769
1.283268	0.000813229
1.2954896	0.00067769
1.3077112	0.00067769
1.3199328	0.00067769
1.3321544	0.000406614
1.344376	0.000813229
1.3565976	0.000813229
1.3688192	0.000271076
1.3810408	0.001084305
1.3932624	0.000406614
1.405484	0.00067769
1.4177056	0.00067769
1.4299272	0.000542152
1.4421488	0.001219843
1.4543704	0.00067769
1.466592	0.00067769
1.4788136	0.00067769
1.4910352	0.000813229
1.5032568	0.000542152
1.5154784	0.000406614
1.5277	0.001084305
1.5399216	0.000271076
1.5521432	0.000542152
1.5643648	0.001084305
1.5765864	0.001219843
1.588808	0.000813229
1.6010296	0.00067769
1.6132512	0.000948767
1.6254728	0.001084305
1.6376944	0.000948767
1.649916	0.000406614
1.6621376	0.000948767
1.6743592	0.000542152
1.6865808	0.000813229
1.6988024	0.000948767
1.711024	0.000271076
1.7232456	0.00067769
1.7354672	0.000813229
1.7476888	0.00067769
1.7599104	0.000406614
1.772132	0.000135538
1.7843536	0.000542152
1.7965752	0.000813229
1.8087968	0.000948767
1.8210184	0.000813229
1.83324	0.000542152
1.8454616	0.00067769
1.8576832	0.001084305
1.8699048	0.000271076
1.8821264	0.000813229
1.894348	0.000406614
1.9065696	0.000542152
1.9187912	0.000813229
1.9310128	0.001084305
1.9432344	0.000406614
1.955456	0.000135538
1.9676776	0.000542152
1.9798992	0.000813229
1.9921208	0.00067769
2.0043424	0.000948767
2.016564	0.000542152
2.0287856	0.000542152
2.0410072	0.000406614
2.0532288	0.000542152
2.0654504	0.001490919
2.077672	0.000271076
2.0898936	0.000948767
2.1021152	0.00067769
2.1143368	0.000542152
2.1265584	0.000542152
2.13878	0.000271076
2.1510016	0.000948767
2.1632232	0.000813229
2.1754448	0.000271076
2.1876664	0.001219843
2.199888	0.001084305
2.2121096	0.000542152
2.2243312	0.000271076
2.2365528	0.000813229
2.2487744	0.000948767
2.260996	0.000406614
2.2732176	0.001897533
2.2854392	0.000813229
2.2976608	0.000948767
2.3098824	0.000948767
2.322104	0.000948767
2.3343256	0.00067769
2.3465472	0.000271076
2.3587688	0.00067769
2.3709904	0.000542152
2.383212	0.00067769
2.3954336	0.000948767
2.4076552	0.001219843
2.4198768	0.000406614
2.4320984	0.001084305
2.44432	0.000813229
2.4565416	0.001626457
2.4687632	0.000135538
2.4809848	0.001355381
2.4932064	0.000406614
2.505428	0.000406614
2.5176496	0.001084305
2.5298712	0.001761995
2.5420928	0.001084305
2.5543144	0.00067769
2.566536	0.00067769
2.5787576	0.000813229
2.5909792	0.000948767
2.6032008	0.000542152
2.6154224	0.001355381
2.627644	0.001219843
2.6398656	0.001355381
2.6520872	0.000406614
2.6643088	0.000813229
2.6765304	0.000542152
2.688752	0.000813229
2.7009736	0.001626457
2.7131952	0.000948767
2.7254168	0.000406614
2.7376384	0.00067769
2.74986	0.000813229
2.7620816	0.001084305
2.7743032	0.001219843
2.7865248	0.001626457
2.7987464	0.00067769
2.810968	0.000406614
2.8231896	0.000813229
2.8354112	0.00067769
2.8476328	0.000813229
2.8598544	0.000271076
2.872076	0.001084305
2.8842976	0.000406614
2.8965192	0.00067769
2.9087408	0.000948767
2.9209624	0.001084305
2.933184	0.000948767
2.9454056	0.000813229
2.9576272	0.001084305
2.9698488	0.000406614
2.9820704	0.001219843
2.994292	0.001084305
3.0065136	0.001219843
3.0187352	0.000135538
3.0309568	0.001219843
3.0431784	0.000948767
3.0554	0.001084305
3.0676216	0.000813229
3.0798432	0.000406614
3.0920648	0.00067769
3.1042864	0.000271076
3.116508	0.000406614
3.1287296	0.000542152
3.1409512	0.000542152
3.1531728	0.000542152
3.1653944	0.000813229
3.177616	0.00067769
3.1898376	0.000813229
3.2020592	0.00067769
3.2142808	0.000542152
3.2265024	0.000542152
3.238724	0.00067769
3.2509456	0.000542152
3.2631672	0.000542152
3.2753888	0.001626457
3.2876104	0.000406614
3.299832	0.000813229
3.3120536	0.00067769
3.3242752	0.00067769
3.3364968	0.000271076
3.3487184	0.001084305
3.36094	0.000813229
3.3731616	0.001219843
3.3853832	0.000813229
3.3976048	0.000135538
3.4098264	0.000406614
3.422048	0.000406614
3.4342696	0.000813229
3.4464912	0.000542152
3.4587128	0.00067769
3.4709344	0.000271076
3.483156	0.000271076
3.4953776	0.000542152
3.5075992	0.000948767
3.5198208	0.00067769
3.5320424	0.00067769
3.544264	0.000542152
3.5564856	0.000948767
3.5687072	0.000813229
3.5809288	0.000542152
3.5931504	0.000271076
3.605372	0.000406614
3.6175936	0.00067769
3.6298152	0.000135538
3.6420368	0.001355381
3.6542584	0.000542152
3.66648	0.000813229
3.6787016	0.000948767
3.6909232	0.00067769
3.7031448	0.000271076
3.7153664	0.000813229
3.727588	0
3.7398096	0.000271076
3.7520312	0.000271076
3.7642528	0.000542152
3.7764744	0.000813229
3.788696	0.00067769
3.8009176	0.000813229
3.8131392	0.000406614
3.8253608	0.001084305
3.8375824	0.00067769
3.849804	0.001084305
3.8620256	0.00067769
3.8742472	0.000542152
3.8864688	0.001490919
3.8986904	0.000948767
3.910912	0.000406614
3.9231336	0.000813229
3.9353552	0.000406614
3.9475768	0.000542152
3.9597984	0.000542152
3.97202	0.000135538
3.9842416	0.000542152
3.9964632	0.00067769
4.0086848	0.000813229
4.0209064	0.000948767
4.033128	0.001084305
4.0453496	0.00067769
4.0575712	0.000271076
4.0697928	0.000271076
4.0820144	0.000271076
4.094236	0.00067769
4.1064576	0.000542152
4.1186792	0.001626457
4.1309008	0.001084305
4.1431224	0.000406614
4.155344	0.000813229
4.1675656	0.00067769
4.1797872	0.000948767
4.1920088	0.001084305
4.2042304	0.000135538
4.216452	0.000813229
4.2286736	0.000406614
4.2408952	0.000948767
4.2531168	0.001084305
4.2653384	0.001084305
4.27756	0.001084305
4.2897816	0.001355381
4.3020032	0.001219843
4.3142248	0.000135538
4.3264464	0.000542152
4.338668	0.00067769
4.3508896	0.000948767
4.3631112	0.000813229
4.3753328	0.000271076
4.3875544	0.000542152
4.399776	0.000948767
4.4119976	0.000406614
4.4242192	0.000542152
4.4364408	0.000542152
4.4486624	0.000948767
4.460884	0.000542152
4.4731056	0.000406614
4.4853272	0.000813229
4.4975488	0.001219843
4.5097704	0.000813229
4.521992	0.000948767
4.5342136	0.00067769
4.5464352	0.000542152
4.5586568	0.000542152
4.5708784	0.001355381
4.5831	0.000813229
4.5953216	0.001355381
4.6075432	0.00067769
4.6197648	0.001219843
4.6319864	0.00067769
4.644208	0.000948767
4.6564296	0.001490919
4.6686512	0.000948767
4.6808728	0.001084305
4.6930944	0.00067769
4.705316	0.000542152
4.7175376	0.000406614
4.7297592	0.000948767
4.7419808	0.000813229
4.7542024	0.000948767
4.766424	0.000813229
4.7786456	0.000813229
4.7908672	0.000406614
4.8030888	0.000813229
4.8153104	0.00067769
4.827532	0.000271076
4.8397536	0.00067769
4.8519752	0.001490919
4.8641968	0.000542152
4.8764184	0.000406614
4.88864	0.000542152
4.9008616	0.000813229
4.9130832	0.000542152
4.9253048	0.000813229
4.9375264	0.001490919
4.949748	0.000813229
4.9619696	0.000406614
4.9741912	0.000542152
4.9864128	0.000135538
4.9986344	0.000948767
5.010856	0.000406614
5.0230776	0.000542152
5.0352992	0.00067769
5.0475208	0.00067769
5.0597424	0.001084305
5.071964	0.001084305
5.0841856	0.00067769
5.0964072	0.00067769
5.1086288	0.00067769
5.1208504	0.000406614
5.133072	0.000542152
5.1452936	0.000813229
5.1575152	0.000813229
5.1697368	0.00067769
5.1819584	0.001355381
5.19418	0.001084305
5.2064016	0.001219843
5.2186232	0.00067769
5.2308448	0.00067769
5.2430664	0.000813229
5.255288	0.001084305
5.2675096	0.001084305
5.2797312	0.000542152
5.2919528	0.000813229
5.3041744	0.001084305
5.316396	0.000948767
5.3286176	0.000406614
5.3408392	0.000813229
5.3530608	0.000542152
5.3652824	0.001084305
5.377504	0.000406614
5.3897256	0.00067769
5.4019472	0.00067769
5.4141688	0.000948767
5.4263904	0.000542152
5.438612	0.000135538
5.4508336	0.000542152
5.4630552	0.000271076
5.4752768	0.000948767
5.4874984	0.000948767
5.49972	0.00067769
5.5119416	0.00067769
5.5241632	0.00067769
5.5363848	0.000542152
5.5486064	0.001084305
5.560828	0.00067769
5.5730496	0.000271076
5.5852712	0.001084305
5.5974928	0.000813229
5.6097144	0.000948767
5.621936	0.000813229
5.6341576	0.000542152
5.6463792	0.001084305
5.6586008	0.001219843
5.6708224	0.001219843
5.683044	0.000948767
5.6952656	0.000406614
5.7074872	0.000271076
5.7197088	0.000542152
5.7319304	0.001897533
5.744152	0.000542152
5.7563736	0.000406614
5.7685952	0.000406614
5.7808168	0.000813229
5.7930384	0.000948767
5.80526	0.000948767
5.8174816	0.000813229
5.8297032	0.000406614
5.8419248	0.000813229
5.8541464	0.001626457
5.866368	0.000813229
5.8785896	0.001626457
5.8908112	0.001084305
5.9030328	0.000271076
5.9152544	0.000135538
5.927476	0.000813229
5.9396976	0.000948767
5.9519192	0.000542152
5.9641408	0.000406614
5.9763624	0.001084305
5.988584	0.001355381
6.0008056	0
6.0130272	0.001355381
6.0252488	0.000813229
6.0374704	0.001084305
6.049692	0.001084305
6.0619136	0.001084305
6.0741352	0.00067769
6.0863568	0.000948767
6.0985784	0.000542152
6.1108	0.001084305
6.1230216	0.001084305
6.1352432	0.000813229
6.1474648	0.00067769
6.1596864	0.001084305
6.171908	0.001084305
6.1841296	0.00067769
6.1963512	0.000813229
6.2085728	0.001084305
6.2207944	0.000135538
6.233016	0.000542152
6.2452376	0.001084305
6.2574592	0.00067769
6.2696808	0.000813229
6.2819024	0.000406614
6.294124	0.001084305
6.3063456	0.001219843
6.3185672	0.001219843
6.3307888	0.000948767
6.3430104	0.001355381
6.355232	0.00067769
6.3674536	0.001355381
6.3796752	0.002033071
6.3918968	0.00067769
6.4041184	0.001084305
6.41634	0.000813229
6.4285616	0.000813229
6.4407832	0.000813229
6.4530048	0.001219843
6.4652264	0.001084305
6.477448	0.00067769
6.4896696	0.000813229
6.5018912	0.000948767
6.5141128	0.000813229
6.5263344	0.000135538
6.538556	0.001219843
6.5507776	0.001355381
6.5629992	0.00067769
6.5752208	0.001084305
6.5874424	0.000813229
6.599664	0.000542152
6.6118856	0.000948767
6.6241072	0.000406614
6.6363288	0.000542152
6.6485504	0.001219843
6.660772	0.001084305
6.6729936	0.000542152
6.6852152	0.000813229
6.6974368	0.000406614
6.7096584	0.000542152
6.72188	0.00067769
6.7341016	0.001219843
6.7463232	0.000406614
6.7585448	0.000948767
6.7707664	0.000813229
6.782988	0.000948767
6.7952096	0.000948767
6.8074312	0.000406614
6.8196528	0.000948767
6.8318744	0.000813229
6.844096	0.000542152
6.8563176	0.000271076
6.8685392	0.001084305
6.8807608	0.00067769
6.8929824	0.001084305
6.905204	0.001084305
6.9174256	0.000948767
6.9296472	0.000542152
6.9418688	0.00067769
6.9540904	0.000948767
6.966312	0.000813229
6.9785336	0.001084305
6.9907552	0.000406614
7.0029768	0.00067769
7.0151984	0.00067769
7.02742	0.000948767
7.0396416	0.000813229
7.0518632	0.000542152
7.0640848	0.000542152
7.0763064	0.000813229
7.088528	0.001490919
7.1007496	0.00067769
7.1129712	0.00067769
7.1251928	0.000542152
7.1374144	0.000406614
7.149636	0.000813229
7.1618576	0.000948767
7.1740792	0.000948767
7.1863008	0.00067769
7.1985224	0.001355381
7.210744	0.000542152
7.2229656	0.000813229
7.2351872	0.000271076
7.2474088	0.000813229
7.2596304	0.000135538
7.271852	0.000813229
7.2840736	0.000813229
7.2962952	0.002033071
7.3085168	0.000813229
7.3207384	0.000542152
7.33296	0.001355381
7.3451816	0.001490919
7.3574032	0.00067769
7.3696248	0.000948767
7.3818464	0.000271076
7.394068	0.001084305
7.4062896	0.00067769
7.4185112	0.001084305
7.4307328	0.000813229
7.4429544	0.00067769
7.455176	0.000948767
7.4673976	0.001084305
7.4796192	0.000406614
7.4918408	0.00067769
7.5040624	0.000813229
7.516284	0.000406614
7.5285056	0.000135538
7.5407272	0.00067769
7.5529488	0.000271076
7.5651704	0.000271076
7.577392	0.000542152
7.5896136	0.000542152
7.6018352	0.00067769
7.6140568	0.000406614
7.6262784	0.00067769
7.6385	0.001084305
7.6507216	0.001084305
7.6629432	0.000813229
7.6751648	0.000813229
7.6873864	0.00067769
7.699608	0.000813229
7.7118296	0.000542152
7.7240512	0.00067769
7.7362728	0.00067769
7.7484944	0.001219843
7.760716	0.000271076
7.7729376	0.000542152
7.7851592	0.000813229
7.7973808	0.000542152
7.8096024	0.000542152
7.821824	0.000948767
7.8340456	0.00067769
7.8462672	0.000271076
7.8584888	0.000271076
7.8707104	0.000135538
7.882932	0.000813229
7.8951536	0.000542152
7.9073752	0.000406614
7.9195968	0.00067769
7.9318184	0.000813229
7.94404	0.001084305
7.9562616	0.001219843
7.9684832	0.000542152
7.9807048	0.00067769
7.9929264	0.000948767
8.005148	0.00067769
8.0173696	0.000948767
8.0295912	0.000135538
8.0418128	0.00067769
8.0540344	0.000813229
8.066256	0.000948767
8.0784776	0.000948767
8.0906992	0.000135538
8.1029208	0.00067769
8.1151424	0.00067769
8.127364	0.00067769
8.1395856	0.000406614
8.1518072	0.001761995
8.1640288	0.000948767
8.1762504	0.000813229
8.188472	0.00067769
8.2006936	0.000406614
8.2129152	0.000813229
8.2251368	0.001084305
8.2373584	0.00067769
8.24958	0.000542152
8.2618016	0.000948767
8.2740232	0.000813229
8.2862448	0.000948767
8.2984664	0.000813229
8.310688	0.000813229
8.3229096	0.001084305
8.3351312	0.000948767
8.3473528	0.00067769
8.3595744	0.000813229
8.371796	0.000406614
8.3840176	0.001355381
8.3962392	0.001084305
8.4084608	0.000813229
8.4206824	0.001084305
8.432904	0.00067769
8.4451256	0.001219843
8.4573472	0.000542152
8.4695688	0.00067769
8.4817904	0.000542152
8.494012	0.001084305
8.5062336	0.00067769
8.5184552	0.000406614
8.5306768	0.001219843
8.5428984	0.00067769
8.55512	0.001084305
8.5673416	0.000542152
8.5795632	0.000406614
8.5917848	0.000813229
8.6040064	0.000542152
8.616228	0.000271076
8.6284496	0.00067769
8.6406712	0.000948767
8.6528928	0.001490919
8.6651144	0.000406614
8.677336	0.00067769
8.6895576	0.000542152
8.7017792	0.001355381
8.7140008	0.000542152
8.7262224	0.001355381
8.738444	0.000406614
8.7506656	0.001219843
8.7628872	0.000948767
8.7751088	0.000271076
8.7873304	0.00067769
8.799552	0.000542152
8.8117736	0.000542152
8.8239952	0.00067769
8.8362168	0.000542152
8.8484384	0.000406614
8.86066	0.001084305
8.8728816	0.00067769
8.8851032	0.001219843
8.8973248	0.000948767
8.9095464	0.000406614
8.921768	0.000406614
8.9339896	0.00067769
8.9462112	0.000948767
8.9584328	0.000271076
8.9706544	0.000271076
8.982876	0.000542152
8.9950976	0.000406614
9.0073192	0.000542152
9.0195408	0.000948767
9.0317624	0.001219843
9.043984	0.001490919
9.0562056	0.002168609
9.0684272	0.006912442
9.0806488	0.01911087
9.0928704	0.044998645
9.105092	0.092843589
9.1173136	0.168338303
9.1295352	0.259284359
9.1417568	0.403632421
9.1539784	0.515993494
9.1662	0.645296828
9.1784216	0.751694226
9.1906432	0.819192193
9.2028648	0.873000813
9.2150864	0.908511792
9.227308	0.954594741
9.2395296	0.935212795
9.2517512	0.957441041
9.2639728	0.952968284
9.2761944	0.972892383
9.288416	0.977094063
9.3006376	0.991867715
9.3128592	0.981837896
9.3250808	0.986581729
9.3373024	0.98793711
9.349524	0.979398211
9.3617456	0.983464353
9.3739672	0.977229602
9.3861888	0.972756845
9.3984104	0.978449444
9.410632	0.967606397
9.4228536	0.974925454
9.4350752	1
9.4472968	0.966115478
9.4595184	0.952968284
9.47174	0.944429385
9.4839616	0.965166712
9.4961832	0.971537002
9.5084048	0.96245595
9.5206264	0.945784766
9.532848	0.96245595
9.5450696	0.957034427
9.5572912	0.962049336
9.5695128	0.946055842
9.5817344	0.962727026
9.593956	0.964895636
9.6061776	0.970588235
9.6183992	0.939007861
9.6306208	0.933315262
9.6428424	0.951341827
9.655064	0.932773109
9.6672856	0.945242613
9.6795072	0.940634318
9.6917288	0.937110328
9.7039504	0.926402819
9.716172	0.920439143
9.7283936	0.910815939
9.7406152	0.91433993
9.7528368	0.922201139
9.7650584	0.902141502
9.77728	0.899159664
9.7895016	0.914475468
9.8017232	0.919625915
9.8139448	0.880184332
9.8261664	0.905665492
9.838388	0.901328273
9.8506096	0.876931418
9.8628312	0.888316617
9.8750528	0.887910003
9.8872744	0.879235565
9.899496	0.863648685
9.9117176	0.86757929
9.9239392	0.858091624
9.9361608	0.848739496
9.9483824	0.834372459
9.960604	0.835863378
9.9728256	0.827595554
9.9850472	0.823122798
9.9972688	0.804283004
10.0094904	0.814854974
10.021712	0.824207102
10.0339336	0.808484684
10.0461552	0.818785579
10.0583768	0.800759013
10.0705984	0.794795337
10.08282	0.790458119
10.0950416	0.791542423
10.1072632	0.798590404
10.1194848	0.784087829
10.1317064	0.7832746
10.143928	0.785849824
10.1561496	0.785578748
10.1683712	0.776497696
10.1805928	0.753998374
10.1928144	0.785307671
10.205036	0.756438059
10.2172576	0.754811602
10.2294792	0.752778531
10.2417008	0.763079425
10.2539224	0.769585253
10.266144	0.731770127
10.2783656	0.737733803
10.2905872	0.746814855
10.3028088	0.746543779
10.3150304	0.718622933
10.327252	0.732041204
10.3394736	0.718351857
10.3516952	0.722689076
10.3639168	0.723637842
10.3761384	0.712794795
10.38836	0.711846029
10.4005816	0.690431011
10.4128032	0.696801301
10.4250248	0.704391434
10.4372464	0.703171591
10.449468	0.688533478
10.4616896	0.701274058
10.4739112	0.685416102
10.4861328	0.700460829
10.4983544	0.681485497
10.510576	0.682976416
10.5227976	0.663323394
10.5350192	0.659121713
10.5472408	0.65790187
10.5594624	0.642721605
10.571684	0.644619138
10.5839056	0.664949851
10.5961272	0.645296828
10.6083488	0.667660613
10.6205704	0.656410951
10.632792	0.653971266
10.6450136	0.631878558
10.6572352	0.635673624
10.6694568	0.617375983
10.6816784	0.610599078
10.6939	0.614394145
10.7061216	0.60626186
10.7183432	0.608701545
10.7305648	0.609921388
10.7427864	0.603551098
10.755008	0.607210626
10.7672296	0.613580916
10.7794512	0.595554351
10.7916728	0.626592573
10.8038944	0.608159393
10.816116	0.594334508
10.8283376	0.587422066
10.8405592	0.585388994
10.8527808	0.58145839
10.8650024	0.586879913
10.877224	0.596774194
10.8894456	0.570344267
10.9016672	0.575901328
10.9138888	0.583626999
10.9261104	0.583762537
10.938332	0.576307943
10.9505536	0.550826782
10.9627752	0.552859854
10.9749968	0.551233397
10.9872184	0.559772296
10.99944	0.557468149
11.0116616	0.560314448
11.0238832	0.541203578
11.0361048	0.540254812
11.0483264	0.532800217
11.060548	0.537408512
11.0727696	0.544863107
11.0849912	0.516535647
11.0972128	0.53754405
11.1094344	0.526429927
11.121656	0.51274058
11.1338776	0.523041475
11.1460992	0.513824885
11.1583208	0.533613445
11.1705424	0.514638113
11.182764	0.527378693
11.1949856	0.506641366
11.2072072	0.52195717
11.2194288	0.50352399
11.2316504	0.504337219
11.243872	0.502439686
11.2560936	0.51274058
11.2683152	0.502168609
11.2805368	0.497424776
11.2927584	0.498644619
11.30498	0.50067769
11.3172016	0.494036324
11.3294232	0.472756845
11.3416448	0.479398211
11.3538664	0.488750339
11.366088	0.480211439
11.3783096	0.482786663
11.3905312	0.475874221
11.4027528	0.473298997
11.4149744	0.475603144
11.427196	0.468419626
11.4394176	0.470723773
11.4516392	0.464217945
11.4638608	0.477771754
11.4760824	0.454730279
11.488304	0.462862564
11.5005256	0.465166712
11.5127472	0.445242613
11.5249688	0.447682299
11.5371904	0.456356736
11.549412	0.450799675
11.5616336	0.431553266
11.5738552	0.445242613
11.5860768	0.426809433
11.5982984	0.436026023
11.61052	0.436839252
11.6227416	0.422336677
11.6349632	0.432908647
11.6471848	0.431688805
11.6594064	0.431959881
11.671628	0.417728382
11.6838496	0.422607753
11.6960712	0.43128219
11.7082928	0.426809433
11.7205144	0.417457306
11.732736	0.408782868
11.7449576	0.42071022
11.7571792	0.421116834
11.7694008	0.410680401
11.7816224	0.400515045
11.793844	0.407156411
11.8060656	0.397668745
11.8182872	0.403090268
11.8305088	0.405936568
11.8427304	0.395229059
11.854952	0.379100027
11.8671736	0.396719978
11.8793952	0.388452155
11.8916168	0.388587693
11.9038384	0.386283546
11.91606	0.389265384
11.9282816	0.388858769
11.9405032	0.375304961
11.9527248	0.386554622
11.9649464	0.390078612
11.977168	0.369341285
11.9893896	0.385334779
12.0016112	0.386961236
12.0138328	0.36757929
12.0260544	0.374898346
12.038276	0.375440499
12.0504976	0.369612361
12.0627192	0.373407427
12.0749408	0.376524803
12.0871624	0.367985904
12.099384	0.359582543
12.1116056	0.363513147
12.1238272	0.361615614
12.1360488	0.343182434
12.1482704	0.348332882
12.160492	0.355380862
12.1727136	0.345486582
12.1849352	0.351043643
12.1971568	0.340742749
12.2093784	0.332746002
12.2216	0.340471673
12.2338216	0.342504744
12.2460432	0.338031987
12.2582648	0.328679859
12.2704864	0.344944429
12.282708	0.335998916
12.2949296	0.328137707
12.3071512	0.331661697
12.3193728	0.341691515
12.3315944	0.343046896
12.343816	0.32651125
12.3560376	0.319463269
12.3682592	0.322174031
12.3804808	0.316888046
12.3927024	0.315397127
12.404924	0.322445107
12.4171456	0.312415289
12.4293672	0.312279751
12.4415888	0.327866631
12.4538104	0.300623475
12.466032	0.319056655
12.4782536	0.304689618
12.4904752	0.31729466
12.5026968	0.306722689
12.5149184	0.31377067
12.52714	0.306587151
12.5393616	0.306180537
12.5515832	0.301030089
12.5638048	0.311330984
12.5760264	0.29249119
12.588248	0.308484684
12.6004696	0.294388723
12.6126912	0.298590404
12.6249128	0.301572242
12.6371344	0.2918135
12.649356	0.290187043
12.6615776	0.286391976
12.6737992	0.297641637
12.6860208	0.287882895
12.6982424	0.289102738
12.710464	0.280563838
12.7226856	0.2918135
12.7349072	0.284494443
12.7471288	0.281105991
12.7593504	0.281648143
12.771572	0.268094335
12.7837936	0.284087829
12.7960152	0.278801843
12.8082368	0.275277853
12.8204584	0.272024939
12.83268	0.275006777
12.8449016	0.269449715
12.8571232	0.257928978
12.8693448	0.272567091
12.8815664	0.268907563
12.893788	0.265654649
12.9060096	0.26768772
12.9182312	0.265654649
12.9304528	0.266467877
12.9426744	0.266874492
12.954896	0.26063974
12.9671176	0.257657902
12.9793392	0.252642993
12.9915608	0.26484142
13.0037824	0.255624831
13.016004	0.260368664
13.0282256	0.250745459
13.0404472	0.247492545
13.0526688	0.254133912
13.0648904	0.252507455
13.077112	0.244917322
13.0893336	0.252914069
13.1015552	0.24505286
13.1137768	0.247492545
13.1259984	0.242613174
13.13822	0.238953646
13.1504416	0.244239631
13.1626632	0.233803199
13.1748848	0.228517213
13.1871064	0.234074275
13.199328	0.241122255
13.2115496	0.236920575
13.2237712	0.240444565
13.2359928	0.24505286
13.2482144	0.231634589
13.260436	0.229872594
13.2726576	0.229194904
13.2848792	0.230414747
13.2971008	0.231499051
13.3093224	0.238547032
13.321544	0.22309569
13.3337656	0.229872594
13.3459872	0.231499051
13.3582088	0.22594199
13.3704304	0.226348604
13.382652	0.225535375
13.3948736	0.229737056
13.4070952	0.225670914
13.4193168	0.213336948
13.4315384	0.219978314
13.44376	0.212117105
13.4559816	0.229059366
13.4682032	0.207237734
13.4804248	0.214827867
13.4926464	0.213743562
13.504868	0.221198157
13.5170896	0.206695581
13.5293112	0.209541881
13.5415328	0.207779886
13.5537544	0.213065872
13.565976	0.206288967
13.5781976	0.205611277
13.5904192	0.202629439
13.6026408	0.215505557
13.6148624	0.203713744
13.627084	0.198698834
13.6393056	0.205475739
13.6515272	0.203849282
13.6637488	0.197750068
13.6759704	0.19829222
13.688192	0.204526972
13.7004136	0.190837625
13.7126352	0.184738411
13.7248568	0.20181621
13.7370784	0.182434264
13.7493	0.186093792
13.7615216	0.196394687
13.7737432	0.193548387
13.7859648	0.194903768
13.7981864	0.191379778
13.810408	0.187855787
13.8226296	0.192193006
13.8348512	0.190973163
13.8470728	0.186500407
13.8592944	0.182434264
13.871516	0.190702087
13.8837376	0.185280564
13.8959592	0.182840878
13.9081808	0.185280564
13.9204024	0.19124424
13.932624	0.182976416
13.9448456	0.187042559
13.9570672	0.171862293
13.9692888	0.175250745
13.9815104	0.178097045
13.993732	0.174301979
14.0059536	0.180943345
14.0181752	0.178639198
14.0303968	0.168473841
14.0426184	0.174979669
14.05484	0.171726755
14.0670616	0.174573055
14.0792832	0.166847384
14.0915048	0.167796151
14.1037264	0.172946598
14.115948	0.173217674
14.1281696	0.167660613
14.1403912	0.167525075
14.1526128	0.169015993
14.1648344	0.169693684
14.177056	0.16928707
14.1892776	0.173624288
14.2014992	0.157088642
14.2137208	0.164678775
14.2259424	0.162781242
14.238164	0.165085389
14.2503856	0.167796151
14.2626072	0.165898618
14.2748288	0.167796151
14.2870504	0.157088642
14.299272	0.154106804
14.3114936	0.162103551
14.3237152	0.156139875
14.3359368	0.158172947
14.3481584	0.159934942
14.36038	0.154106804
14.3726016	0.15654649
14.3848232	0.143399295
14.3970448	0.151802657
14.4092664	0.146516671
14.421488	0.146923285
14.4337096	0.148414204
14.4459312	0.149227433
14.4581528	0.144619138
14.4703744	0.15437788
14.482596	0.142450529
14.4948176	0.137706696
14.5070392	0.148685281
14.5192608	0.145025752
14.5314824	0.148820819
14.543704	0.148956357
14.5559256	0.138791
14.5681472	0.139062076
14.5803688	0.145703443
14.5925904	0.140281919
14.604812	0.139333153
14.6170336	0.137300081
14.6292552	0.140824072
14.6414768	0.142450529
14.6536984	0.132827324
14.66592	0.135402548
14.6781416	0.136080239
14.6903632	0.135538086
14.7025848	0.138655462
14.7148064	0.139468691
14.727028	0.147058824
14.7392496	0.132556248
14.7514712	0.133776091
14.7636928	0.129981025
14.7759144	0.130116563
14.788136	0.136893467
14.8003576	0.131065329
14.8125792	0.131336406
14.8248008	0.129032258
14.8370224	0.129032258
14.849244	0.129032258
14.8614656	0.124152887
14.8736872	0.127812415
14.8859088	0.132285172
14.8981304	0.124152887
14.910352	0.119409054
14.9225736	0.121713201
14.9347952	0.119951206
14.9470168	0.116020602
14.9592384	0.121171049
14.97146	0.124830577
14.9836816	0.124830577
14.9959032	0.124695039
15.0081248	0.122933044
15.0203464	0.12605042
15.032568	0.118324749
15.0447896	0.128761182
15.0570112	0.120222282
15.0692328	0.11330984
15.0814544	0.115613988
15.093676	0.119137978
15.1058976	0.11330984
15.1181192	0.113851992
15.1303408	0.111547845
15.1425624	0.116562754
15.154784	0.119137978
15.1670056	0.117647059
15.1792272	0.124152887
15.1914488	0.118866902
15.2036704	0.112089997
15.215892	0.10978585
15.2281136	0.108294931
15.2403352	0.109108159
15.2525568	0.114665221
15.2647784	0.108023855
15.277	0.105855245
15.2892216	0.11263215
15.3014432	0.105042017
15.3136648	0.113580916
15.3258864	0.105990783
15.338108	0.102737869
15.3503296	0.10626186
15.3625512	0.106126321
15.3747728	0.108023855
15.3869944	0.101518027
15.399216	0.103008946
15.4114376	0.10693955
15.4236592	0.102873407
15.4358808	0.108430469
15.4481024	0.098400651
15.460324	0.103957712
15.4725456	0.106126321
15.4847672	0.098671727
15.4969888	0.101382488
15.5092104	0.102060179
15.521432	0.099484955
15.5336536	0.105448631
15.5458752	0.106532936
15.5580968	0.101111412
15.5703184	0.099756031
15.58254	0.105313093
15.5947616	0.103551098
15.6069832	0.102331255
15.6192048	0.097316346
15.6314264	0.097994036
15.643648	0.098400651
15.6558696	0.100975874
15.6680912	0.097316346
15.6803128	0.090946056
15.6925344	0.100433722
15.704756	0.093792356
15.7169776	0.092301437
15.7291992	0.094470046
15.7414208	0.094741122
15.7536424	0.089590675
15.765864	0.088641908
15.7780856	0.08850637
15.7903072	0.085388994
15.8025288	0.084711304
15.8147504	0.08850637
15.826972	0.091894822
15.8391936	0.088370832
15.8514152	0.090810518
15.8636368	0.084440228
15.8758584	0.089726213
15.88808	0.086473299
15.9003016	0.092843589
15.9125232	0.083762537
15.9247448	0.09487666
15.9369664	0.088370832
15.949188	0.089455137
15.9614096	0.08145839
15.9736312	0.090946056
15.9858528	0.092030361
15.9980744	0.085388994
16.010296	0.081322852
16.0225176	0.083084847
16.0347392	0.083355923
16.0469608	0.090268365
16.0591824	0.081593928
16.071404	0.082271618
16.0836256	0.080916237
16.0958472	0.084440228
16.1080688	0.0779344
16.1202904	0.084711304
16.132512	0.078476552
16.1447336	0.082271618
16.1569552	0.085931147
16.1691768	0.081187314
16.1813984	0.08430469
16.19362	0.079560857
16.2058416	0.076985633
16.2180632	0.079154242
16.2302848	0.075901328
16.2425064	0.078205476
16.254728	0.085388994
16.2669496	0.077256709
16.2791712	0.071835186
16.2913928	0.076985633
16.3036144	0.073461643
16.315836	0.080509623
16.3280576	0.076307943
16.3402792	0.073597181
16.3525008	0.078069938
16.3647224	0.079425319
16.376944	0.075223638
16.3891656	0.072648414
16.4013872	0.074545947
16.4136088	0.070344267
16.4258304	0.073461643
16.438052	0.071021957
16.4502736	0.075630252
16.4624952	0.071021957
16.4747168	0.069259962
16.4869384	0.073868257
16.49916	0.064787205
16.5113816	0.070479805
16.5236032	0.071021957
16.5358248	0.070750881
16.5480464	0.066820276
16.560268	0.066955815
16.5724896	0.069259962
16.5847112	0.067497967
16.5969328	0.066684738
16.6091544	0.071428571
16.621376	0.067497967
16.6335976	0.063838439
16.6458192	0.0693955
16.6580408	0.065600434
16.6702624	0.065058281
16.682484	0.067497967
16.6947056	0.065058281
16.7069272	0.059230144
16.7191488	0.060721063
16.7313704	0.065735972
16.743592	0.067497967
16.7558136	0.062076443
16.7680352	0.062618596
16.7802568	0.062211982
16.7924784	0.065193819
16.8047	0.060721063
16.8169216	0.070208729
16.8291432	0.060721063
16.8413648	0.060314448
16.8535864	0.060585525
16.865808	0.064109515
16.8780296	0.065058281
16.8902512	0.065058281
16.9024728	0.058145839
16.9146944	0.05950122
16.926916	0.064516129
16.9391376	0.063296286
16.9513592	0.057603687
16.9635808	0.063296286
16.9758024	0.061127677
16.988024	0.059094606
17.0002456	0.056248306
17.0124672	0.055841692
17.0246888	0.057061534
17.0369104	0.061263215
17.049132	0.060043372
17.0613536	0.062483058
17.0735752	0.062076443
17.0857968	0.058959067
17.0980184	0.058281377
17.11024	0.061127677
17.1224616	0.059094606
17.1346832	0.061263215
17.1469048	0.056383844
17.1591264	0.059636758
17.171348	0.053944158
17.1835696	0.05597723
17.1957912	0.059636758
17.2080128	0.050555706
17.2202344	0.051233397
17.232456	0.05096232
17.2446776	0.054892925
17.2568992	0.055299539
17.2691208	0.055299539
17.2813424	0.059907834
17.293564	0.055028463
17.3057856	0.058145839
17.3180072	0.054621849
17.3302288	0.056248306
17.3424504	0.054079696
17.354672	0.053944158
17.3668936	0.051775549
17.3791152	0.05096232
17.3913368	0.051911087
17.4035584	0.05096232
17.41578	0.051640011
17.4280016	0.054486311
17.4402232	0.048793711
17.4524448	0.052995392
17.4646664	0.055841692
17.476888	0.048251559
17.4891096	0.050420168
17.5013312	0.049742478
17.5135528	0.052182163
17.5257744	0.055028463
17.537996	0.047844944
17.5502176	0.049335863
17.5624392	0.049742478
17.5746608	0.052995392
17.5868824	0.048929249
17.599104	0.049878016
17.6113256	0.051368935
17.6235472	0.04960694
17.6357688	0.045947411
17.6479904	0.047844944
17.660212	0.050013554
17.6724336	0.048929249
17.6846552	0.043101111
17.6968768	0.050420168
17.7090984	0.047167254
17.72132	0.048793711
17.7335416	0.050420168
17.7457632	0.046354025
17.7579848	0.048522635
17.7702064	0.05096232
17.782428	0.042287883
17.7946496	0.045540797
17.8068712	0.042694497
17.8190928	0.050555706
17.8313144	0.043236649
17.843536	0.045811873
17.8557576	0.04459203
17.8679792	0.043101111
17.8802008	0.048929249
17.8924224	0.043643264
17.904644	0.045540797
17.9168656	0.044185416
17.9290872	0.042830035
17.9413088	0.041881269
17.9535304	0.045405259
17.965752	0.046218487
17.9779736	0.04391434
17.9901952	0.042694497
18.0024168	0.040932502
18.0146384	0.049200325
18.02686	0.043643264
18.0390816	0.044049878
18.0513032	0.042016807
18.0635248	0.046218487
18.0757464	0.044456492
18.087968	0.044320954
18.1001896	0.03754405
18.1124112	0.038086202
18.1246328	0.042152345
18.1368544	0.037815126
18.149076	0.039848197
18.1612976	0.038357278
18.1735192	0.041881269
18.1857408	0.041339116
18.1979624	0.039577121
18.210184	0.041881269
18.2224056	0.036595283
18.2346272	0.036324207
18.2468488	0.039848197
18.2590704	0.03822174
18.271292	0.039034969
18.2835136	0.039577121
18.2957352	0.038086202
18.3079568	0.037950664
18.3201784	0.039306045
18.3324	0.039170507
18.3446216	0.035646517
18.3568432	0.038357278
18.3690648	0.036459745
18.3812864	0.035104364
18.393508	0.038763893
18.4057296	0.039306045
18.4179512	0.036324207
18.4301728	0.035239902
18.4423944	0.03754405
18.454616	0.038763893
18.4668376	0.034562212
18.4790592	0.035239902
18.4912808	0.035510979
18.5035024	0.03537544
18.515724	0.035104364
18.5279456	0.037137436
18.5401672	0.032393603
18.5523888	0.034426674
18.5646104	0.037137436
18.576832	0.033748983
18.5890536	0.03537544
18.6012752	0.033748983
18.6134968	0.035917593
18.6257184	0.03402006
18.63794	0.039034969
18.6501616	0.033342369
18.6623832	0.034155598
18.6746048	0.033884522
18.6868264	0.038086202
18.699048	0.030631607
18.7112696	0.033342369
18.7234912	0.03537544
18.7357128	0.031715912
18.7479344	0.033342369
18.760156	0.032800217
18.7723776	0.029140689
18.7845992	0.032664679
18.7968208	0.034833288
18.8090424	0.03402006
18.821264	0.034155598
18.8334856	0.033071293
18.8457072	0.034562212
18.8579288	0.033477907
18.8701504	0.03402006
18.882372	0.031309298
18.8945936	0.032664679
18.9068152	0.030224993
18.9190368	0.03117376
18.9312584	0.030767146
18.94348	0.03117376
18.9557016	0.031038222
18.9679232	0.029953917
18.9801448	0.02900515
18.9923664	0.030360531
19.004588	0.031986988
19.0168096	0.02832746
19.0290312	0.030224993
19.0412528	0.032935755
19.0534744	0.030496069
19.065696	0.030224993
19.0779176	0.029682841
19.0901392	0.03117376
19.1023608	0.03185145
19.1145824	0.02480347
19.126804	0.033748983
19.1390256	0.025345622
19.1512472	0.026836541
19.1634688	0.030089455
19.1756904	0.030360531
19.187912	0.028734074
19.2001336	0.027785308
19.2123552	0.027243155
19.2245768	0.026972079
19.2367984	0.026972079
19.24902	0.032122526
19.2612416	0.029547303
19.2734632	0.02480347
19.2856848	0.032800217
19.2979064	0.029276227
19.310128	0.031038222
19.3223496	0.02764977
19.3345712	0.024396856
19.3467928	0.030631607
19.3590144	0.027785308
19.371236	0.026294389
19.3834576	0.025887774
19.3956792	0.025345622
19.4079008	0.023854703
19.4201224	0.027785308
19.432344	0.021821632
19.4445656	0.023041475
19.4567872	0.026294389
19.4690088	0.024396856
19.4812304	0.025887774
19.493452	0.02480347
19.5056736	0.026429927
19.5178952	0.026429927
19.5301168	0.023719165
19.5423384	0.023583627
19.55456	0.024939008
19.5667816	0.026429927
19.5790032	0.027785308
19.5912248	0.026023313
19.6034464	0.023448089
19.615668	0.025345622
19.6278896	0.024125779
19.6401112	0.025752236
19.6523328	0.021550556
19.6645544	0.026701003
19.676776	0.02127948
19.6889976	0.023854703
19.7012192	0.024532394
19.7134408	0.023448089
19.7256624	0.024396856
19.737884	0.023583627
19.7501056	0.028598536
19.7623272	0.022092708
19.7745488	0.02195717
19.7867704	0.024667932
19.798992	0.02548116
19.8112136	0.025210084
19.8234352	0.020601789
19.8356568	0.02263486
19.8478784	0.023583627
19.8601	0.024125779
19.8723216	0.023448089
19.8845432	0.020601789
19.8967648	0.021821632
19.9089864	0.023990241
19.921208	0.024939008
19.9334296	0.022770398
19.9456512	0.024939008
19.9578728	0.023719165
19.9700944	0.020872865
19.982316	0.023041475
19.9945376	0.020195175
20.0067592	0.024396856
20.0189808	0.022228246
20.0312024	0.021008403
20.043424	0.023448089
20.0556456	0.022363784
20.0678672	0.023177013
20.0800888	0.023583627
20.0923104	0.021550556
20.104532	0.020195175
20.1167536	0.022228246
20.1289752	0.023312551
20.1411968	0.020872865
20.1534184	0.022905937
20.16564	0.017077799
20.1778616	0.020466251
20.1900832	0.023990241
20.2023048	0.022770398
20.2145264	0.019517484
20.226748	0.019517484
20.2389696	0.021143941
20.2511912	0.022092708
20.2634128	0.019788561
20.2756344	0.019381946
20.287856	0.020601789
20.3000776	0.021415018
20.3122992	0.020059637
20.3245208	0.021008403
20.3367424	0.018839794
20.348964	0.019246408
20.3611856	0.023041475
20.3734072	0.019788561
20.3856288	0.02127948
20.3978504	0.017619951
20.410072	0.016535647
20.4222936	0.018975332
20.4345152	0.020330713
20.4467368	0.021821632
20.4589584	0.019246408
20.47118	0.01911087
20.4834016	0.018975332
20.4956232	0.017077799
20.5078448	0.021686094
20.5200664	0.017213337
20.532288	0.020737327
20.5445096	0.018568718
20.5567312	0.017484413
20.5689528	0.020466251
20.5811744	0.015857956
20.593396	0.017755489
20.6056176	0.017348875
20.6178392	0.020195175
20.6300608	0.018026565
20.6422824	0.018704256
20.654504	0.020330713
20.6667256	0.01843318
20.6789472	0.019246408
20.6911688	0.017755489
20.7033904	0.016535647
20.715612	0.016806723
20.7278336	0.01626457
20.7400552	0.016671185
20.7522768	0.01558688
20.7644984	0.015180266
20.77672	0.017077799
20.7889416	0.019924099
20.8011632	0.017891027
20.8133848	0.018026565
20.8256064	0.015722418
20.837828	0.018026565
20.8500496	0.017213337
20.8622712	0.018975332
20.8744928	0.01626457
20.8867144	0.017348875
20.898936	0.017891027
20.9111576	0.014909189
20.9233792	0.015993494
20.9356008	0.015044728
20.9478224	0.015451342
20.960044	0.01626457
20.9722656	0.017348875
20.9844872	0.017484413
20.9967088	0.017077799
21.0089304	0.015857956
21.021152	0.014773651
21.0333736	0.015993494
21.0455952	0.01843318
21.0578168	0.013147194
21.0700384	0.018026565
21.08226	0.017348875
21.0944816	0.015857956
21.1067032	0.019924099
21.1189248	0.014367037
21.1311464	0.015451342
21.143368	0.016806723
21.1555896	0.018839794
21.1678112	0.013418271
21.1800328	0.014638113
21.1922544	0.01274058
21.204476	0.016942261
21.2166976	0.01626457
21.2289192	0.014367037
21.2411408	0.014773651
21.2533624	0.017213337
21.265584	0.014095961
21.2778056	0.015044728
21.2900272	0.014095961
21.3022488	0.014909189
21.3144704	0.013011656
21.326692	0.013689347
21.3389136	0.012469504
21.3511352	0.012876118
21.3633568	0.013011656
21.3755784	0.014095961
21.3878	0.018026565
21.4000216	0.013824885
21.4122432	0.015722418
21.4244648	0.014231499
21.4366864	0.01274058
21.448908	0.013824885
21.4611296	0.016535647
21.4733512	0.012198428
21.4855728	0.015180266
21.4977944	0.013147194
21.510016	0.015044728
21.5222376	0.014367037
21.5344592	0.013418271
21.5466808	0.013824885
21.5589024	0.012198428
21.571124	0.013418271
21.5833456	0.013147194
21.5955672	0.011927352
21.6077888	0.013689347
21.6200104	0.011385199
21.632232	0.011520737
21.6444536	0.015315804
21.6566752	0.013418271
21.6688968	0.013418271
21.6811184	0.013418271
21.69334	0.01206289
21.7055616	0.012198428
21.7177832	0.015315804
21.7300048	0.012333966
21.7422264	0.011791813
21.754448	0.014095961
21.7666696	0.015180266
21.7788912	0.012605042
21.7911128	0.01206289
21.8033344	0.011656275
21.815556	0.012469504
21.8277776	0.011385199
21.8399992	0.014502575
21.8522208	0.013282732
21.8644424	0.013282732
21.876664	0.011249661
21.8888856	0.012469504
21.9011072	0.009623204
21.9133288	0.013147194
21.9255504	0.012198428
21.937772	0.012198428
21.9499936	0.012333966
21.9622152	0.013011656
21.9744368	0.013553809
21.9866584	0.013147194
21.99888	0.013282732
22.0111016	0.011520737
22.0233232	0.011114123
22.0355448	0.01274058
22.0477664	0.008809976
22.059988	0.01274058
22.0722096	0.01274058
22.0844312	0.011249661
22.0966528	0.008809976
22.1088744	0.010978585
22.121096	0.012876118
22.1333176	0.010571971
22.1455392	0.011927352
22.1577608	0.010436433
22.1699824	0.01206289
22.182204	0.010707509
22.1944256	0.010843047
22.2066472	0.010843047
22.2188688	0.01206289
22.2310904	0.012333966
22.243312	0.013282732
22.2555336	0.010300895
22.2677552	0.010300895
22.2799768	0.011249661
22.2921984	0.009352128
22.30442	0.012876118
22.3166416	0.011656275
22.3288632	0.013147194
22.3410848	0.010165356
22.3533064	0.01206289
22.365528	0.011927352
22.3777496	0.009623204
22.3899712	0.012198428
22.4021928	0.011791813
22.4144144	0.010571971
22.426636	0.011656275
22.4388576	0.01206289
22.4510792	0.009623204
22.4633008	0.011385199
22.4755224	0.011249661
22.487744	0.011656275
22.4999656	0.011114123
22.5121872	0.007454595
22.5244088	0.007996747
22.5366304	0.009623204
22.548852	0.008538899
22.5610736	0.010707509
22.5732952	0.011520737
22.5855168	0.010436433
22.5977384	0.009758742
22.60996	0.010978585
22.6221816	0.010029818
22.6344032	0.010029818
22.6466248	0.010029818
22.6588464	0.010436433
22.671068	0.010165356
22.6832896	0.009352128
22.6955112	0.010707509
22.7077328	0.008132285
22.7199544	0.007454595
22.732176	0.010165356
22.7443976	0.010436433
22.7566192	0.008403361
22.7688408	0.00921659
22.7810624	0.009623204
22.793284	0.011656275
22.8055056	0.008945514
22.8177272	0.007725671
22.8299488	0.009487666
22.8421704	0.011385199
22.854392	0.010300895
22.8666136	0.010978585
22.8788352	0.00989428
22.8910568	0.008809976
22.9032784	0.008267823
22.9155	0.009081052
22.9277216	0.00704798
22.9399432	0.008403361
22.9521648	0.008403361
22.9643864	0.010436433
22.976608	0.006099214
22.9888296	0.010029818
23.0010512	0.010029818
23.0132728	0.008674438
23.0254944	0.009623204
23.037716	0.007996747
23.0499376	0.008132285
23.0621592	0.008403361
23.0743808	0.007454595
23.0866024	0.009758742
23.098824	0.009352128
23.1110456	0.006912442
23.1232672	0.009623204
23.1354888	0.008674438
23.1477104	0.007725671
23.159932	0.009623204
23.1721536	0.00989428
23.1843752	0.009081052
23.1965968	0.011249661
23.2088184	0.007319057
23.22104	0.008132285
23.2332616	0.008809976
23.2454832	0.007319057
23.2577048	0.008538899
23.2699264	0.009352128
23.282148	0.00921659
23.2943696	0.008674438
23.3065912	0.008538899
23.3188128	0.008403361
23.3310344	0.007861209
23.343256	0.007996747
23.3554776	0.006099214
23.3676992	0.007861209
23.3799208	0.00704798
23.3921424	0.007590133
23.404364	0.008674438
23.4165856	0.006912442
23.4288072	0.009623204
23.4410288	0.008674438
23.4532504	0.007590133
23.465472	0.008403361
23.4776936	0.010707509
23.4899152	0.009623204
23.5021368	0.008132285
23.5143584	0.007590133
23.52658	0.007454595
23.5388016	0.009352128
23.5510232	0.006234752
23.5632448	0.007861209
23.5754664	0.007319057
23.587688	0.008809976
23.5999096	0.010300895
23.6121312	0.006505828
23.6243528	0.0056926
23.6365744	0.008809976
23.648796	0.008132285
23.6610176	0.00921659
23.6732392	0.006641366
23.6854608	0.007725671
23.6976824	0.009487666
23.709904	0.007725671
23.7221256	0.007725671
23.7343472	0.006912442
23.7465688	0.007861209
23.7587904	0.007183519
23.771012	0.008403361
23.7832336	0.007996747
23.7954552	0.006099214
23.8076768	0.006505828
23.8198984	0.006505828
23.83212	0.007861209
23.8443416	0.007454595
23.8565632	0.00637029
23.8687848	0.007590133
23.8810064	0.007725671
23.893228	0.007319057
23.9054496	0.005421523
23.9176712	0.008403361
23.9298928	0.007861209
23.9421144	0.005014909
23.954336	0.007590133
23.9665576	0.008132285
23.9787792	0.006505828
23.9910008	0.006099214
24.0032224	0.006234752
24.015444	0.006641366
24.0276656	0.007454595
24.0398872	0.005828138
24.0521088	0.006641366
24.0643304	0.006912442
24.076552	0.005014909
24.0887736	0.007590133
24.1009952	0.006505828
24.1132168	0.007454595
24.1254384	0.006641366
24.13766	0.005963676
24.1498816	0.005421523
24.1621032	0.0056926
24.1743248	0.006641366
24.1865464	0.006234752
24.198768	0.00704798
24.2109896	0.004879371
24.2232112	0.007861209
24.2354328	0.007725671
24.2476544	0.005421523
24.259876	0.007454595
24.2720976	0.006641366
24.2843192	0.006234752
24.2965408	0.005150447
24.3087624	0.006505828
24.320984	0.007183519
24.3332056	0.006099214
24.3454272	0.007861209
24.3576488	0.006641366
24.3698704	0.0056926
24.382092	0.0056926
24.3943136	0.006505828
24.4065352	0.0056926
24.4187568	0.00637029
24.4309784	0.005963676
24.4432	0.006099214
24.4554216	0.006505828
24.4676432	0.006641366
24.4798648	0.006641366
24.4920864	0.005828138
24.504308	0.007183519
24.5165296	0.006505828
24.5287512	0.005963676
24.5409728	0.005963676
24.5531944	0.004066143
24.565416	0.007183519
24.5776376	0.005557062
24.5898592	0.005963676
24.6020808	0.006505828
24.6143024	0.006234752
24.626524	0.005285985
24.6387456	0.005828138
24.6509672	0.004472757
24.6631888	0.006776904
24.6754104	0.005557062
24.687632	0.005963676
24.6998536	0.004743833
24.7120752	0.0056926
24.7242968	0.005828138
24.7365184	0.006099214
24.74874	0.005285985
24.7609616	0.005285985
24.7731832	0.004201681
24.7854048	0.0056926
24.7976264	0.006234752
24.809848	0.005150447
24.8220696	0.006912442
24.8342912	0.0056926
24.8465128	0.005557062
24.8587344	0.005285985
24.870956	0.003930604
24.8831776	0.005557062
24.8953992	0.006505828
24.9076208	0.006912442
24.9198424	0.0056926
24.932064	0.004879371
24.9442856	0.006234752
24.9565072	0.005285985
24.9687288	0.005150447
24.9809504	0.006099214
24.993172	0.0056926
25.0053936	0.005150447
25.0176152	0.004066143
25.0298368	0.005828138
25.0420584	0.006234752
25.05428	0.005150447
25.0665016	0.005421523
25.0787232	0.00352399
25.0909448	0.003930604
25.1031664	0.004743833
25.115388	0.004066143
25.1276096	0.004743833
25.1398312	0.005963676
25.1520528	0.0056926
25.1642744	0.0056926
25.176496	0.005014909
25.1887176	0.004608295
25.2009392	0.005285985
25.2131608	0.004472757
25.2253824	0.004337219
25.237604	0.0056926
25.2498256	0.004743833
25.2620472	0.005150447
25.2742688	0.004879371
25.2864904	0.004743833
25.298712	0.005014909
25.3109336	0.004472757
25.3231552	0.006776904
25.3353768	0.005150447
25.3475984	0.004879371
25.35982	0.004743833
25.3720416	0.006234752
25.3842632	0.004201681
25.3964848	0.004879371
25.4087064	0.004066143
25.420928	0.004608295
25.4331496	0.003795066
25.4453712	0.005150447
25.4575928	0.005014909
25.4698144	0.004743833
25.482036	0.003388452
25.4942576	0.004337219
25.5064792	0.004337219
25.5187008	0.004879371
25.5309224	0.005557062
25.543144	0.004608295
25.5553656	0.005421523
25.5675872	0.004201681
25.5798088	0.004066143
25.5920304	0.005421523
25.604252	0.005557062
25.6164736	0.0056926
25.6286952	0.003659528
25.6409168	0.004608295
25.6531384	0.004201681
25.66536	0.005150447
25.6775816	0.003795066
25.6898032	0.003795066
25.7020248	0.004337219
25.7142464	0.003659528
25.726468	0.003930604
25.7386896	0.004879371
25.7509112	0.004201681
25.7631328	0.006641366
25.7753544	0.003795066
25.787576	0.005014909
25.7997976	0.00352399
25.8120192	0.003388452
25.8242408	0.004743833
25.8364624	0.0028463
25.848684	0.004608295
25.8609056	0.004337219
25.8731272	0.005150447
25.8853488	0.003252914
25.8975704	0.004337219
25.909792	0.00637029
25.9220136	0.003795066
25.9342352	0.003388452
25.9464568	0.00352399
25.9586784	0.004066143
25.9709	0.004201681
25.9831216	0.003795066
25.9953432	0.004743833
26.0075648	0.004201681
26.0197864	0.00352399
26.032008	0.003252914
26.0442296	0.003659528
26.0564512	0.004472757
26.0686728	0.00352399
26.0808944	0.003252914
26.093116	0.003388452
26.1053376	0.003388452
26.1175592	0.003117376
26.1297808	0.006099214
26.1420024	0.003795066
26.154224	0.003930604
26.1664456	0.003930604
26.1786672	0.003252914
26.1908888	0.003252914
26.2031104	0.004743833
26.215332	0.003659528
26.2275536	0.003659528
26.2397752	0.002575224
26.2519968	0.004472757
26.2642184	0.003659528
26.27644	0.003388452
26.2886616	0.003117376
26.3008832	0.004066143
26.3131048	0.004201681
26.3253264	0.002710762
26.337548	0.0028463
26.3497696	0.005014909
26.3619912	0.004337219
26.3742128	0.00352399
26.3864344	0.004608295
26.398656	0.004201681
26.4108776	0.003659528
26.4230992	0.003930604
26.4353208	0.003252914
26.4475424	0.004066143
26.459764	0.004337219
26.4719856	0.003930604
26.4842072	0.004201681
26.4964288	0.003388452
26.5086504	0.004201681
26.520872	0.00352399
26.5330936	0.002575224
26.5453152	0.004472757
26.5575368	0.002981838
26.5697584	0.003117376
26.58198	0.002439686
26.5942016	0.002439686
26.6064232	0.004201681
26.6186448	0.003388452
26.6308664	0.002981838
26.643088	0.004201681
26.6553096	0.004879371
26.6675312	0.003659528
26.6797528	0.0028463
26.6919744	0.003795066
26.704196	0.003659528
26.7164176	0.004201681
26.7286392	0.0028463
26.7408608	0.003388452
26.7530824	0.002439686
26.765304	0.003252914
26.7775256	0.003252914
26.7897472	0.002168609
26.8019688	0.003659528
26.8141904	0.0028463
26.826412	0.004337219
26.8386336	0.004472757
26.8508552	0.003659528
26.8630768	0.002575224
26.8752984	0.002710762
26.88752	0.002439686
26.8997416	0.002710762
26.9119632	0.003117376
26.9241848	0.003388452
26.9364064	0.002575224
26.948628	0.002710762
26.9608496	0.003117376
26.9730712	0.002710762
26.9852928	0.003930604
26.9975144	0.003795066
27.009736	0.003930604
27.0219576	0.003117376
27.0341792	0.003252914
27.0464008	0.0028463
27.0586224	0.003795066
27.070844	0.00352399
27.0830656	0.003252914
27.0952872	0.003930604
27.1075088	0.0028463
27.1197304	0.003388452
27.131952	0.003388452
27.1441736	0.002710762
27.1563952	0.002710762
27.1686168	0.003252914
27.1808384	0.002575224
27.19306	0.002710762
27.2052816	0.003117376
27.2175032	0.00352399
27.2297248	0.002168609
27.2419464	0.002710762
27.254168	0.002710762
27.2663896	0.002710762
27.2786112	0.00352399
27.2908328	0.002710762
27.3030544	0.003659528
27.315276	0.001897533
27.3274976	0.002981838
27.3397192	0.0028463
27.3519408	0.003388452
27.3641624	0.002710762
27.376384	0.004066143
27.3886056	0.002168609
27.4008272	0.0028463
27.4130488	0.003795066
27.4252704	0.004201681
27.437492	0.00352399
27.4497136	0.002304147
27.4619352	0.002439686
27.4741568	0.003117376
27.4863784	0.002439686
27.4986	0.003252914
27.5108216	0.002304147
27.5230432	0.0028463
27.5352648	0.002981838
27.5474864	0.002033071
27.559708	0.002168609
27.5719296	0.0028463
27.5841512	0.003252914
27.5963728	0.002304147
27.6085944	0.002981838
27.620816	0.002168609
27.6330376	0.002710762
27.6452592	0.003117376
27.6574808	0.003117376
27.6697024	0.002168609
27.681924	0.001490919
27.6941456	0.002710762
27.7063672	0.002575224
27.7185888	0.002981838
27.7308104	0.001761995
27.743032	0.003117376
27.7552536	0.002710762
27.7674752	0.002439686
27.7796968	0.002575224
27.7919184	0.002304147
27.80414	0.001897533
27.8163616	0.003252914
27.8285832	0.003117376
27.8408048	0.002304147
27.8530264	0.002304147
27.865248	0.002304147
27.8774696	0.003252914
27.8896912	0.002439686
27.9019128	0.002710762
27.9141344	0.002168609
27.926356	0.002168609
27.9385776	0.002304147
27.9507992	0.002710762
27.9630208	0.002575224
27.9752424	0.002439686
27.987464	0.002575224
27.9996856	0.002439686
28.0119072	0.003795066
28.0241288	0.00352399
28.0363504	0.003117376
28.048572	0.002710762
28.0607936	0.002304147
28.0730152	0.0028463
28.0852368	0.001626457
28.0974584	0.003117376
28.10968	0.002033071
28.1219016	0.002575224
28.1341232	0.002981838
28.1463448	0.002710762
28.1585664	0.002575224
28.170788	0.003252914
28.1830096	0.003117376
28.1952312	0.002439686
28.2074528	0.001897533
28.2196744	0.002168609
28.231896	0.002168609
28.2441176	0.0028463
28.2563392	0.002710762
28.2685608	0.001490919
28.2807824	0.002710762
28.293004	0.002439686
28.3052256	0.002710762
28.3174472	0.002575224
28.3296688	0.002304147
28.3418904	0.002575224
28.354112	0.0028463
28.3663336	0.002575224
28.3785552	0.002033071
28.3907768	0.001626457
28.4029984	0.002033071
28.41522	0.004066143
28.4274416	0.002439686
28.4396632	0.002710762
28.4518848	0.001761995
28.4641064	0.001761995
28.476328	0.002710762
28.4885496	0.003252914
28.5007712	0.003388452
28.5129928	0.001897533
28.5252144	0.002575224
28.537436	0.0028463
28.5496576	0.002304147
28.5618792	0.002710762
28.5741008	0.002981838
28.5863224	0.001761995
28.598544	0.002304147
28.6107656	0.002710762
28.6229872	0.002439686
28.6352088	0.002439686
28.6474304	0.003252914
28.659652	0.002439686
28.6718736	0.001490919
28.6840952	0.001897533
28.6963168	0.002981838
28.7085384	0.002575224
28.72076	0.002710762
28.7329816	0.002710762
28.7452032	0.002033071
28.7574248	0.002575224
28.7696464	0.002981838
28.781868	0.000948767
28.7940896	0.002981838
28.8063112	0.002168609
28.8185328	0.001761995
28.8307544	0.001761995
28.842976	0.002710762
28.8551976	0.001897533
28.8674192	0.002304147
28.8796408	0.002304147
28.8918624	0.001761995
28.904084	0.001897533
28.9163056	0.002575224
28.9285272	0.002168609
28.9407488	0.001897533
28.9529704	0.002033071
28.965192	0.002168609
28.9774136	0.001219843
28.9896352	0.003252914
29.0018568	0.002304147
29.0140784	0.003252914
29.0263	0.0028463
29.0385216	0.002168609
29.0507432	0.002304147
29.0629648	0.001897533
29.0751864	0.002033071
29.087408	0.002575224
29.0996296	0.002168609
29.1118512	0.001490919
29.1240728	0.001490919
29.1362944	0.002710762
29.148516	0.001490919
29.1607376	0.001761995
29.1729592	0.002981838
29.1851808	0.001626457
29.1974024	0.001761995
29.209624	0.001626457
29.2218456	0.001897533
29.2340672	0.002168609
29.2462888	0.002575224
29.2585104	0.002710762
29.270732	0.002304147
29.2829536	0.002710762
29.2951752	0.002168609
29.3073968	0.001897533
29.3196184	0.001355381
29.33184	0.0028463
29.3440616	0.002033071
29.3562832	0.001490919
29.3685048	0.002304147
29.3807264	0.002575224
29.392948	0.002439686
29.4051696	0.002168609
29.4173912	0.001219843
29.4296128	0.002575224
29.4418344	0.001355381
29.454056	0.002439686
29.4662776	0.003252914
29.4784992	0.002304147
29.4907208	0.001084305
29.5029424	0.001355381
29.515164	0.002033071
29.5273856	0.002033071
29.5396072	0.001897533
29.5518288	0.001761995
29.5640504	0.001626457
29.576272	0.001897533
29.5884936	0.002439686
29.6007152	0.000948767
29.6129368	0.001897533
29.6251584	0.001897533
29.63738	0.002575224
29.6496016	0.002575224
29.6618232	0.002575224
29.6740448	0.001761995
29.6862664	0.002439686
29.698488	0.001761995
29.7107096	0.001355381
29.7229312	0.002304147
29.7351528	0.001897533
29.7473744	0.001761995
29.759596	0.002304147
29.7718176	0.001219843
29.7840392	0.002304147
29.7962608	0.002304147
29.8084824	0.001490919
29.820704	0.001219843
29.8329256	0.001761995
29.8451472	0.001897533
29.8573688	0.001490919
29.8695904	0.002168609
29.881812	0.001626457
29.8940336	0.001084305
29.9062552	0.002439686
29.9184768	0.001761995
29.9306984	0.001355381
29.94292	0.001355381
29.9551416	0.001897533
29.9673632	0.001355381
29.9795848	0.002439686
29.9918064	0.002710762
30.004028	0.001490919
30.0162496	0.001626457
30.0284712	0.001355381
30.0406928	0.002575224
30.0529144	0.001897533
30.065136	0.002033071
30.0773576	0.001897533
30.0895792	0.001626457
30.1018008	0.002439686
30.1140224	0.002439686
30.126244	0.001084305
30.1384656	0.002981838
30.1506872	0.001626457
30.1629088	0.001626457
30.1751304	0.002033071
30.187352	0.002033071
30.1995736	0.000813229
30.2117952	0.002304147
30.2240168	0.001897533
30.2362384	0.000813229
30.24846	0.001490919
30.2606816	0.001490919
30.2729032	0.002575224
30.2851248	0.002168609
30.2973464	0.002033071
30.309568	0.002304147
30.3217896	0.001626457
30.3340112	0.000813229
30.3462328	0.001490919
30.3584544	0.001897533
30.370676	0.002168609
30.3828976	0.001897533
30.3951192	0.001897533
30.4073408	0.001219843
30.4195624	0.001761995
30.431784	0.002575224
30.4440056	0.001626457
30.4562272	0.001626457
30.4684488	0.00067769
30.4806704	0.001626457
30.492892	0.000948767
30.5051136	0.002439686
30.5173352	0.001355381
30.5295568	0.0028463
30.5417784	0.001084305
30.554	0.002168609
30.5662216	0.001490919
30.5784432	0.000542152
30.5906648	0.001761995
30.6028864	0.001219843
30.615108	0.00067769
30.6273296	0.001761995
30.6395512	0.001761995
30.6517728	0.002033071
30.6639944	0.002033071
30.676216	0.001219843
30.6884376	0.000813229
30.7006592	0.001761995
30.7128808	0.001761995
30.7251024	0.001219843
30.737324	0.001219843
30.7495456	0.001490919
30.7617672	0.001219843
30.7739888	0.001219843
30.7862104	0.000813229
30.798432	0.001490919
30.8106536	0.001897533
30.8228752	0.00067769
30.8350968	0.001897533
30.8473184	0.001490919
30.85954	0.001626457
30.8717616	0.002304147
30.8839832	0.001084305
30.8962048	0.001490919
30.9084264	0.001355381
30.920648	0.001355381
30.9328696	0.001219843
30.9450912	0.00067769
30.9573128	0.001355381
30.9695344	0.002575224
30.981756	0.001084305
30.9939776	0.001490919
31.0061992	0.001219843
31.0184208	0.00067769
31.0306424	0.002033071
31.042864	0.001897533
31.0550856	0.001355381
31.0673072	0.000813229
31.0795288	0.000948767
31.0917504	0.001219843
31.103972	0.001084305
31.1161936	0.002168609
31.1284152	0.001626457
31.1406368	0.000813229
31.1528584	0.001490919
31.16508	0.001626457
31.1773016	0.000948767
31.1895232	0.001355381
31.2017448	0.001355381
31.2139664	0.001897533
31.226188	0.002168609
31.2384096	0.001626457
31.2506312	0.002168609
31.2628528	0.000813229
31.2750744	0.002575224
31.287296	0.001490919
31.2995176	0.002304147
31.3117392	0.001761995
31.3239608	0.001761995
31.3361824	0.001490919
31.348404	0.001897533
31.3606256	0.001761995
31.3728472	0.001761995
31.3850688	0.001219843
31.3972904	0.001355381
31.409512	0.0028463
31.4217336	0.001761995
31.4339552	0.001761995
31.4461768	0.000813229
31.4583984	0.001084305
31.47062	0.000813229
31.4828416	0.001626457
31.4950632	0.000948767
31.5072848	0.001355381
31.5195064	0.001219843
31.531728	0.001355381
31.5439496	0.000948767
31.5561712	0.000406614
31.5683928	0.001897533
31.5806144	0.001761995
31.592836	0.001355381
31.6050576	0.001897533
31.6172792	0.001490919
31.6295008	0.001084305
31.6417224	0.002168609
31.653944	0.00067769
31.6661656	0.001761995
31.6783872	0.001761995
31.6906088	0.001761995
31.7028304	0.001219843
31.715052	0.001490919
31.7272736	0.001761995
31.7394952	0.001761995
31.7517168	0.001761995
31.7639384	0.001355381
31.77616	0.001355381
31.7883816	0.00067769
31.8006032	0.001355381
31.8128248	0.001761995
31.8250464	0.000948767
31.837268	0.001897533
31.8494896	0.001219843
31.8617112	0.000948767
31.8739328	0.001355381
31.8861544	0.001761995
31.898376	0.000948767
31.9105976	0.001761995
31.9228192	0.001355381
31.9350408	0.002168609
31.9472624	0.002168609
31.959484	0.001626457
31.9717056	0.001355381
31.9839272	0.001084305
31.9961488	0.002304147
32.0083704	0.001084305
32.020592	0.001490919
32.0328136	0.001084305
32.0450352	0.001626457
32.0572568	0.001626457
32.0694784	0.001490919
32.0817	0.001761995
32.0939216	0.001219843
32.1061432	0.000948767
32.1183648	0.000406614
32.1305864	0.001897533
32.142808	0.000948767
32.1550296	0.001626457
32.1672512	0.001084305
32.1794728	0.001355381
32.1916944	0.001219843
32.203916	0.001490919
32.2161376	0.001626457
32.2283592	0.001761995
32.2405808	0.00067769
32.2528024	0.001490919
32.265024	0.001355381
32.2772456	0.001219843
32.2894672	0.00067769
32.3016888	0.001219843
32.3139104	0.000813229
32.326132	0.000948767
32.3383536	0.001219843
32.3505752	0.001626457
32.3627968	0.00067769
32.3750184	0.001626457
32.38724	0.001897533
32.3994616	0.000813229
32.4116832	0.001355381
32.4239048	0.000948767
32.4361264	0.001219843
32.448348	0.00067769
32.4605696	0.000813229
32.4727912	0.001219843
32.4850128	0.001084305
32.4972344	0.001219843
32.509456	0.00067769
32.5216776	0.001897533
32.5338992	0.001897533
32.5461208	0.001219843
32.5583424	0.001490919
32.570564	0.001490919
32.5827856	0.001626457
32.5950072	0.00067769
32.6072288	0.001626457
32.6194504	0.001761995
32.631672	0.001355381
32.6438936	0.000948767
32.6561152	0.000948767
32.6683368	0.001084305
32.6805584	0.001084305
32.69278	0.000948767
32.7050016	0.001355381
32.7172232	0.000813229
32.7294448	0.000813229
32.7416664	0.001219843
32.753888	0.001219843
32.7661096	0.001490919
32.7783312	0.001219843
32.7905528	0.001219843
32.8027744	0.00067769
32.814996	0.001761995
32.8272176	0.001219843
32.8394392	0.000813229
32.8516608	0.001626457
32.8638824	0.00067769
32.876104	0.002304147
32.8883256	0.001355381
32.9005472	0.000542152
32.9127688	0.001897533
32.9249904	0.000406614
32.937212	0.001761995
32.9494336	0.001490919
32.9616552	0.001355381
32.9738768	0.000948767
32.9860984	0.000813229
32.99832	0.001626457
33.0105416	0.00067769
33.0227632	0.001084305
33.0349848	0.001219843
33.0472064	0.001897533
33.059428	0.000406614
33.0716496	0.001626457
33.0838712	0.000542152
33.0960928	0.001626457
33.1083144	0.001219843
33.120536	0.001084305
33.1327576	0.001626457
33.1449792	0.000948767
33.1572008	0.001084305
33.1694224	0.001490919
33.181644	0.001084305
33.1938656	0.001355381
33.2060872	0.000948767
33.2183088	0.001490919
33.2305304	0.001626457
33.242752	0.000271076
33.2549736	0.000948767
33.2671952	0.001219843
33.2794168	0.000948767
33.2916384	0.000948767
33.30386	0.001219843
33.3160816	0.001219843
33.3283032	0.000948767
33.3405248	0.000542152
33.3527464	0.001490919
33.364968	0.000542152
33.3771896	0.001626457
33.3894112	0.001490919
33.4016328	0.001084305
33.4138544	0.000948767
33.426076	0.000271076
33.4382976	0.001355381
33.4505192	0.001355381
33.4627408	0.001490919
33.4749624	0.001626457
33.487184	0.000813229
33.4994056	0.000813229
33.5116272	0.00067769
33.5238488	0.000406614
33.5360704	0.001084305
33.548292	0.001084305
33.5605136	0.000948767
33.5727352	0.000813229
33.5849568	0.000542152
33.5971784	0.001897533
33.6094	0.001761995
33.6216216	0.000948767
33.6338432	0.000813229
33.6460648	0.001219843
33.6582864	0.001761995
33.670508	0.001084305
33.6827296	0.000813229
33.6949512	0.000813229
33.7071728	0.001355381
33.7193944	0.002168609
33.731616	0.001490919
33.7438376	0.000813229
33.7560592	0
33.7682808	0.001219843
33.7805024	0.00067769
33.792724	0.001084305
33.8049456	0.000813229
33.8171672	0.001084305
33.8293888	0.000948767
33.8416104	0.001084305
33.853832	0.000948767
33.8660536	0.000813229
33.8782752	0.001626457
33.8904968	0.00067769
33.9027184	0.000813229
33.91494	0.001084305
33.9271616	0.001897533
33.9393832	0.001626457
33.9516048	0.001084305
33.9638264	0.000948767
33.976048	0.000542152
33.9882696	0.001084305
34.0004912	0.001626457
34.0127128	0.001219843
34.0249344	0.001219843
34.037156	0.000406614
34.0493776	0.001626457
34.0615992	0.000948767
34.0738208	0.000813229
34.0860424	0.000813229
34.098264	0.001084305
34.1104856	0.001355381
34.1227072	0.000948767
34.1349288	0.001084305
34.1471504	0.001084305
34.159372	0.000542152
34.1715936	0.000542152
34.1838152	0.001219843
34.1960368	0.000948767
34.2082584	0.000406614
34.22048	0.001084305
34.2327016	0.001490919
34.2449232	0.001219843
34.2571448	0.000948767
34.2693664	0.001355381
34.281588	0.001084305
34.2938096	0.000813229
34.3060312	0.00067769
34.3182528	0.001084305
34.3304744	0.001219843
34.342696	0.001355381
34.3549176	0.001084305
34.3671392	0.001490919
34.3793608	0.00067769
34.3915824	0.001084305
34.403804	0.001219843
34.4160256	0.00067769
34.4282472	0.000542152
34.4404688	0.001355381
34.4526904	0.001219843
34.464912	0.000406614
34.4771336	0.000813229
34.4893552	0.00067769
34.5015768	0.001219843
34.5137984	0.000948767
34.52602	0.001084305
34.5382416	0.000813229
34.5504632	0.002981838
34.5626848	0.001355381
34.5749064	0.00067769
34.587128	0.00067769
34.5993496	0.00067769
34.6115712	0.001490919
34.6237928	0.000406614
34.6360144	0.000542152
34.648236	0.001897533
34.6604576	0.000948767
34.6726792	0.001084305
34.6849008	0.00067769
34.6971224	0.000406614
34.709344	0.001219843
34.7215656	0.001219843
34.7337872	0.001219843
34.7460088	0.000948767
34.7582304	0.000542152
34.770452	0.001761995
34.7826736	0.000406614
34.7948952	0.001355381
34.8071168	0.000542152
34.8193384	0.001490919
34.83156	0.001084305
34.8437816	0.001490919
34.8560032	0.00067769
34.8682248	0.000813229
34.8804464	0.001490919
34.892668	0.001355381
34.9048896	0.00067769
34.9171112	0.001084305
34.9293328	0.000813229
34.9415544	0.00067769
34.953776	0.001084305
34.9659976	0.000948767
34.9782192	0.001084305
34.9904408	0.000813229
35.0026624	0.000542152
35.014884	0.000813229
35.0271056	0.001219843
35.0393272	0.000948767
35.0515488	0.00067769
35.0637704	0.001219843
35.075992	0.001490919
35.0882136	0.001626457
35.1004352	0.001490919
35.1126568	0.000948767
35.1248784	0.000271076
35.1371	0.000813229
35.1493216	0.000813229
35.1615432	0.001897533
35.1737648	0.001219843
35.1859864	0.000813229
35.198208	0.000948767
35.2104296	0.001084305
35.2226512	0.000813229
35.2348728	0.000948767
35.2470944	0.000271076
35.259316	0.000948767
35.2715376	0.001761995
35.2837592	0.001355381
35.2959808	0.00067769
35.3082024	0.001219843
35.320424	0.001084305
35.3326456	0.000813229
35.3448672	0.000813229
35.3570888	0.000542152
35.3693104	0.000948767
35.381532	0.000406614
35.3937536	0.000948767
35.4059752	0.000813229
35.4181968	0.001084305
35.4304184	0.000542152
35.44264	0.000948767
35.4548616	0.000948767
35.4670832	0.000406614
35.4793048	0.001084305
35.4915264	0.001490919
35.503748	0.000813229
35.5159696	0.000948767
35.5281912	0.000948767
35.5404128	0.001626457
35.5526344	0.000948767
35.564856	0.001219843
35.5770776	0.000542152
35.5892992	0.000948767
35.6015208	0.000542152
35.6137424	0.000813229
35.625964	0.001084305
35.6381856	0.001355381
35.6504072	0.000813229
35.6626288	0.001084305
35.6748504	0.000135538
35.687072	0.000948767
35.6992936	0.000948767
35.7115152	0.000948767
35.7237368	0.001490919
35.7359584	0.001219843
35.74818	0.001084305
35.7604016	0.000542152
35.7726232	0.000813229
35.7848448	0.001084305
35.7970664	0.000813229
35.809288	0.000948767
35.8215096	0.000271076
35.8337312	0.00067769
35.8459528	0.000542152
35.8581744	0.000813229
35.870396	0.001355381
35.8826176	0.000271076
35.8948392	0.000813229
35.9070608	0.002033071
35.9192824	0.000813229
35.931504	0.001219843
35.9437256	0.00067769
35.9559472	0.00067769
35.9681688	0.000406614
35.9803904	0.00067769
35.992612	0.000948767
36.0048336	0.000948767
36.0170552	0.001084305
36.0292768	0.000542152
36.0414984	0.000813229
36.05372	0.000813229
36.0659416	0.000948767
36.0781632	0.00067769
36.0903848	0.00067769
36.1026064	0.000406614
36.114828	0.000948767
36.1270496	0.001084305
36.1392712	0.001355381
36.1514928	0.001219843
36.1637144	0.001490919
36.175936	0.000406614
36.1881576	0.001084305
36.2003792	0.001761995
36.2126008	0.000813229
36.2248224	0.001355381
36.237044	0.000813229
36.2492656	0.001219843
36.2614872	0.001355381
36.2737088	0.000542152
36.2859304	0.00067769
36.298152	0.000406614
36.3103736	0.000948767
36.3225952	0.000948767
36.3348168	0.001355381
36.3470384	0.000813229
36.35926	0.000542152
36.3714816	0.001355381
36.3837032	0.000542152
36.3959248	0.000948767
36.4081464	0.000948767
36.420368	0.001084305
36.4325896	0.000271076
36.4448112	0.000271076
36.4570328	0.000948767
36.4692544	0.001490919
36.481476	0.000271076
36.4936976	0.001219843
36.5059192	0.00067769
36.5181408	0.00067769
36.5303624	0.000406614
36.542584	0.000542152
36.5548056	0.000813229
36.5670272	0.001084305
36.5792488	0.001084305
36.5914704	0.000948767
36.603692	0.001897533
36.6159136	0.000948767
36.6281352	0.001219843
36.6403568	0.00067769
36.6525784	0.001084305
36.6648	0.000542152
36.6770216	0.00067769
36.6892432	0.000542152
36.7014648	0.001355381
36.7136864	0.000542152
36.725908	0.00067769
36.7381296	0.000948767
36.7503512	0.001219843
36.7625728	0.000813229
36.7747944	0.000948767
36.787016	0.00067769
36.7992376	0.001084305
36.8114592	0.001219843
36.8236808	0.000948767
36.8359024	0.001084305
36.848124	0.000542152
36.8603456	0.00067769
36.8725672	0.000813229
36.8847888	0.001084305
36.8970104	0.001084305
36.909232	0.000948767
36.9214536	0.000948767
36.9336752	0.000813229
36.9458968	0.000406614
36.9581184	0.000948767
36.97034	0.000948767
36.9825616	0.000406614
36.9947832	0.001084305
37.0070048	0.001490919
37.0192264	0.001355381
37.031448	0.000542152
37.0436696	0.000542152
37.0558912	0.001219843
37.0681128	0.000948767
37.0803344	0.00067769
37.092556	0.000813229
37.1047776	0.001084305
37.1169992	0.001084305
37.1292208	0.001355381
37.1414424	0.000948767
37.153664	0.001355381
37.1658856	0.00067769
37.1781072	0.001219843
37.1903288	0.000948767
37.2025504	0.001084305
37.214772	0.000542152
37.2269936	0.001219843
37.2392152	0.000948767
37.2514368	0.000813229
37.2636584	0.000542152
37.27588	0.000542152
37.2881016	0.001084305
37.3003232	0.000948767
37.3125448	0.00067769
37.3247664	0.000271076
37.336988	0.000406614
37.3492096	0.000813229
37.3614312	0.001084305
37.3736528	0.001084305
37.3858744	0.00067769
37.398096	0.000406614
37.4103176	0.001084305
37.4225392	0.000948767
37.4347608	0.001084305
37.4469824	0.000542152
37.459204	0.000813229
37.4714256	0.000813229
37.4836472	0.000542152
37.4958688	0.00067769
37.5080904	0.000813229
37.520312	0.001084305
37.5325336	0.000271076
37.5447552	0.000813229
37.5569768	0.000948767
37.5691984	0.000406614
37.58142	0.000948767
37.5936416	0.000406614
37.6058632	0.001219843
37.6180848	0.000813229
37.6303064	0.000948767
37.642528	0.000406614
37.6547496	0.001084305
37.6669712	0.00067769
37.6791928	0.001219843
37.6914144	0.000542152
37.703636	0.000542152
37.7158576	0.001219843
37.7280792	0.000542152
37.7403008	0.000813229
37.7525224	0.000542152
37.764744	0.000948767
37.7769656	0.00067769
37.7891872	0.001355381
37.8014088	0.00067769
37.8136304	0.000542152
37.825852	0.001084305
37.8380736	0.000948767
37.8502952	0.001219843
37.8625168	0.001355381
37.8747384	0.000542152
37.88696	0.00067769
37.8991816	0.001626457
37.9114032	0
37.9236248	0.000542152
37.9358464	0.00067769
37.948068	0.001219843
37.9602896	0.000135538
37.9725112	0.000813229
37.9847328	0.000271076
37.9969544	0.000542152
38.009176	0.000948767
38.0213976	0.001084305
38.0336192	0.000948767
38.0458408	0.00067769
38.0580624	0.000542152
38.070284	0.00067769
38.0825056	0.001219843
38.0947272	0.000542152
38.1069488	0.000406614
38.1191704	0.000813229
38.131392	0.000948767
38.1436136	0.000813229
38.1558352	0.000542152
38.1680568	0.001084305
38.1802784	0.001219843
38.1925	0.000948767
38.2047216	0.000948767
38.2169432	0.000813229
38.2291648	0.000271076
38.2413864	0.000813229
38.253608	0.001219843
38.2658296	0.000813229
38.2780512	0.000406614
38.2902728	0.000813229
38.3024944	0.001219843
38.314716	0.000271076
38.3269376	0.000135538
38.3391592	0.000406614
38.3513808	0.001219843
38.3636024	0.000813229
38.375824	0.000948767
38.3880456	0.000948767
38.4002672	0.001084305
38.4124888	0.000406614
38.4247104	0.00067769
38.436932	0.001084305
38.4491536	0.001084305
38.4613752	0.000542152
38.4735968	0.00067769
38.4858184	0.000813229
38.49804	0.000948767
38.5102616	0.00067769
38.5224832	0.001084305
38.5347048	0.00067769
38.5469264	0.001355381
38.559148	0.000406614
38.5713696	0.001219843
38.5835912	0.000271076
38.5958128	0.001219843
38.6080344	0.000948767
38.620256	0.000542152
38.6324776	0.000948767
38.6446992	0.00067769
38.6569208	0.000948767
38.6691424	0.000542152
38.681364	0.000813229
38.6935856	0.001355381
38.7058072	0.00067769
38.7180288	0.000948767
38.7302504	0.000542152
38.742472	0.000542152
38.7546936	0.001219843
38.7669152	0.001219843
38.7791368	0.000406614
38.7913584	0.000948767
38.80358	0.000406614
38.8158016	0.000813229
38.8280232	0.001490919
38.8402448	0.001084305
38.8524664	0.000542152
38.864688	0.000271076
38.8769096	0.00067769
38.8891312	0.000542152
38.9013528	0.000948767
38.9135744	0.000813229
38.925796	0.000813229
38.9380176	0.001084305
38.9502392	0.00067769
38.9624608	0.00067769
38.9746824	0.001084305
38.986904	0.000542152
38.9991256	0.000542152
39.0113472	0.000542152
39.0235688	0.00067769
39.0357904	0.00067769
39.048012	0.000948767
39.0602336	0.001355381
39.0724552	0.000813229
39.0846768	0.00067769
39.0968984	0.000948767
39.10912	0.000542152
39.1213416	0.00067769
39.1335632	0.00067769
39.1457848	0.000271076
39.1580064	0.000542152
39.170228	0.000542152
39.1824496	0.001626457
39.1946712	0.000948767
39.2068928	0.001219843
39.2191144	0.001355381
39.231336	0.000135538
39.2435576	0.00067769
39.2557792	0.000271076
39.2680008	0.001219843
39.2802224	0.00067769
39.292444	0.00067769
39.3046656	0.000406614
39.3168872	0.000271076
39.3291088	0.000813229
39.3413304	0.000406614
39.353552	0.00067769
39.3657736	0.00067769
39.3779952	0.000813229
39.3902168	0.000813229
39.4024384	0.000542152
39.41466	0.00067769
39.4268816	0.000813229
39.4391032	0.000542152
39.4513248	0.001219843
39.4635464	0.001084305
39.475768	0.000813229
39.4879896	0.001084305
39.5002112	0.00067769
39.5124328	0.000813229
39.5246544	0.000135538
39.536876	0.000948767
39.5490976	0.00067769
39.5613192	0.001084305
39.5735408	0.00067769
39.5857624	0.001219843
39.597984	0.001761995
39.6102056	0.000948767
39.6224272	0.000135538
39.6346488	0.000813229
39.6468704	0.000948767
39.659092	0
39.6713136	0.001084305
39.6835352	0.001084305
39.6957568	0.000542152
39.7079784	0.00067769
39.7202	0.00067769
39.7324216	0.001084305
39.7446432	0.001084305
39.7568648	0.000406614
39.7690864	0.000406614
39.781308	0.00067769
39.7935296	0.000542152
39.8057512	0.000813229
39.8179728	0.000813229
39.8301944	0.000813229
39.842416	0.000813229
39.8546376	0.000542152
39.8668592	0.001219843
39.8790808	0.001084305
39.8913024	0.000271076
39.903524	0.000813229
39.9157456	0.000271076
39.9279672	0.001355381
39.9401888	0.001219843
39.9524104	0.000813229
39.964632	0.000948767
39.9768536	0.000813229
39.9890752	0.001084305
40.0012968	0.000948767
40.0135184	0.001084305
40.02574	0.001219843
40.0379616	0.000406614
40.0501832	0.00067769
40.0624048	0.00067769
40.0746264	0.000813229
40.086848	0.000948767
40.0990696	0.001219843
40.1112912	0.000406614
40.1235128	0.000542152
40.1357344	0.001084305
40.147956	0.00067769
40.1601776	0.000542152
40.1723992	0.000948767
40.1846208	0.000271076
40.1968424	0.000271076
40.209064	0.001219843
40.2212856	0.001084305
40.2335072	0.00067769
40.2457288	0.000406614
40.2579504	0.000406614
40.270172	0.001084305
40.2823936	0.000542152
40.2946152	0.000542152
40.3068368	0
40.3190584	0.000813229
40.33128	0.001084305
40.3435016	0.000813229
40.3557232	0.000271076
40.3679448	0.000406614
40.3801664	0.000948767
40.392388	0.000406614
40.4046096	0.00067769
40.4168312	0.000271076
40.4290528	0.000948767
40.4412744	0.00067769
40.453496	0.00067769
40.4657176	0.000542152
40.4779392	0.00067769
40.4901608	0.001084305
40.5023824	0.001490919
40.514604	0.000948767
40.5268256	0.001626457
40.5390472	0.000542152
40.5512688	0.000813229
40.5634904	0.000813229
40.575712	0.000406614
40.5879336	0.000542152
40.6001552	0.000813229
40.6123768	0.001219843
40.6245984	0.000813229
40.63682	0.000542152
40.6490416	0.000813229
40.6612632	0.000271076
40.6734848	0.000948767
40.6857064	0.000948767
40.697928	0.000406614
40.7101496	0.000271076
40.7223712	0.000813229
40.7345928	0.000542152
40.7468144	0.000813229
40.759036	0.000948767
40.7712576	0.000813229
40.7834792	0.001084305
40.7957008	0.000948767
40.8079224	0.001490919
40.820144	0.001219843
40.8323656	0.000542152
40.8445872	0.000813229
40.8568088	0.00067769
40.8690304	0.000813229
40.881252	0.001490919
40.8934736	0.000542152
40.9056952	0.00067769
40.9179168	0.000813229
40.9301384	0.000948767
40.94236	0.000948767
40.9545816	0.00067769
40.9668032	0.001626457
40.9790248	0.001219843
40.9912464	0.001490919
41.003468	0.000542152
41.0156896	0.000813229
41.0279112	0.001084305
41.0401328	0.000542152
41.0523544	0.00067769
41.064576	0.001219843
41.0767976	0.000813229
41.0890192	0.000813229
41.1012408	0.00067769
41.1134624	0.000542152
41.125684	0.000542152
41.1379056	0.000948767
41.1501272	0.000813229
41.1623488	0.00067769
41.1745704	0.000271076
41.186792	0.00067769
41.1990136	0.000406614
41.2112352	0.00067769
41.2234568	0.000948767
41.2356784	0.000948767
41.2479	0.000406614
41.2601216	0.000135538
41.2723432	0.00067769
41.2845648	0.000813229
41.2967864	0.000948767
41.309008	0.001219843
41.3212296	0.000813229
41.3334512	0.000542152
41.3456728	0.000948767
41.3578944	0.000135538
41.370116	0.001219843
41.3823376	0.000542152
41.3945592	0.000948767
41.4067808	0.000542152
41.4190024	0.000948767
41.431224	0.001084305
41.4434456	0.001219843
41.4556672	0.00067769
41.4678888	0.00067769
41.4801104	0.000948767
41.492332	0.001490919
41.5045536	0.001084305
41.5167752	0.00067769
41.5289968	0.000948767
41.5412184	0.002304147
41.55344	0.000542152
41.5656616	0.000948767
41.5778832	0.000948767
41.5901048	0.00067769
41.6023264	0.001761995
41.614548	0.00067769
41.6267696	0.000948767
41.6389912	0.000813229
41.6512128	0.00067769
41.6634344	0.000813229
41.675656	0.000542152
41.6878776	0.000948767
41.7000992	0.000542152
41.7123208	0.000813229
41.7245424	0.000406614
41.736764	0.001219843
41.7489856	0.000542152
41.7612072	0.001084305
41.7734288	0.00067769
41.7856504	0.000542152
41.797872	0.000948767
41.8100936	0.000813229
41.8223152	0.00067769
41.8345368	0.000271076
41.8467584	0.000542152
41.85898	0.001084305
41.8712016	0.00067769
41.8834232	0.000406614
41.8956448	0.001219843
41.9078664	0.000948767
41.920088	0.000948767
41.9323096	0.000948767
41.9445312	0.000406614
41.9567528	0.000271076
41.9689744	0.000813229
41.981196	0.000406614
41.9934176	0.001084305
42.0056392	0.000948767
42.0178608	0.000948767
42.0300824	0.000271076
42.042304	0.000542152
42.0545256	0.000813229
42.0667472	0.000542152
42.0789688	0.000542152
42.0911904	0.000271076
42.103412	0.001355381
42.1156336	0.000406614
42.1278552	0.000542152
42.1400768	0.000271076
42.1522984	0.000948767
42.16452	0.00067769
42.1767416	0.000948767
42.1889632	0.00067769
42.2011848	0.000813229
42.2134064	0.000813229
42.225628	0.000813229
42.2378496	0.000948767
42.2500712	0.00067769
42.2622928	0.000813229
42.2745144	0.00067769
42.286736	0.00067769
42.2989576	0.00067769
42.3111792	0.000948767
42.3234008	0.000542152
42.3356224	0.000406614
42.347844	0.000542152
42.3600656	0.000948767
42.3722872	0.000948767
42.3845088	0.001084305
42.3967304	0.000948767
42.408952	0.00067769
42.4211736	0.000542152
42.4333952	0.000948767
42.4456168	0.000813229
42.4578384	0.000813229
42.47006	0.000406614
42.4822816	0.000813229
42.4945032	0.000948767
42.5067248	0.000813229
42.5189464	0.000406614
42.531168	0.001084305
42.5433896	0.00067769
42.5556112	0.000542152
42.5678328	0.00067769
42.5800544	0.00067769
42.592276	0.000406614
42.6044976	0.00067769
42.6167192	0.000542152
42.6289408	0.000542152
42.6411624	0.000948767
42.653384	0.000948767
42.6656056	0.000542152
42.6778272	0.00067769
42.6900488	0.000813229
42.7022704	0.000542152
42.714492	0.00067769
42.7267136	0.001219843
42.7389352	0.001355381
42.7511568	0.000542152
42.7633784	0.00067769
42.7756	0.000813229
42.7878216	0.00067769
42.8000432	0.000948767
42.8122648	0.000406614
42.8244864	0.00067769
42.836708	0.000271076
42.8489296	0.00067769
42.8611512	0.000813229
42.8733728	0.000948767
42.8855944	0.00067769
42.897816	0.000948767
42.9100376	0.000542152
42.9222592	0.000813229
42.9344808	0.001084305
42.9467024	0.00067769
42.958924	0.00067769
42.9711456	0.000813229
42.9833672	0.001084305
42.9955888	0.000135538
43.0078104	0.00067769
43.020032	0.00067769
43.0322536	0.00067769
43.0444752	0.000135538
43.0566968	0.000813229
43.0689184	0.000813229
43.08114	0.001084305
43.0933616	0.000542152
43.1055832	0.00067769
43.1178048	0.000542152
43.1300264	0.000948767
43.142248	0.001219843
43.1544696	0.000406614
43.1666912	0.000948767
43.1789128	0.000813229
43.1911344	0.000948767
43.203356	0.00067769
43.2155776	0.000271076
43.2277992	0.001084305
43.2400208	0.00067769
43.2522424	0.000948767
43.264464	0.001355381
43.2766856	0.000406614
43.2889072	0.000542152
43.3011288	0.001490919
43.3133504	0.000813229
43.325572	0.000406614
43.3377936	0.000542152
43.3500152	0.001355381
43.3622368	0.001084305
43.3744584	0.000542152
43.38668	0.00067769
43.3989016	0.00067769
43.4111232	0.000542152
43.4233448	0.000406614
43.4355664	0.000542152
43.447788	0.000948767
43.4600096	0.000813229
43.4722312	0.00067769
43.4844528	0.000542152
43.4966744	0.000542152
43.508896	0.000948767
43.5211176	0.001355381
43.5333392	0.000813229
43.5455608	0.000542152
43.5577824	0.000813229
43.570004	0.00067769
43.5822256	0.00067769
43.5944472	0.000948767
43.6066688	0.000542152
43.6188904	0.000271076
43.631112	0.000948767
43.6433336	0.000542152
43.6555552	0.001219843
43.6677768	0.000813229
43.6799984	0.001084305
43.69222	0.000271076
43.7044416	0.000948767
43.7166632	0.001355381
43.7288848	0.000542152
43.7411064	0.000271076
43.753328	0.00067769
43.7655496	0.000813229
43.7777712	0.000542152
43.7899928	0.000406614
43.8022144	0.001219843
43.814436	0.000406614
43.8266576	0.000542152
43.8388792	0.00067769
43.8511008	0.000406614
43.8633224	0.000406614
43.875544	0.00067769
43.8877656	0.001084305
43.8999872	0.00067769
43.9122088	0.00067769
43.9244304	0.000271076
43.936652	0.001084305
43.9488736	0.000813229
43.9610952	0.000271076
43.9733168	0.000271076
43.9855384	0.000406614
43.99776	0.000948767
44.0099816	0.000813229
44.0222032	0.000948767
44.0344248	0.000813229
44.0466464	0.000542152
44.058868	0.000406614
44.0710896	0.001084305
44.0833112	0.00067769
44.0955328	0.00067769
44.1077544	0.00067769
44.119976	0.000813229
44.1321976	0.000406614
44.1444192	0.000948767
44.1566408	0.000948767
44.1688624	0.000542152
44.181084	0.000271076
44.1933056	0.000406614
44.2055272	0.00067769
44.2177488	0.000948767
44.2299704	0.000813229
44.242192	0.001219843
44.2544136	0.00067769
44.2666352	0.000406614
44.2788568	0.000271076
44.2910784	0.000948767
44.3033	0.001219843
44.3155216	0.000542152
44.3277432	0.000813229
44.3399648	0.001084305
44.3521864	0.000813229
44.364408	0.00067769
44.3766296	0.000542152
44.3888512	0.000542152
44.4010728	0.000542152
44.4132944	0.000813229
44.425516	0.000406614
44.4377376	0.001084305
44.4499592	0.000813229
44.4621808	0.001219843
44.4744024	0.001084305
44.486624	0.000948767
44.4988456	0.000406614
44.5110672	0.000948767
44.5232888	0.001084305
44.5355104	0.000542152
44.547732	0.00067769
44.5599536	0.00067769
44.5721752	0.00067769
44.5843968	0.001490919
44.5966184	0.00067769
44.60884	0.000948767
44.6210616	0.001219843
44.6332832	0.00067769
44.6455048	0.001084305
44.6577264	0.000813229
44.669948	0.000135538
44.6821696	0.000948767
44.6943912	0.001084305
44.7066128	0.000813229
44.7188344	0.001219843
44.731056	0.000271076
44.7432776	0.00067769
44.7554992	0.000948767
44.7677208	0.00067769
44.7799424	0.000813229
44.792164	0.00067769
44.8043856	0.001626457
44.8166072	0.000542152
44.8288288	0.000406614
44.8410504	0.001084305
44.853272	0.000948767
44.8654936	0.001355381
44.8777152	0.00067769
44.8899368	0.000813229
44.9021584	0.000271076
44.91438	0.000542152
44.9266016	0.000406614
44.9388232	0.00067769
44.9510448	0.000813229
44.9632664	0.00067769
44.975488	0.000542152
44.9877096	0.000135538
44.9999312	0.001084305
45.0121528	0.000542152
45.0243744	0.001219843
45.036596	0.000135538
45.0488176	0.000406614
45.0610392	0.000542152
45.0732608	0.000542152
45.0854824	0.00067769
45.097704	0.000406614
45.1099256	0.00067769
45.1221472	0.000813229
45.1343688	0.001490919
45.1465904	0.00067769
45.158812	0.00067769
45.1710336	0.001219843
45.1832552	0.000813229
45.1954768	0.000948767
45.2076984	0.001490919
45.21992	0.000542152
45.2321416	0.00067769
45.2443632	0.000406614
45.2565848	0.000406614
45.2688064	0.000406614
45.281028	0.001084305
45.2932496	0.000542152
45.3054712	0.000813229
45.3176928	0.001084305
45.3299144	0.000542152
45.342136	0.000406614
45.3543576	0.000948767
45.3665792	0.001084305
45.3788008	0.000813229
45.3910224	0.001355381
45.403244	0.000406614
45.4154656	0.001084305
45.4276872	0.001355381
45.4399088	0.000948767
45.4521304	0.00067769
45.464352	0.000271076
45.4765736	0.000542152
45.4887952	0.001355381
45.5010168	0.00067769
45.5132384	0.000948767
45.52546	0.001490919
45.5376816	0.000813229
45.5499032	0.000813229
45.5621248	0.00067769
45.5743464	0.000813229
45.586568	0.00067769
45.5987896	0.000406614
45.6110112	0.000542152
45.6232328	0.000271076
45.6354544	0.000948767
45.647676	0.000813229
45.6598976	0.000406614
45.6721192	0.000813229
45.6843408	0.000271076
45.6965624	0.00067769
45.708784	0.000406614
45.7210056	0.001084305
45.7332272	0.000948767
45.7454488	0.000406614
45.7576704	0.000406614
45.769892	0.000542152
45.7821136	0.001084305
45.7943352	0.000542152
45.8065568	0.000813229
45.8187784	0.000813229
45.831	0.000406614
45.8432216	0.001355381
45.8554432	0.000271076
45.8676648	0.000948767
45.8798864	0.000542152
45.892108	0.000948767
45.9043296	0.00067769
45.9165512	0.000813229
45.9287728	0.000406614
45.9409944	0.000813229
45.953216	0.00067769
45.9654376	0.000542152
45.9776592	0.00067769
45.9898808	0.000948767
46.0021024	0.000948767
46.014324	0.00067769
46.0265456	0.00067769
46.0387672	0.001084305
46.0509888	0.000542152
46.0632104	0.001355381
46.075432	0.000271076
46.0876536	0.001355381
46.0998752	0.001084305
46.1120968	0.000813229
46.1243184	0.001219843
46.13654	0.001626457
46.1487616	0.000948767
46.1609832	0.001084305
46.1732048	0.001355381
46.1854264	0.000813229
46.197648	0.000813229
46.2098696	0.000813229
46.2220912	0.000271076
46.2343128	0.000948767
46.2465344	0.000406614
46.258756	0.001219843
46.2709776	0.000813229
46.2831992	0.000948767
46.2954208	0.000813229
46.3076424	0.000542152
46.319864	0.000406614
46.3320856	0.00067769
46.3443072	0.001355381
46.3565288	0.000542152
46.3687504	0.001355381
46.380972	0.000813229
46.3931936	0.001490919
46.4054152	0.00067769
46.4176368	0.000813229
46.4298584	0.000542152
46.44208	0.000542152
46.4543016	0.000813229
46.4665232	0.000135538
46.4787448	0.000406614
46.4909664	0.00067769
46.503188	0.000948767
46.5154096	0.00067769
46.5276312	0.000406614
46.5398528	0.000948767
46.5520744	0.001084305
46.564296	0.000542152
46.5765176	0.000542152
46.5887392	0.000813229
46.6009608	0.00067769
46.6131824	0.00067769
46.625404	0.000813229
46.6376256	0.000813229
46.6498472	0.000542152
46.6620688	0.000542152
46.6742904	0.001490919
46.686512	0.000813229
46.6987336	0.00067769
46.7109552	0.001219843
46.7231768	0.00067769
46.7353984	0.001490919
46.74762	0.000406614
46.7598416	0.000406614
46.7720632	0.000542152
46.7842848	0.000948767
46.7965064	0.000948767
46.808728	0.001490919
46.8209496	0.000813229
46.8331712	0.000406614
46.8453928	0.001490919
46.8576144	0.000948767
46.869836	0.000948767
46.8820576	0.000948767
46.8942792	0.001084305
46.9065008	0.000406614
46.9187224	0.000542152
46.930944	0.00067769
46.9431656	0.000542152
46.9553872	0.001084305
46.9676088	0.001219843
46.9798304	0.000542152
46.992052	0.001084305
47.0042736	0.000542152
47.0164952	0.000271076
47.0287168	0.000948767
47.0409384	0.000542152
47.05316	0.001490919
47.0653816	0.000813229
47.0776032	0.000948767
47.0898248	0.001626457
47.1020464	0.000813229
47.114268	0.000813229
47.1264896	0.000406614
47.1387112	0.000542152
47.1509328	0.00067769
47.1631544	0.00067769
47.175376	0.00067769
47.1875976	0.001626457
47.1998192	0.000948767
47.2120408	0.00067769
47.2242624	0.001084305
47.236484	0.000542152
47.2487056	0.000406614
47.2609272	0.000948767
47.2731488	0.000813229
47.2853704	0.000542152
47.297592	0.001084305
47.3098136	0.001626457
47.3220352	0.000542152
47.3342568	0.000406614
47.3464784	0.001355381
47.3587	0.001084305
47.3709216	0.001219843
47.3831432	0.001084305
47.3953648	0.000542152
47.4075864	0.001355381
47.419808	0.000542152
47.4320296	0.000948767
47.4442512	0.001490919
47.4564728	0.001219843
47.4686944	0.000948767
47.480916	0.00067769
47.4931376	0.001355381
47.5053592	0.000813229
47.5175808	0.001084305
47.5298024	0.000948767
47.542024	0.001219843
47.5542456	0.000948767
47.5664672	0.000948767
47.5786888	0.001084305
47.5909104	0.00067769
47.603132	0.001355381
47.6153536	0.001219843
47.6275752	0.001219843
47.6397968	0.001084305
47.6520184	0.000948767
47.66424	0.001490919
47.6764616	0.001761995
47.6886832	0.001761995
47.7009048	0.001897533
47.7131264	0.001761995
47.725348	0.003388452
47.7375696	0.001355381
47.7497912	0.001897533
47.7620128	0.001897533
47.7742344	0.002304147
47.786456	0.001897533
47.7986776	0.001490919
47.8108992	0.00352399
47.8231208	0.003930604
47.8353424	0.0028463
47.847564	0.003388452
47.8597856	0.004337219
47.8720072	0.004201681
47.8842288	0.004743833
47.8964504	0.002575224
47.908672	0.002304147
47.9208936	0.001761995
47.9331152	0
47.9453368	0
47.9575584	0.000135538
47.96978	0.000271076
47.9820016	0.000135538
47.9942232	0.000135538
48.0064448	0
48.0186664	0
48.030888	0
48.0431096	0
48.0553312	0
48.0675528	0
48.0797744	0
48.091996	0
48.1042176	0
48.1164392	0
48.1286608	0
48.1408824	0
48.153104	0
48.1653256	0
48.1775472	0
48.1897688	0
48.2019904	0
48.214212	0
48.2264336	0
48.2386552	0
48.2508768	0
48.2630984	0
48.27532	0
48.2875416	0
48.2997632	0
48.3119848	0
48.3242064	0
48.336428	0
48.3486496	0
48.3608712	0
48.3730928	0
48.3853144	0.000135538
48.397536	0.000135538
48.4097576	0
48.4219792	0
48.4342008	0
48.4464224	0
48.458644	0
48.4708656	0
48.4830872	0
48.4953088	0
48.5075304	0.000135538
48.519752	0.000135538
48.5319736	0
48.5441952	0
48.5564168	0
48.5686384	0
48.58086	0
48.5930816	0
48.6053032	0
48.6175248	0
48.6297464	0
48.641968	0
48.6541896	0.000135538
48.6664112	0.000135538
48.6786328	0
48.6908544	0
48.703076	0
48.7152976	0
48.7275192	0
48.7397408	0
48.7519624	0
48.764184	0
48.7764056	0
48.7886272	0
48.8008488	0
48.8130704	0
48.825292	0
48.8375136	0
48.8497352	0
48.8619568	0
48.8741784	0
48.8864	0
48.8986216	0
48.9108432	0
48.9230648	0
48.9352864	0
48.947508	0
48.9597296	0
48.9719512	0.000135538
48.9841728	0.000135538
48.9963944	0
49.008616	0
49.0208376	0
49.0330592	0
49.0452808	0
49.0575024	0
49.069724	0
49.0819456	0.000135538
49.0941672	0.000135538
49.1063888	0
49.1186104	0
49.130832	0
49.1430536	0
49.1552752	0
49.1674968	0
49.1797184	0
49.19194	0
49.2041616	0
49.2163832	0
49.2286048	0
49.2408264	0
49.253048	0
49.2652696	0
49.2774912	0
49.2897128	0
49.3019344	0.000271076
49.314156	0.000271076
49.3263776	0
49.3385992	0
49.3508208	0
49.3630424	0.000135538
49.375264	0.000135538
49.3874856	0
49.3997072	0.000135538
49.4119288	0.000135538
49.4241504	0
49.436372	0
49.4485936	0
49.4608152	0
49.4730368	0
49.4852584	0.000135538
49.49748	0.000135538
49.5097016	0
49.5219232	0
49.5341448	0
49.5463664	0
49.558588	0
49.5708096	0
49.5830312	0
49.5952528	0
49.6074744	0
49.619696	0
49.6319176	0
49.6441392	0
49.6563608	0
49.6685824	0
49.680804	0
49.6930256	0
49.7052472	0
49.7174688	0
49.7296904	0
49.741912	0
49.7541336	0.000135538
49.7663552	0.000135538
49.7785768	0
49.7907984	0
49.80302	0
49.8152416	0
49.8274632	0
49.8396848	0
49.8519064	0
49.864128	0
49.8763496	0.000135538
49.8885712	0.000135538
49.9007928	0
49.9130144	0
49.925236	0
49.9374576	0
49.9496792	0
49.9619008	0
49.9741224	0
49.986344	0
49.9985656	0
50.0107872	0
50.0230088	0
50.0352304	0
50.047452	0