#time	counts
0	0
0.0122216	0
0.0244432	0
0.0366648	0
0.0488864	0
0.061108	0
0.0733296	0
0.0855512	0
0.0977728	0
0.1099944	0
0.122216	0
0.1344376	0
0.1466592	0
0.1588808	0
0.1711024	0
0.183324	0
0.1955456	0
0.2077672	0
0.2199888	0
0.2322104	0
0.244432	0
0.2566536	0
0.2688752	0
0.2810968	0
0.2933184	0
0.30554	0
0.3177616	0
0.3299832	0
0.3422048	0
0.3544264	0
0.366648	0
0.3788696	0
0.3910912	0
0.4033128	0
0.4155344	0
0.427756	0
0.4399776	0
0.4521992	0.00010018
0.4644208	0
0.4766424	0.000200361
0.488864	0.000300541
0.5010856	0.000300541
0.5133072	0.000400721
0.5255288	0.000500902
0.5377504	0.000500902
0.549972	0.000500902
0.5621936	0.000400721
0.5744152	0.000200361
0.5866368	0.000200361
0.5988584	0.000801443
0.61108	0.000701262
0.6233016	0.000601082
0.6355232	0.00010018
0.6477448	0.000300541
0.6599664	0.000400721
0.672188	0.000601082
0.6844096	0.000400721
0.6966312	0.000400721
0.7088528	0.000601082
0.7210744	0.000500902
0.733296	0.000300541
0.7455176	0
0.7577392	0.00010018
0.7699608	0.000601082
0.7821824	0.000601082
0.794404	0.000500902
0.8066256	0.00010018
0.8188472	0.000601082
0.8310688	0.000400721
0.8432904	0.000300541
0.855512	0.000300541
0.8677336	0.000601082
0.8799552	0.000500902
0.8921768	0.000300541
0.9043984	0.000300541
0.91662	0.000601082
0.9288416	0.000601082
0.9410632	0.000601082
0.9532848	0.000601082
0.9655064	0.000701262
0.977728	0.000400721
0.9899496	0.000801443
1.0021712	0.000801443
1.0143928	0.000200361
1.0266144	0.000500902
1.038836	0.000801443
1.0510576	0.000400721
1.0632792	0.000400721
1.0755008	0.000300541
1.0877224	0.000500902
1.099944	0.000801443
1.1121656	0.000300541
1.1243872	0.000300541
1.1366088	0.000500902
1.1488304	0.000400721
1.161052	0.000400721
1.1732736	0.000601082
1.1854952	0.000500902
1.1977168	0.000601082
1.2099384	0.000300541
1.22216	0.000801443
1.2343816	0.000500902
1.2466032	0.000500902
1.2588248	0.000500902
1.2710464	0.000400721
1.283268	0.000400721
1.2954896	0.000701262
1.3077112	0.000801443
1.3199328	0.000701262
1.3321544	0.000601082
1.344376	0.000500902
1.3565976	0.000300541
1.3688192	0.000400721
1.3810408	0.000901623
1.3932624	0.000500902
1.405484	0.000400721
1.4177056	0.000701262
1.4299272	0.000400721
1.4421488	0.000200361
1.4543704	0.000901623
1.466592	0.000200361
1.4788136	0.000400721
1.4910352	0.000701262
1.5032568	0.000300541
1.5154784	0.000701262
1.5277	0.000701262
1.5399216	0.000701262
1.5521432	0.000500902
1.5643648	0.000200361
1.5765864	0.00010018
1.588808	0.000701262
1.6010296	0.000701262
1.6132512	0.000601082
1.6254728	0.000500902
1.6376944	0.000701262
1.649916	0.000400721
1.6621376	0.000400721
1.6743592	0.000601082
1.6865808	0.000500902
1.6988024	0.000400721
1.711024	0.000500902
1.7232456	0.000300541
1.7354672	0.000601082
1.7476888	0.00010018
1.7599104	0.000500902
1.772132	0.000701262
1.7843536	0.000901623
1.7965752	0.000801443
1.8087968	0.000801443
1.8210184	0.000901623
1.83324	0.000200361
1.8454616	0.001001803
1.8576832	0.000500902
1.8699048	0.001302344
1.8821264	0.000901623
1.894348	0.000701262
1.9065696	0.000801443
1.9187912	0.000701262
1.9310128	0.000901623
1.9432344	0.000601082
1.955456	0.000500902
1.9676776	0.000801443
1.9798992	0.000400721
1.9921208	0.000901623
2.0043424	0.000901623
2.016564	0.001001803
2.0287856	0.000500902
2.0410072	0.000300541
2.0532288	0.000801443
2.0654504	0.000801443
2.077672	0.000300541
2.0898936	0.000300541
2.1021152	0.000801443
2.1143368	0.000801443
2.1265584	0.000601082
2.13878	0.000400721
2.1510016	0.000601082
2.1632232	0.000500902
2.1754448	0.000400721
2.1876664	0.000801443
2.199888	0.000300541
2.2121096	0.001001803
2.2243312	0.000601082
2.2365528	0.000200361
2.2487744	0.000701262
2.260996	0.000400721
2.2732176	0.001101984
2.2854392	0.000200361
2.2976608	0.000801443
2.3098824	0.000400721
2.322104	0.000901623
2.3343256	0.000400721
2.3465472	0.000801443
2.3587688	0.000801443
2.3709904	0.000701262
2.383212	0.000601082
2.3954336	0.000601082
2.4076552	0.000801443
2.4198768	0.000601082
2.4320984	0.000300541
2.44432	0.001001803
2.4565416	0.000701262
2.4687632	0.000901623
2.4809848	0.000801443
2.4932064	0.000701262
2.505428	0.000601082
2.5176496	0.000801443
2.5298712	0.000801443
2.5420928	0.000801443
2.5543144	0.000200361
2.566536	0.001101984
2.5787576	0.000901623
2.5909792	0.000901623
2.6032008	0.001202164
2.6154224	0.001101984
2.627644	0.001202164
2.6398656	0.000701262
2.6520872	0.001202164
2.6643088	0.000200361
2.6765304	0.000601082
2.688752	0.000601082
2.7009736	0.000400721
2.7131952	0.000801443
2.7254168	0.000901623
2.7376384	0.000601082
2.74986	0.001101984
2.7620816	0.000500902
2.7743032	0.000601082
2.7865248	0.000601082
2.7987464	0.001302344
2.810968	0.000500902
2.8231896	0.001001803
2.8354112	0.000300541
2.8476328	0.000500902
2.8598544	0.001202164
2.872076	0.000701262
2.8842976	0.000400721
2.8965192	0.000300541
2.9087408	0.000601082
2.9209624	0.000500902
2.933184	0.000601082
2.9454056	0.001001803
2.9576272	0.000701262
2.9698488	0.000601082
2.9820704	0.000601082
2.994292	0.000801443
3.0065136	0.001101984
3.0187352	0.000901623
3.0309568	0.000801443
3.0431784	0.000901623
3.0554	0.000901623
3.0676216	0.001001803
3.0798432	0.000801443
3.0920648	0.000701262
3.1042864	0.000300541
3.116508	0.000701262
3.1287296	0.000200361
3.1409512	0.000300541
3.1531728	0.000400721
3.1653944	0.000500902
3.177616	0.000400721
3.1898376	0.000400721
3.2020592	0.000400721
3.2142808	0.000601082
3.2265024	0.001001803
3.238724	0.000200361
3.2509456	0.000500902
3.2631672	0.001001803
3.2753888	0.000701262
3.2876104	0.000300541
3.299832	0.000701262
3.3120536	0.000701262
3.3242752	0.001001803
3.3364968	0.000400721
3.3487184	0.000601082
3.36094	0.000701262
3.3731616	0.000701262
3.3853832	0.000601082
3.3976048	0.000500902
3.4098264	0.000400721
3.422048	0.000701262
3.4342696	0.000300541
3.4464912	0.000701262
3.4587128	0.000300541
3.4709344	0.000300541
3.483156	0.001202164
3.4953776	0.000701262
3.5075992	0.000901623
3.5198208	0.000601082
3.5320424	0.000500902
3.544264	0.000901623
3.5564856	0.000400721
3.5687072	0.000500902
3.5809288	0.000500902
3.5931504	0.000601082
3.605372	0.000701262
3.6175936	0.000200361
3.6298152	0.000500902
3.6420368	0.000500902
3.6542584	0.000801443
3.66648	0.000500902
3.6787016	0.000500902
3.6909232	0.000701262
3.7031448	0.001001803
3.7153664	0.000500902
3.727588	0.000701262
3.7398096	0.000801443
3.7520312	0.000701262
3.7642528	0.000701262
3.7764744	0.000400721
3.788696	0.000400721
3.8009176	0.000601082
3.8131392	0.000801443
3.8253608	0.000801443
3.8375824	0.000601082
3.849804	0.001001803
3.8620256	0.000801443
3.8742472	0.000601082
3.8864688	0.000400721
3.8986904	0.001001803
3.910912	0.000701262
3.9231336	0.000801443
3.9353552	0.000701262
3.9475768	0.000701262
3.9597984	0.000801443
3.97202	0.000400721
3.9842416	0.000701262
3.9964632	0.000400721
4.0086848	0.000601082
4.0209064	0.000801443
4.033128	0.000400721
4.0453496	0.000500902
4.0575712	0.000500902
4.0697928	0.000701262
4.0820144	0.000601082
4.094236	0.000300541
4.1064576	0.000901623
4.1186792	0.000601082
4.1309008	0.001001803
4.1431224	0.000400721
4.155344	0.000400721
4.1675656	0.000500902
4.1797872	0.000200361
4.1920088	0.000801443
4.2042304	0.000400721
4.216452	0.000400721
4.2286736	0.000500902
4.2408952	0.000500902
4.2531168	0.000500902
4.2653384	0.000601082
4.27756	0.000400721
4.2897816	0.000601082
4.3020032	0.000500902
4.3142248	0.000701262
4.3264464	0.000801443
4.338668	0.001502705
4.3508896	0.000901623
4.3631112	0.000300541
4.3753328	0.000701262
4.3875544	0.000400721
4.399776	0.000300541
4.4119976	0.000601082
4.4242192	0.000801443
4.4364408	0.000500902
4.4486624	0.000500902
4.460884	0.000500902
4.4731056	0.000601082
4.4853272	0.000400721
4.4975488	0.000901623
4.5097704	0.000701262
4.521992	0.000300541
4.5342136	0.000500902
4.5464352	0.000601082
4.5586568	0.000500902
4.5708784	0.000701262
4.5831	0.000300541
4.5953216	0.001101984
4.6075432	0.000601082
4.6197648	0.000500902
4.6319864	0.000701262
4.644208	0.000701262
4.6564296	0.000500902
4.6686512	0.000801443
4.6808728	0.000500902
4.6930944	0.000701262
4.705316	0.000500902
4.7175376	0.000801443
4.7297592	0.000701262
4.7419808	0.000500902
4.7542024	0.000901623
4.766424	0.000801443
4.7786456	0.000500902
4.7908672	0.000601082
4.8030888	0.000901623
4.8153104	0.001202164
4.827532	0.000400721
4.8397536	0.000500902
4.8519752	0.000601082
4.8641968	0.001101984
4.8764184	0.000300541
4.88864	0.000801443
4.9008616	0.000500902
4.9130832	0.000200361
4.9253048	0.000500902
4.9375264	0.000300541
4.949748	0.000601082
4.9619696	0.000701262
4.9741912	0.000200361
4.9864128	0.000601082
4.9986344	0.000300541
5.010856	0.001001803
5.0230776	0.000601082
5.0352992	0.000400721
5.0475208	0.000500902
5.0597424	0.000601082
5.071964	0.001101984
5.0841856	0.000601082
5.0964072	0.001302344
5.1086288	0.001001803
5.1208504	0.000901623
5.133072	0.000601082
5.1452936	0.000901623
5.1575152	0.001101984
5.1697368	0.000500902
5.1819584	0.000300541
5.19418	0.000601082
5.2064016	0.001202164
5.2186232	0.000601082
5.2308448	0.000500902
5.2430664	0.001101984
5.255288	0.000601082
5.2675096	0.000801443
5.2797312	0.000901623
5.2919528	0.000400721
5.3041744	0.000500902
5.316396	0.000701262
5.3286176	0.000701262
5.3408392	0.000801443
5.3530608	0.00010018
5.3652824	0.000500902
5.377504	0.001101984
5.3897256	0.00010018
5.4019472	0.000400721
5.4141688	0.000500902
5.4263904	0.000400721
5.438612	0.000701262
5.4508336	0.000901623
5.4630552	0.000801443
5.4752768	0.000701262
5.4874984	0.000400721
5.49972	0.000801443
5.5119416	0.000901623
5.5241632	0.000601082
5.5363848	0.000500902
5.5486064	0.000901623
5.560828	0.000801443
5.5730496	0.000400721
5.5852712	0.000601082
5.5974928	0.000901623
5.6097144	0.000801443
5.621936	0.000901623
5.6341576	0.000400721
5.6463792	0.00010018
5.6586008	0.000400721
5.6708224	0.000901623
5.683044	0.000901623
5.6952656	0.000901623
5.7074872	0.000601082
5.7197088	0.001001803
5.7319304	0.001101984
5.744152	0.000400721
5.7563736	0.000601082
5.7685952	0.000701262
5.7808168	0.001001803
5.7930384	0.000500902
5.80526	0.001402525
5.8174816	0.000300541
5.8297032	0.001101984
5.8419248	0.00010018
5.8541464	0.000500902
5.866368	0.000801443
5.8785896	0.000500902
5.8908112	0.000500902
5.9030328	0.000500902
5.9152544	0.000500902
5.927476	0.000300541
5.9396976	0.000801443
5.9519192	0.000300541
5.9641408	0.000701262
5.9763624	0.000400721
5.988584	0.000701262
6.0008056	0.001001803
6.0130272	0.001001803
6.0252488	0.000200361
6.0374704	0.000701262
6.049692	0.000601082
6.0619136	0.000601082
6.0741352	0.000601082
6.0863568	0.000400721
6.0985784	0.000500902
6.1108	0.000601082
6.1230216	0.000601082
6.1352432	0.000901623
6.1474648	0.000801443
6.1596864	0.001101984
6.171908	0.001202164
6.1841296	0.000400721
6.1963512	0.000801443
6.2085728	0.001001803
6.2207944	0.000801443
6.233016	0.001001803
6.2452376	0.001001803
6.2574592	0.000801443
6.2696808	0.000500902
6.2819024	0.000901623
6.294124	0.000500902
6.3063456	0.000601082
6.3185672	0.000500902
6.3307888	0.000701262
6.3430104	0.001202164
6.355232	0.000601082
6.3674536	0.000500902
6.3796752	0.000801443
6.3918968	0.001001803
6.4041184	0.000400721
6.41634	0.000400721
6.4285616	0.000901623
6.4407832	0.000801443
6.4530048	0.000801443
6.4652264	0.000701262
6.477448	0.000701262
6.4896696	0.000901623
6.5018912	0.000801443
6.5141128	0.000701262
6.5263344	0.000500902
6.538556	0.000500902
6.5507776	0.001001803
6.5629992	0.000400721
6.5752208	0.001001803
6.5874424	0.000400721
6.599664	0.000300541
6.6118856	0.000300541
6.6241072	0.000601082
6.6363288	0.000701262
6.6485504	0.001001803
6.660772	0.000300541
6.6729936	0.000901623
6.6852152	0.000300541
6.6974368	0.000801443
6.7096584	0.000901623
6.72188	0.000400721
6.7341016	0.000601082
6.7463232	0.000601082
6.7585448	0.000901623
6.7707664	0.001101984
6.782988	0.000701262
6.7952096	0.000400721
6.8074312	0.000500902
6.8196528	0.000601082
6.8318744	0.000400721
6.844096	0.000601082
6.8563176	0.000801443
6.8685392	0.000701262
6.8807608	0.001202164
6.8929824	0.000601082
6.905204	0.000801443
6.9174256	0.00010018
6.9296472	0.000400721
6.9418688	0.000400721
6.9540904	0.000701262
6.966312	0.001101984
6.9785336	0.000701262
6.9907552	0.000801443
7.0029768	0.000701262
7.0151984	0.001502705
7.02742	0.001202164
7.0396416	0.001001803
7.0518632	0.000400721
7.0640848	0.001101984
7.0763064	0.001302344
7.088528	0.000601082
7.1007496	0.000801443
7.1129712	0.000901623
7.1251928	0.000801443
7.1374144	0.000500902
7.149636	0.001202164
7.1618576	0.000300541
7.1740792	0.000400721
7.1863008	0.000701262
7.1985224	0.000601082
7.210744	0.001101984
7.2229656	0.000701262
7.2351872	0.000500902
7.2474088	0.001101984
7.2596304	0.001001803
7.271852	0.000601082
7.2840736	0.001001803
7.2962952	0.000601082
7.3085168	0.000701262
7.3207384	0.000601082
7.33296	0.001202164
7.3451816	0.000500902
7.3574032	0.000901623
7.3696248	0.000601082
7.3818464	0.000400721
7.394068	0.00010018
7.4062896	0.000400721
7.4185112	0.000701262
7.4307328	0.000601082
7.4429544	0.000500902
7.455176	0.000500902
7.4673976	0.000901623
7.4796192	0.000701262
7.4918408	0.001001803
7.5040624	0.00010018
7.516284	0.000701262
7.5285056	0.000500902
7.5407272	0.000500902
7.5529488	0.000400721
7.5651704	0.000500902
7.577392	0.000901623
7.5896136	0.000801443
7.6018352	0.000801443
7.6140568	0.000901623
7.6262784	0.000300541
7.6385	0.000901623
7.6507216	0.000500902
7.6629432	0.000300541
7.6751648	0.000601082
7.6873864	0.000500902
7.699608	0.000500902
7.7118296	0.000801443
7.7240512	0.000500902
7.7362728	0.001402525
7.7484944	0.000500902
7.760716	0.000801443
7.7729376	0.000601082
7.7851592	0.000400721
7.7973808	0.000500902
7.8096024	0.000500902
7.821824	0.000701262
7.8340456	0.000500902
7.8462672	0.000701262
7.8584888	0.001001803
7.8707104	0.000601082
7.882932	0.000400721
7.8951536	0.000801443
7.9073752	0.000701262
7.9195968	0.000701262
7.9318184	0.000300541
7.94404	0.000601082
7.9562616	0.000701262
7.9684832	0.001001803
7.9807048	0.000300541
7.9929264	0.000400721
8.005148	0.000801443
8.0173696	0.000601082
8.0295912	0.000500902
8.0418128	0.000300541
8.0540344	0.000701262
8.066256	0.000500902
8.0784776	0.000901623
8.0906992	0.000500902
8.1029208	0.000601082
8.1151424	0.000601082
8.127364	0.00010018
8.1395856	0.000901623
8.1518072	0.000400721
8.1640288	0.000901623
8.1762504	0.000601082
8.188472	0.000601082
8.2006936	0.001001803
8.2129152	0.000801443
8.2251368	0.000300541
8.2373584	0.000601082
8.24958	0.000701262
8.2618016	0.000500902
8.2740232	0.000801443
8.2862448	0.000300541
8.2984664	0.000400721
8.310688	0.000701262
8.3229096	0.000801443
8.3351312	0.000701262
8.3473528	0.001202164
8.3595744	0.000400721
8.371796	0.001101984
8.3840176	0.000901623
8.3962392	0.000901623
8.4084608	0.000601082
8.4206824	0.000701262
8.432904	0.001101984
8.4451256	0.001101984
8.4573472	0.000701262
8.4695688	0.000701262
8.4817904	0.000500902
8.494012	0.001202164
8.5062336	0.000500902
8.5184552	0.000701262
8.5306768	0.001302344
8.5428984	0.000901623
8.55512	0.000801443
8.5673416	0.001001803
8.5795632	0.000200361
8.5917848	0.000400721
8.6040064	0.001001803
8.616228	0.000901623
8.6284496	0.001202164
8.6406712	0.000701262
8.6528928	0.001001803
8.6651144	0.001202164
8.677336	0.000701262
8.6895576	0.000601082
8.7017792	0.000500902
8.7140008	0.000200361
8.7262224	0.00010018
8.738444	0.000400721
8.7506656	0.000801443
8.7628872	0.001101984
8.7751088	0.000601082
8.7873304	0.000300541
8.799552	0.000801443
8.8117736	0.001202164
8.8239952	0.000901623
8.8362168	0.000801443
8.8484384	0.000801443
8.86066	0.000500902
8.8728816	0.001001803
8.8851032	0.000601082
8.8973248	0.001001803
8.9095464	0.000701262
8.921768	0.000701262
8.9339896	0.000400721
8.9462112	0.000701262
8.9584328	0.000400721
8.9706544	0.001202164
8.982876	0.000500902
8.9950976	0.000500902
9.0073192	0.000500902
9.0195408	0.000801443
9.0317624	0.000601082
9.043984	0.000801443
9.0562056	0.000901623
9.0684272	0.001903426
9.0806488	0.00631136
9.0928704	0.017030655
9.105092	0.041374474
9.1173136	0.085553997
9.1295352	0.146764176
9.1417568	0.251152074
9.1539784	0.370767381
9.1662	0.497295131
9.1784216	0.609797636
9.1906432	0.712081747
9.2028648	0.778701663
9.2150864	0.843117612
9.227308	0.874273693
9.2395296	0.896413544
9.2517512	0.935784412
9.2639728	0.935684232
9.2761944	0.943999199
9.288416	0.977960329
9.3006376	0.961530755
9.3128592	0.970647165
9.3250808	1
9.3373024	0.976958525
9.349524	0.96613905
9.3617456	0.967140854
9.3739672	0.973051493
9.3861888	0.97545582
9.3984104	0.95992787
9.410632	0.970546985
9.4228536	0.969545181
9.4350752	0.958725706
9.4472968	0.962332198
9.4595184	0.946804248
9.47174	0.959627329
9.4839616	0.968944099
9.4961832	0.946603887
9.5084048	0.962432378
9.5206264	0.938589461
9.532848	0.945301543
9.5450696	0.951713084
9.5572912	0.944800641
9.5695128	0.950210379
9.5817344	0.952113805
9.593956	0.939591264
9.6061776	0.954518133
9.6183992	0.954718493
9.6306208	0.949308756
9.6428424	0.937186936
9.655064	0.951612903
9.6672856	0.931677019
9.6795072	0.940092166
9.6917288	0.940993789
9.7039504	0.947806051
9.716172	0.921959527
9.7283936	0.934381887
9.7406152	0.933880986
9.7528368	0.908435183
9.7650584	0.898817872
9.77728	0.9134442
9.7895016	0.903927069
9.8017232	0.898717692
9.8139448	0.879082348
9.8261664	0.90132238
9.838388	0.872770988
9.8506096	0.871168103
9.8628312	0.890803446
9.8750528	0.898918052
9.8872744	0.866459627
9.899496	0.859847726
9.9117176	0.871368463
9.9239392	0.863654578
9.9361608	0.850931677
9.9483824	0.857643759
9.960604	0.843618513
9.9728256	0.844520136
9.9850472	0.849228612
9.9972688	0.841915448
10.0094904	0.843317972
10.021712	0.832999399
10.0339336	0.832598678
10.0461552	0.819975957
10.0583768	0.835904628
10.0705984	0.81496694
10.08282	0.815768383
10.0950416	0.807152875
10.1072632	0.815167301
10.1194848	0.813764777
10.1317064	0.798437187
10.143928	0.79643358
10.1561496	0.8146664
10.1683712	0.786115007
10.1805928	0.782708876
10.1928144	0.778000401
10.205036	0.769384893
10.2172576	0.782909237
10.2294792	0.771989581
10.2417008	0.764576237
10.2539224	0.772089762
10.266144	0.760368664
10.2783656	0.765177319
10.2905872	0.753756762
10.3028088	0.739030254
10.3150304	0.748246844
10.327252	0.73762773
10.3394736	0.757563615
10.3516952	0.740532959
10.3639168	0.731116009
10.3761384	0.733019435
10.38836	0.721799239
10.4005816	0.743037467
10.4128032	0.717391304
10.4250248	0.722700862
10.4372464	0.726207173
10.449468	0.714285714
10.4616896	0.71909437
10.4739112	0.710478862
10.4861328	0.726407534
10.4983544	0.709677419
10.510576	0.696553797
10.5227976	0.702063715
10.5350192	0.690843518
10.5472408	0.677118814
10.5594624	0.695551994
10.571684	0.667902224
10.5839056	0.680424765
10.5961272	0.698958125
10.6083488	0.662692847
10.6205704	0.667200962
10.632792	0.675415748
10.6450136	0.665197355
10.6572352	0.647866159
10.6694568	0.654878782
10.6816784	0.669204568
10.6939	0.663193749
10.7061216	0.662392306
10.7183432	0.647565618
10.7305648	0.643358044
10.7427864	0.636044881
10.755008	0.646563815
10.7672296	0.640252454
10.7794512	0.616409537
10.7916728	0.626026848
10.8038944	0.617912242
10.816116	0.638449209
10.8283376	0.62332198
10.8405592	0.622219996
10.8527808	0.597275095
10.8650024	0.612201964
10.877224	0.618312963
10.8894456	0.603886997
10.9016672	0.605890603
10.9138888	0.592065718
10.9261104	0.608194751
10.938332	0.590262472
10.9505536	0.581546784
10.9627752	0.594770587
10.9749968	0.578641555
10.9872184	0.578942096
10.99944	0.590262472
11.0116616	0.58024444
11.0238832	0.582047686
11.0361048	0.573031457
11.0483264	0.566619916
11.060548	0.579843719
11.0727696	0.572029653
11.0849912	0.577639752
11.0972128	0.554397916
11.1094344	0.553696654
11.121656	0.552895211
11.1338776	0.551292326
11.1460992	0.550390703
11.1583208	0.542977359
11.1705424	0.557804047
11.182764	0.536565818
11.1949856	0.554898818
11.2072072	0.547886195
11.2194288	0.547886195
11.2316504	0.530354638
11.243872	0.544079343
11.2560936	0.531156081
11.2683152	0.532859146
11.2805368	0.526748147
11.2927584	0.533059507
11.30498	0.529753556
11.3172016	0.52153877
11.3294232	0.508515328
11.3416448	0.517331196
11.3538664	0.51532759
11.366088	0.514225606
11.3783096	0.509817672
11.3905312	0.512823082
11.4027528	0.502805049
11.4149744	0.505610098
11.427196	0.503305951
11.4394176	0.50300541
11.4516392	0.498296934
11.4638608	0.49689441
11.4760824	0.494490082
11.488304	0.487978361
11.5005256	0.490382689
11.5127472	0.487778
11.5249688	0.479062312
11.5371904	0.48146664
11.549412	0.471548788
11.5616336	0.475656181
11.5738552	0.474353837
11.5860768	0.480264476
11.5982984	0.462332198
11.61052	0.47225005
11.6227416	0.46914446
11.6349632	0.470346624
11.6471848	0.469845722
11.6594064	0.464736526
11.671628	0.449208575
11.6838496	0.453015428
11.6960712	0.44740533
11.7082928	0.460528952
11.7205144	0.473251853
11.732736	0.457523542
11.7449576	0.442095772
11.7571792	0.451813264
11.7694008	0.445602084
11.7816224	0.429973953
11.793844	0.450110198
11.8060656	0.442797035
11.8182872	0.427469445
11.8305088	0.426267281
11.8427304	0.431877379
11.854952	0.428070527
11.8671736	0.425766379
11.8793952	0.431677019
11.8916168	0.41975556
11.9038384	0.424163494
11.91606	0.422059707
11.9282816	0.418152675
11.9405032	0.415748347
11.9527248	0.41364456
11.9649464	0.414646363
11.977168	0.409537167
11.9893896	0.404928872
12.0016112	0.409236626
12.0138328	0.41043879
12.0260544	0.412542577
12.038276	0.404828692
12.0504976	0.407233019
12.0627192	0.407733921
12.0749408	0.40422761
12.0871624	0.390703266
12.099384	0.400520938
12.1116056	0.385994791
12.1238272	0.389501102
12.1360488	0.384892807
12.1482704	0.383790823
12.160492	0.393909036
12.1727136	0.375175316
12.1849352	0.386595873
12.1971568	0.383790823
12.2093784	0.386696053
12.2216	0.374974955
12.2338216	0.388399118
12.2460432	0.375175316
12.2582648	0.364856742
12.2704864	0.378881988
12.282708	0.369565217
12.2949296	0.365658185
12.3071512	0.365558004
12.3193728	0.36104989
12.3315944	0.370867562
12.343816	0.353836906
12.3560376	0.36104989
12.3682592	0.357743939
12.3804808	0.354337808
12.3927024	0.366559808
12.404924	0.357443398
12.4171456	0.351232218
12.4293672	0.34862753
12.4415888	0.355439792
12.4538104	0.361951513
12.466032	0.344119415
12.4782536	0.354738529
12.4904752	0.341715087
12.5026968	0.344720497
12.5149184	0.342416349
12.52714	0.350931677
12.5393616	0.352033661
12.5515832	0.337707874
12.5638048	0.334902825
12.5760264	0.322781006
12.588248	0.331496694
12.6004696	0.328691645
12.6126912	0.333901022
12.6249128	0.327589661
12.6371344	0.335503907
12.649356	0.31777199
12.6615776	0.334301743
12.6737992	0.335503907
12.6860208	0.325385694
12.6982424	0.326888399
12.710464	0.312161891
12.7226856	0.305950711
12.7349072	0.309457023
12.7471288	0.30875576
12.7593504	0.320276498
12.771572	0.321378481
12.7837936	0.304047285
12.7960152	0.309557203
12.8082368	0.308154678
12.8204584	0.319975957
12.83268	0.315067121
12.8449016	0.306752154
12.8571232	0.303145662
12.8693448	0.299739531
12.8815664	0.301743138
12.893788	0.295431777
12.9060096	0.30254458
12.9182312	0.300941695
12.9304528	0.304147465
12.9426744	0.293929072
12.954896	0.289120417
12.9671176	0.287617712
12.9793392	0.28090563
12.9915608	0.284411941
13.0037824	0.288819876
13.016004	0.270887598
13.0282256	0.291324384
13.0404472	0.284512122
13.0526688	0.27769986
13.0648904	0.278300942
13.077112	0.281306351
13.0893336	0.287818073
13.1015552	0.275495893
13.1137768	0.282708876
13.1259984	0.283410138
13.13822	0.283009417
13.1504416	0.27168904
13.1626632	0.276998597
13.1748848	0.277499499
13.1871064	0.27148868
13.199328	0.264576237
13.2115496	0.267882188
13.2237712	0.263073532
13.2359928	0.264175516
13.2482144	0.263374073
13.260436	0.26557804
13.2726576	0.260368664
13.2848792	0.261971549
13.2971008	0.264576237
13.3093224	0.254257664
13.321544	0.2530555
13.3337656	0.249048287
13.3459872	0.244139451
13.3582088	0.263674614
13.3704304	0.256762172
13.382652	0.255459828
13.3948736	0.247144861
13.4070952	0.252053697
13.4193168	0.247245041
13.4315384	0.2408335
13.44376	0.249348828
13.4559816	0.252855139
13.4682032	0.242135845
13.4804248	0.240432779
13.4926464	0.245541976
13.504868	0.239430976
13.5170896	0.242937287
13.5293112	0.235523943
13.5415328	0.23452214
13.5537544	0.230715288
13.565976	0.236726107
13.5781976	0.233319976
13.5904192	0.235423763
13.6026408	0.239631336
13.6148624	0.229312763
13.627084	0.233119615
13.6393056	0.22831096
13.6515272	0.230114206
13.6637488	0.234722501
13.6759704	0.225606091
13.688192	0.232217992
13.7004136	0.223702665
13.7126352	0.220196353
13.7248568	0.214886796
13.7370784	0.214385895
13.7493	0.220196353
13.7615216	0.223201763
13.7737432	0.224003206
13.7859648	0.218793829
13.7981864	0.217992386
13.810408	0.208775796
13.8226296	0.215588059
13.8348512	0.227409337
13.8470728	0.216489681
13.8592944	0.210378682
13.871516	0.208074534
13.8837376	0.206471649
13.8959592	0.213884993
13.9081808	0.209677419
13.9204024	0.209677419
13.932624	0.206972551
13.9448456	0.208174714
13.9570672	0.206972551
13.9692888	0.200861551
13.9815104	0.214786616
13.993732	0.199058305
14.0059536	0.207874174
14.0181752	0.204267682
14.0303968	0.196052895
14.0426184	0.198357043
14.05484	0.200961731
14.0670616	0.205069124
14.0792832	0.193848928
14.0915048	0.20066119
14.1037264	0.198657584
14.115948	0.189240633
14.1281696	0.196653977
14.1403912	0.19124424
14.1526128	0.191043879
14.1648344	0.196653977
14.177056	0.1914446
14.1892776	0.187237027
14.2014992	0.186535764
14.2137208	0.187737928
14.2259424	0.189340813
14.238164	0.187838109
14.2503856	0.188539371
14.2626072	0.187537568
14.2748288	0.186635945
14.2870504	0.194049289
14.299272	0.179623322
14.3114936	0.184131437
14.3237152	0.179923863
14.3359368	0.181727109
14.3481584	0.176517732
14.36038	0.17912242
14.3726016	0.183229814
14.3848232	0.179422961
14.3970448	0.172310158
14.4092664	0.181827289
14.421488	0.173812863
14.4337096	0.180625125
14.4459312	0.178020437
14.4581528	0.178020437
14.4703744	0.168603486
14.482596	0.168703667
14.4948176	0.173011421
14.5070392	0.170607093
14.5192608	0.172009617
14.5314824	0.168202765
14.543704	0.173612503
14.5559256	0.168002404
14.5681472	0.163995191
14.5803688	0.163995191
14.5925904	0.159687437
14.604812	0.167301142
14.6170336	0.157984372
14.6292552	0.157683831
14.6414768	0.174814666
14.6536984	0.168002404
14.66592	0.159687437
14.6781416	0.1603887
14.6903632	0.157683831
14.7025848	0.161089962
14.7148064	0.161590864
14.727028	0.164395913
14.7392496	0.1542777
14.7514712	0.159386896
14.7636928	0.161891405
14.7759144	0.155580044
14.788136	0.149969946
14.8003576	0.156181126
14.8125792	0.149168503
14.8248008	0.153275897
14.8370224	0.146864356
14.849244	0.152274093
14.8614656	0.151071929
14.8736872	0.150070126
14.8859088	0.146263274
14.8981304	0.15137247
14.910352	0.155680224
14.9225736	0.144059307
14.9347952	0.145762372
14.9470168	0.146563815
14.9592384	0.146363454
14.97146	0.14506111
14.9836816	0.14506111
14.9959032	0.146463635
15.0081248	0.148367061
15.0203464	0.144560208
15.032568	0.131837307
15.0447896	0.144460028
15.0570112	0.137347225
15.0692328	0.140753356
15.0814544	0.137046684
15.093676	0.137547586
15.1058976	0.13584452
15.1181192	0.142456422
15.1303408	0.143858946
15.1425624	0.134942897
15.154784	0.138449209
15.1670056	0.131336406
15.1792272	0.13574434
15.1914488	0.137948307
15.2036704	0.132939291
15.215892	0.134241635
15.2281136	0.13574434
15.2403352	0.138349028
15.2525568	0.134141455
15.2647784	0.141254258
15.277	0.133941094
15.2892216	0.131136045
15.3014432	0.129232619
15.3136648	0.132037668
15.3258864	0.134742537
15.338108	0.127329193
15.3503296	0.127930274
15.3625512	0.128431176
15.3747728	0.125525947
15.3869944	0.127529553
15.399216	0.127329193
15.4114376	0.128531356
15.4236592	0.125826488
15.4358808	0.129332799
15.4481024	0.130134242
15.460324	0.124423963
15.4725456	0.125926668
15.4847672	0.11721098
15.4969888	0.119214586
15.5092104	0.12021639
15.521432	0.121218193
15.5336536	0.123021439
15.5458752	0.114405931
15.5580968	0.11741134
15.5703184	0.121318373
15.58254	0.122921258
15.5947616	0.122921258
15.6069832	0.117711881
15.6192048	0.119915849
15.6314264	0.11430575
15.643648	0.118513324
15.6558696	0.118413144
15.6680912	0.110498898
15.6803128	0.116309357
15.6925344	0.112903226
15.704756	0.115007013
15.7169776	0.115808455
15.7291992	0.116409537
15.7414208	0.112803045
15.7536424	0.112903226
15.765864	0.117611701
15.7780856	0.110599078
15.7903072	0.110599078
15.8025288	0.113103586
15.8147504	0.109797636
15.826972	0.106591865
15.8391936	0.106591865
15.8514152	0.107192947
15.8636368	0.117812062
15.8758584	0.107192947
15.88808	0.110599078
15.9003016	0.102985374
15.9125232	0.111801242
15.9247448	0.104387898
15.9369664	0.101683029
15.949188	0.107293128
15.9614096	0.105890603
15.9736312	0.1048888
15.9858528	0.108294931
15.9980744	0.105990783
16.010296	0.102183931
16.0225176	0.101282308
16.0347392	0.107293128
16.0469608	0.099679423
16.0591824	0.103987177
16.071404	0.100280505
16.0836256	0.099979964
16.0958472	0.099879784
16.1080688	0.100581046
16.1202904	0.103185734
16.132512	0.098978161
16.1447336	0.097775997
16.1569552	0.099078341
16.1691768	0.096974554
16.1813984	0.097876177
16.19362	0.093468243
16.2058416	0.088759768
16.2180632	0.095972751
16.2302848	0.094670407
16.2425064	0.090162292
16.254728	0.096173112
16.2669496	0.092065718
16.2791712	0.093768784
16.2913928	0.098076538
16.3036144	0.090763374
16.315836	0.099178521
16.3280576	0.090963735
16.3402792	0.094970948
16.3525008	0.093768784
16.3647224	0.094269685
16.376944	0.090062112
16.3891656	0.094470046
16.4013872	0.085253456
16.4136088	0.089260669
16.4258304	0.094670407
16.438052	0.09577239
16.4502736	0.091063915
16.4624952	0.084251653
16.4747168	0.08956121
16.4869384	0.091564817
16.49916	0.086956522
16.5113816	0.089861751
16.5236032	0.087257063
16.5358248	0.083750751
16.5480464	0.088559407
16.560268	0.08645562
16.5724896	0.084251653
16.5847112	0.087958325
16.5969328	0.089961931
16.6091544	0.086155079
16.621376	0.079743538
16.6335976	0.087757964
16.6458192	0.079242637
16.6580408	0.082147866
16.6702624	0.086155079
16.682484	0.083650571
16.6947056	0.081947506
16.7069272	0.080945702
16.7191488	0.080044079
16.7313704	0.080645161
16.743592	0.077539571
16.7558136	0.077439391
16.7680352	0.076036866
16.7802568	0.080444801
16.7924784	0.076838309
16.8047	0.07713885
16.8169216	0.08345021
16.8291432	0.080444801
16.8413648	0.082748948
16.8535864	0.076637948
16.865808	0.076036866
16.8780296	0.072430375
16.8902512	0.08335003
16.9024728	0.076537768
16.9146944	0.076036866
16.926916	0.077639752
16.9391376	0.076938489
16.9513592	0.072230014
16.9635808	0.076838309
16.9758024	0.069324785
16.988024	0.073231817
17.0002456	0.07403326
17.0124672	0.072230014
17.0246888	0.074534161
17.0369104	0.075135243
17.049132	0.070627129
17.0613536	0.073031457
17.0735752	0.07092767
17.0857968	0.072430375
17.0980184	0.072630735
17.11024	0.069825686
17.1224616	0.073331998
17.1346832	0.071328391
17.1469048	0.069124424
17.1591264	0.070326588
17.171348	0.06481667
17.1835696	0.068723703
17.1957912	0.071729112
17.2080128	0.066018834
17.2202344	0.067220998
17.232456	0.067721899
17.2446776	0.068322981
17.2568992	0.067621719
17.2691208	0.064015227
17.2813424	0.066018834
17.293564	0.06802244
17.3057856	0.070126227
17.3180072	0.066018834
17.3302288	0.07102785
17.3424504	0.061410539
17.354672	0.063915047
17.3668936	0.064415949
17.3791152	0.065718293
17.3913368	0.063915047
17.4035584	0.063113604
17.41578	0.063013424
17.4280016	0.059306752
17.4402232	0.06181126
17.4524448	0.062211982
17.4646664	0.060208375
17.476888	0.061109998
17.4891096	0.065317572
17.5013312	0.067421358
17.5135528	0.060008014
17.5257744	0.061510719
17.537996	0.059206572
17.5502176	0.063113604
17.5624392	0.061510719
17.5746608	0.064516129
17.5868824	0.060108195
17.599104	0.057102785
17.6113256	0.063514326
17.6235472	0.05870567
17.6357688	0.059907834
17.6479904	0.059707473
17.660212	0.060609096
17.6724336	0.05860549
17.6846552	0.057102785
17.6968768	0.05860549
17.7090984	0.057603687
17.72132	0.056501703
17.7335416	0.054297736
17.7457632	0.058004408
17.7579848	0.057102785
17.7702064	0.055399719
17.782428	0.060108195
17.7946496	0.05860549
17.8068712	0.061109998
17.8190928	0.056100982
17.8313144	0.057303146
17.843536	0.052093769
17.8557576	0.059006211
17.8679792	0.052895211
17.8802008	0.050591064
17.8924224	0.056702064
17.904644	0.05850531
17.9168656	0.057503506
17.9290872	0.053897015
17.9413088	0.051693047
17.9535304	0.055299539
17.965752	0.056601883
17.9779736	0.04948908
17.9901952	0.048086556
18.0024168	0.049589261
18.0146384	0.050090162
18.02686	0.049088359
18.0390816	0.051693047
18.0513032	0.056000801
18.0635248	0.052795031
18.0757464	0.051693047
18.087968	0.050791425
18.1001896	0.055099179
18.1124112	0.055399719
18.1246328	0.05560008
18.1368544	0.052895211
18.149076	0.044680425
18.1612976	0.052795031
18.1735192	0.049589261
18.1857408	0.046784212
18.1979624	0.045882589
18.210184	0.054097375
18.2224056	0.050190343
18.2346272	0.046483671
18.2468488	0.048687638
18.2590704	0.050190343
18.271292	0.046884392
18.2835136	0.047886195
18.2957352	0.050691244
18.3079568	0.043478261
18.3201784	0.046483671
18.3324	0.049989982
18.3446216	0.047986375
18.3568432	0.044279703
18.3690648	0.050991785
18.3812864	0.046684031
18.393508	0.048387097
18.4057296	0.045281507
18.4179512	0.042676818
18.4301728	0.047184933
18.4423944	0.043578441
18.454616	0.047986375
18.4668376	0.042576638
18.4790592	0.049689441
18.4912808	0.048286916
18.5035024	0.042676818
18.515724	0.043878982
18.5279456	0.044179523
18.5401672	0.042676818
18.5523888	0.044079343
18.5646104	0.045281507
18.576832	0.046082949
18.5890536	0.047485474
18.6012752	0.043878982
18.6134968	0.045081146
18.6257184	0.042676818
18.63794	0.042776999
18.6501616	0.047385294
18.6623832	0.040873572
18.6746048	0.044179523
18.6868264	0.037667802
18.699048	0.041775195
18.7112696	0.039070327
18.7234912	0.04317772
18.7357128	0.040973753
18.7479344	0.041574835
18.760156	0.041374474
18.7723776	0.039170507
18.7845992	0.038869966
18.7968208	0.04017231
18.8090424	0.04027249
18.821264	0.042276097
18.8334856	0.037868163
18.8457072	0.041975556
18.8579288	0.040773392
18.8701504	0.042075736
18.882372	0.039571228
18.8945936	0.041073933
18.9068152	0.039571228
18.9190368	0.039871769
18.9312584	0.037267081
18.94348	0.039871769
18.9557016	0.037767982
18.9679232	0.038769786
18.9801448	0.041775195
18.9923664	0.037467441
19.004588	0.041174113
19.0168096	0.039370868
19.0290312	0.037467441
19.0412528	0.042376277
19.0534744	0.038268884
19.065696	0.04007213
19.0779176	0.034161491
19.0901392	0.036064917
19.1023608	0.036465638
19.1145824	0.034562212
19.126804	0.035463835
19.1390256	0.036565818
19.1512472	0.035463835
19.1634688	0.034361851
19.1756904	0.040673212
19.187912	0.036565818
19.2001336	0.034261671
19.2123552	0.03396113
19.2245768	0.036766179
19.2367984	0.034962933
19.24902	0.037968343
19.2612416	0.033760769
19.2734632	0.038669605
19.2856848	0.036665999
19.2979064	0.032157884
19.310128	0.0371669
19.3223496	0.036565818
19.3345712	0.033360048
19.3467928	0.035664196
19.3590144	0.035463835
19.371236	0.035564015
19.3834576	0.03406131
19.3956792	0.034261671
19.4079008	0.035063114
19.4201224	0.035263474
19.432344	0.034562212
19.4445656	0.033660589
19.4567872	0.033560409
19.4690088	0.035163294
19.4812304	0.036465638
19.493452	0.03406131
19.5056736	0.034161491
19.5178952	0.033259868
19.5301168	0.034361851
19.5423384	0.031055901
19.55456	0.032458425
19.5667816	0.035063114
19.5790032	0.03085554
19.5912248	0.029152474
19.6034464	0.032057704
19.615668	0.029953917
19.6278896	0.031256261
19.6401112	0.031456622
19.6523328	0.033259868
19.6645544	0.031256261
19.676776	0.029553196
19.6889976	0.030655179
19.7012192	0.03085554
19.7134408	0.030354638
19.7256624	0.030254458
19.737884	0.02774995
19.7501056	0.028952114
19.7623272	0.030254458
19.7745488	0.029653376
19.7867704	0.032258065
19.798992	0.031656983
19.8112136	0.027349229
19.8234352	0.030354638
19.8356568	0.030254458
19.8478784	0.029653376
19.8601	0.031156081
19.8723216	0.032558605
19.8845432	0.030655179
19.8967648	0.030254458
19.9089864	0.027449409
19.921208	0.031456622
19.9334296	0.031256261
19.9456512	0.029052294
19.9578728	0.028751753
19.9700944	0.027148868
19.982316	0.029352835
19.9945376	0.027148868
20.0067592	0.026647966
20.0189808	0.028451212
20.0312024	0.029052294
20.043424	0.030054097
20.0556456	0.025746343
20.0678672	0.027249048
20.0800888	0.02774995
20.0923104	0.02785013
20.104532	0.03095572
20.1167536	0.026046884
20.1289752	0.026948507
20.1411968	0.025445802
20.1534184	0.025946704
20.16564	0.027950311
20.1778616	0.024443999
20.1900832	0.026748147
20.2023048	0.025045081
20.2145264	0.025946704
20.226748	0.028751753
20.2389696	0.02774995
20.2511912	0.02484472
20.2634128	0.02484472
20.2756344	0.026547786
20.287856	0.027249048
20.3000776	0.025846524
20.3122992	0.025045081
20.3245208	0.025445802
20.3367424	0.025746343
20.348964	0.025245442
20.3611856	0.022440393
20.3734072	0.02163895
20.3856288	0.023241835
20.3978504	0.026147065
20.410072	0.02464436
20.4222936	0.025145261
20.4345152	0.026848327
20.4467368	0.02785013
20.4589584	0.023342016
20.47118	0.026046884
20.4834016	0.02454418
20.4956232	0.025245442
20.5078448	0.022841114
20.5200664	0.023742737
20.532288	0.022139852
20.5445096	0.023842917
20.5567312	0.025045081
20.5689528	0.024443999
20.5811744	0.025245442
20.593396	0.023742737
20.6056176	0.021839311
20.6178392	0.022340212
20.6300608	0.023041475
20.6422824	0.021939491
20.654504	0.024043278
20.6667256	0.022540573
20.6789472	0.022841114
20.6911688	0.021839311
20.7033904	0.02464436
20.715612	0.020937688
20.7278336	0.018733721
20.7400552	0.02173913
20.7522768	0.025145261
20.7644984	0.022340212
20.77672	0.019535163
20.7889416	0.021138048
20.8011632	0.024143458
20.8133848	0.021939491
20.8256064	0.022139852
20.837828	0.022240032
20.8500496	0.022740934
20.8622712	0.020336606
20.8744928	0.022841114
20.8867144	0.019034262
20.898936	0.019234622
20.9111576	0.018032458
20.9233792	0.019835704
20.9356008	0.020336606
20.9478224	0.02153877
20.960044	0.02163895
20.9722656	0.021438589
20.9844872	0.018934081
20.9967088	0.022340212
21.0089304	0.019535163
21.021152	0.022039671
21.0333736	0.018332999
21.0455952	0.018232819
21.0578168	0.017731917
21.0700384	0.020236426
21.08226	0.017531557
21.0944816	0.019334803
21.1067032	0.021037868
21.1189248	0.018132639
21.1311464	0.01863354
21.143368	0.018032458
21.1555896	0.020236426
21.1678112	0.019535163
21.1800328	0.020536967
21.1922544	0.023041475
21.204476	0.019635344
21.2166976	0.01843318
21.2289192	0.017832098
21.2411408	0.021338409
21.2533624	0.019735524
21.265584	0.019034262
21.2778056	0.020336606
21.2900272	0.020436786
21.3022488	0.016730114
21.3144704	0.019935885
21.326692	0.01863354
21.3389136	0.019334803
21.3511352	0.020036065
21.3633568	0.01863354
21.3755784	0.017130836
21.3878	0.01853336
21.4000216	0.019234622
21.4122432	0.016329393
21.4244648	0.016730114
21.4366864	0.016629934
21.448908	0.018232819
21.4611296	0.016129032
21.4733512	0.017030655
21.4855728	0.018934081
21.4977944	0.018733721
21.510016	0.017932278
21.5222376	0.018132639
21.5344592	0.018934081
21.5466808	0.018232819
21.5589024	0.01532759
21.571124	0.016229213
21.5833456	0.014526147
21.5955672	0.017932278
21.6077888	0.01552795
21.6200104	0.018934081
21.632232	0.01863354
21.6444536	0.017631737
21.6566752	0.017431376
21.6688968	0.016329393
21.6811184	0.016529754
21.69334	0.016529754
21.7055616	0.01863354
21.7177832	0.01532759
21.7300048	0.01843318
21.7422264	0.015828491
21.754448	0.016028852
21.7666696	0.016629934
21.7788912	0.016930475
21.7911128	0.014726508
21.8033344	0.017331196
21.815556	0.012823082
21.8277776	0.016529754
21.8399992	0.016830295
21.8522208	0.013624524
21.8644424	0.01552795
21.876664	0.01552795
21.8888856	0.012722901
21.9011072	0.016229213
21.9133288	0.015828491
21.9255504	0.01542777
21.937772	0.01532759
21.9499936	0.016529754
21.9622152	0.01532759
21.9744368	0.013023442
21.9866584	0.013724704
21.99888	0.016129032
22.0111016	0.013724704
22.0233232	0.014325786
22.0355448	0.015027049
22.0477664	0.017932278
22.059988	0.016028852
22.0722096	0.014125426
22.0844312	0.014125426
22.0966528	0.01532759
22.1088744	0.015027049
22.121096	0.014926868
22.1333176	0.013023442
22.1455392	0.01542777
22.1577608	0.01552795
22.1699824	0.015828491
22.182204	0.015628131
22.1944256	0.012923262
22.2066472	0.013323983
22.2188688	0.013724704
22.2310904	0.013424163
22.243312	0.014926868
22.2555336	0.012923262
22.2677552	0.013323983
22.2799768	0.012121819
22.2921984	0.013424163
22.30442	0.014626327
22.3166416	0.013323983
22.3288632	0.012722901
22.3410848	0.012522541
22.3533064	0.013724704
22.365528	0.012823082
22.3777496	0.012121819
22.3899712	0.010418754
22.4021928	0.013323983
22.4144144	0.011620918
22.426636	0.014826688
22.4388576	0.013323983
22.4510792	0.011921459
22.4633008	0.013023442
22.4755224	0.011821278
22.487744	0.012021639
22.4999656	0.013524344
22.5121872	0.013424163
22.5244088	0.01232218
22.5366304	0.012722901
22.548852	0.01242236
22.5610736	0.012823082
22.5732952	0.011420557
22.5855168	0.013223803
22.5977384	0.012722901
22.60996	0.011320377
22.6221816	0.012021639
22.6344032	0.012923262
22.6466248	0.011320377
22.6588464	0.011120016
22.671068	0.014926868
22.6832896	0.012222
22.6955112	0.011320377
22.7077328	0.012923262
22.7199544	0.01242236
22.732176	0.013624524
22.7443976	0.014425967
22.7566192	0.011620918
22.7688408	0.013123623
22.7810624	0.011320377
22.793284	0.012923262
22.8055056	0.011921459
22.8177272	0.014325786
22.8299488	0.013223803
22.8421704	0.011420557
22.854392	0.012622721
22.8666136	0.011019836
22.8788352	0.009917852
22.8910568	0.010218393
22.9032784	0.012021639
22.9155	0.011220196
22.9277216	0.011921459
22.9399432	0.011019836
22.9521648	0.011721098
22.9643864	0.011721098
22.976608	0.011220196
22.9888296	0.010318573
23.0010512	0.011420557
23.0132728	0.012622721
23.0254944	0.010819475
23.037716	0.012522541
23.0499376	0.009517131
23.0621592	0.010418754
23.0743808	0.009416951
23.0866024	0.013123623
23.098824	0.01232218
23.1110456	0.012021639
23.1232672	0.011921459
23.1354888	0.010619114
23.1477104	0.010819475
23.159932	0.010318573
23.1721536	0.009617311
23.1843752	0.010318573
23.1965968	0.012722901
23.2088184	0.010418754
23.22104	0.011520737
23.2332616	0.011320377
23.2454832	0.012622721
23.2577048	0.010118213
23.2699264	0.009416951
23.282148	0.010418754
23.2943696	0.011019836
23.3065912	0.008615508
23.3188128	0.009517131
23.3310344	0.009617311
23.343256	0.011220196
23.3554776	0.009617311
23.3676992	0.008515328
23.3799208	0.009817672
23.3921424	0.010418754
23.404364	0.010819475
23.4165856	0.010018032
23.4288072	0.00931677
23.4410288	0.009817672
23.4532504	0.008815869
23.465472	0.00921659
23.4776936	0.00931677
23.4899152	0.009517131
23.5021368	0.008515328
23.5143584	0.010118213
23.52658	0.010218393
23.5388016	0.008114606
23.5510232	0.010719295
23.5632448	0.011320377
23.5754664	0.009917852
23.587688	0.010919655
23.5999096	0.008815869
23.6121312	0.011220196
23.6243528	0.008715688
23.6365744	0.009717491
23.648796	0.009817672
23.6610176	0.009617311
23.6732392	0.007814065
23.6854608	0.008214787
23.6976824	0.008815869
23.709904	0.009817672
23.7221256	0.009817672
23.7343472	0.010018032
23.7465688	0.010018032
23.7587904	0.008114606
23.771012	0.00931677
23.7832336	0.008715688
23.7954552	0.008214787
23.8076768	0.008615508
23.8198984	0.008314967
23.83212	0.007413344
23.8443416	0.008815869
23.8565632	0.007914246
23.8687848	0.008815869
23.8810064	0.008815869
23.893228	0.007814065
23.9054496	0.009416951
23.9176712	0.006712082
23.9298928	0.00911641
23.9421144	0.008114606
23.954336	0.007212983
23.9665576	0.007613705
23.9787792	0.007313164
23.9910008	0.007814065
24.0032224	0.008515328
24.015444	0.007713885
24.0276656	0.007814065
24.0398872	0.009917852
24.0521088	0.006812262
24.0643304	0.006611901
24.076552	0.007513524
24.0887736	0.007713885
24.1009952	0.008014426
24.1132168	0.007313164
24.1254384	0.007413344
24.13766	0.006411541
24.1498816	0.008916049
24.1621032	0.006912442
24.1743248	0.008114606
24.1865464	0.008114606
24.198768	0.007814065
24.2109896	0.008314967
24.2232112	0.009817672
24.2354328	0.008815869
24.2476544	0.007012623
24.259876	0.006912442
24.2720976	0.006912442
24.2843192	0.007012623
24.2965408	0.007713885
24.3087624	0.008515328
24.320984	0.007914246
24.3332056	0.007814065
24.3454272	0.008014426
24.3576488	0.007814065
24.3698704	0.007012623
24.382092	0.008014426
24.3943136	0.007513524
24.4065352	0.00631136
24.4187568	0.008715688
24.4309784	0.007112803
24.4432	0.006411541
24.4554216	0.007713885
24.4676432	0.00621118
24.4798648	0.007012623
24.4920864	0.009617311
24.504308	0.007814065
24.5165296	0.008415147
24.5287512	0.007212983
24.5409728	0.00631136
24.5531944	0.007112803
24.565416	0.005509918
24.5776376	0.006812262
24.5898592	0.008014426
24.6020808	0.008214787
24.6143024	0.008014426
24.626524	0.008515328
24.6387456	0.007112803
24.6509672	0.006511721
24.6631888	0.007413344
24.6754104	0.007814065
24.687632	0.007313164
24.6998536	0.008014426
24.7120752	0.007313164
24.7242968	0.007914246
24.7365184	0.007112803
24.74874	0.007513524
24.7609616	0.006611901
24.7731832	0.006411541
24.7854048	0.006812262
24.7976264	0.007112803
24.809848	0.007012623
24.8220696	0.006912442
24.8342912	0.005710279
24.8465128	0.007112803
24.8587344	0.006511721
24.870956	0.005209377
24.8831776	0.007713885
24.8953992	0.005209377
24.9076208	0.007413344
24.9198424	0.008114606
24.932064	0.007112803
24.9442856	0.006912442
24.9565072	0.006511721
24.9687288	0.006010819
24.9809504	0.004908836
24.993172	0.007212983
25.0053936	0.00621118
25.0176152	0.006511721
25.0298368	0.006912442
25.0420584	0.006611901
25.05428	0.005309557
25.0665016	0.008014426
25.0787232	0.005910639
25.0909448	0.005610098
25.1031664	0.006712082
25.115388	0.005009016
25.1276096	0.00621118
25.1398312	0.006912442
25.1520528	0.007212983
25.1642744	0.007012623
25.176496	0.006712082
25.1887176	0.00621118
25.2009392	0.005710279
25.2131608	0.007713885
25.2253824	0.005409738
25.237604	0.006912442
25.2498256	0.005109197
25.2620472	0.006511721
25.2742688	0.006511721
25.2864904	0.006511721
25.298712	0.006712082
25.3109336	0.006411541
25.3231552	0.005209377
25.3353768	0.004808656
25.3475984	0.00621118
25.35982	0.007212983
25.3720416	0.005610098
25.3842632	0.006111
25.3964848	0.00631136
25.4087064	0.006111
25.420928	0.005810459
25.4331496	0.005810459
25.4453712	0.005610098
25.4575928	0.005610098
25.4698144	0.006511721
25.482036	0.006010819
25.4942576	0.00631136
25.5064792	0.006511721
25.5187008	0.004908836
25.5309224	0.006010819
25.543144	0.007513524
25.5553656	0.006511721
25.5675872	0.004508115
25.5798088	0.005009016
25.5920304	0.005509918
25.604252	0.005309557
25.6164736	0.00621118
25.6286952	0.006611901
25.6409168	0.005209377
25.6531384	0.004608295
25.66536	0.005409738
25.6775816	0.005409738
25.6898032	0.005610098
25.7020248	0.005810459
25.7142464	0.005810459
25.726468	0.005610098
25.7386896	0.006511721
25.7509112	0.005810459
25.7631328	0.005810459
25.7753544	0.005209377
25.787576	0.004407934
25.7997976	0.004007213
25.8120192	0.004407934
25.8242408	0.004207574
25.8364624	0.006010819
25.848684	0.004407934
25.8609056	0.005910639
25.8731272	0.004207574
25.8853488	0.004407934
25.8975704	0.005509918
25.909792	0.005209377
25.9220136	0.004708475
25.9342352	0.004608295
25.9464568	0.004808656
25.9586784	0.005309557
25.9709	0.005409738
25.9831216	0.003606492
25.9953432	0.005009016
26.0075648	0.005209377
26.0197864	0.005309557
26.032008	0.003706672
26.0442296	0.004207574
26.0564512	0.004107393
26.0686728	0.003606492
26.0808944	0.005409738
26.093116	0.005509918
26.1053376	0.005209377
26.1175592	0.005409738
26.1297808	0.004307754
26.1420024	0.004407934
26.154224	0.005209377
26.1664456	0.004808656
26.1786672	0.004207574
26.1908888	0.00310559
26.2031104	0.003706672
26.215332	0.005009016
26.2275536	0.005409738
26.2397752	0.005409738
26.2519968	0.004608295
26.2642184	0.004608295
26.27644	0.004107393
26.2886616	0.004708475
26.3008832	0.005109197
26.3131048	0.004908836
26.3253264	0.004808656
26.337548	0.003907033
26.3497696	0.004508115
26.3619912	0.004007213
26.3742128	0.004908836
26.3864344	0.005309557
26.398656	0.004407934
26.4108776	0.004007213
26.4230992	0.005610098
26.4353208	0.004207574
26.4475424	0.004207574
26.459764	0.006111
26.4719856	0.005509918
26.4842072	0.005910639
26.4964288	0.005009016
26.5086504	0.003406131
26.520872	0.004708475
26.5330936	0.004207574
26.5453152	0.004908836
26.5575368	0.004007213
26.5697584	0.004107393
26.58198	0.004207574
26.5942016	0.004207574
26.6064232	0.003305951
26.6186448	0.003907033
26.6308664	0.003907033
26.643088	0.005409738
26.6553096	0.004708475
26.6675312	0.003606492
26.6797528	0.003406131
26.6919744	0.004808656
26.704196	0.005009016
26.7164176	0.003806852
26.7286392	0.004207574
26.7408608	0.004407934
26.7530824	0.003706672
26.765304	0.00300541
26.7775256	0.004207574
26.7897472	0.00310559
26.8019688	0.004508115
26.8141904	0.004207574
26.826412	0.003907033
26.8386336	0.003406131
26.8508552	0.004007213
26.8630768	0.00310559
26.8752984	0.00320577
26.88752	0.004007213
26.8997416	0.003907033
26.9119632	0.003907033
26.9241848	0.003506311
26.9364064	0.003406131
26.948628	0.004708475
26.9608496	0.00320577
26.9730712	0.003606492
26.9852928	0.00300541
26.9975144	0.003706672
27.009736	0.003305951
27.0219576	0.003606492
27.0341792	0.004608295
27.0464008	0.003305951
27.0586224	0.00310559
27.070844	0.004307754
27.0830656	0.003706672
27.0952872	0.003907033
27.1075088	0.004007213
27.1197304	0.004007213
27.131952	0.004207574
27.1441736	0.003506311
27.1563952	0.003606492
27.1686168	0.004307754
27.1808384	0.003706672
27.19306	0.004407934
27.2052816	0.004207574
27.2175032	0.004007213
27.2297248	0.004608295
27.2419464	0.004207574
27.254168	0.003907033
27.2663896	0.003506311
27.2786112	0.003406131
27.2908328	0.002404328
27.3030544	0.00300541
27.315276	0.00300541
27.3274976	0.004307754
27.3397192	0.003606492
27.3519408	0.004107393
27.3641624	0.003305951
27.376384	0.00320577
27.3886056	0.002304147
27.4008272	0.00310559
27.4130488	0.004708475
27.4252704	0.003606492
27.437492	0.00300541
27.4497136	0.004107393
27.4619352	0.004608295
27.4741568	0.002905229
27.4863784	0.002905229
27.4986	0.004508115
27.5108216	0.00310559
27.5230432	0.001602885
27.5352648	0.002805049
27.5474864	0.002404328
27.559708	0.002805049
27.5719296	0.002504508
27.5841512	0.003305951
27.5963728	0.003606492
27.6085944	0.002704869
27.620816	0.002604688
27.6330376	0.00310559
27.6452592	0.002805049
27.6574808	0.002304147
27.6697024	0.002905229
27.681924	0.002504508
27.6941456	0.002704869
27.7063672	0.003305951
27.7185888	0.004107393
27.7308104	0.002805049
27.743032	0.002504508
27.7552536	0.003907033
27.7674752	0.002805049
27.7796968	0.00320577
27.7919184	0.002704869
27.80414	0.002805049
27.8163616	0.002905229
27.8285832	0.00310559
27.8408048	0.002103787
27.8530264	0.003305951
27.865248	0.003305951
27.8774696	0.003706672
27.8896912	0.001803246
27.9019128	0.003706672
27.9141344	0.003606492
27.926356	0.00300541
27.9385776	0.00310559
27.9507992	0.002805049
27.9630208	0.002304147
27.9752424	0.003305951
27.987464	0.002704869
27.9996856	0.003806852
28.0119072	0.004207574
28.0241288	0.002805049
28.0363504	0.002704869
28.048572	0.003406131
28.0607936	0.002905229
28.0730152	0.003606492
28.0852368	0.003305951
28.0974584	0.004508115
28.10968	0.002203967
28.1219016	0.003305951
28.1341232	0.00300541
28.1463448	0.00320577
28.1585664	0.002604688
28.170788	0.002304147
28.1830096	0.003506311
28.1952312	0.002805049
28.2074528	0.00300541
28.2196744	0.003506311
28.231896	0.003406131
28.2441176	0.002905229
28.2563392	0.002905229
28.2685608	0.002905229
28.2807824	0.003706672
28.293004	0.002604688
28.3052256	0.002704869
28.3174472	0.002103787
28.3296688	0.002404328
28.3418904	0.002003606
28.354112	0.002003606
28.3663336	0.002304147
28.3785552	0.00310559
28.3907768	0.003506311
28.4029984	0.002304147
28.41522	0.002704869
28.4274416	0.004107393
28.4396632	0.002905229
28.4518848	0.002304147
28.4641064	0.002304147
28.476328	0.002905229
28.4885496	0.002103787
28.5007712	0.002905229
28.5129928	0.002805049
28.5252144	0.002404328
28.537436	0.001302344
28.5496576	0.00300541
28.5618792	0.002905229
28.5741008	0.002604688
28.5863224	0.00310559
28.598544	0.00310559
28.6107656	0.001803246
28.6229872	0.00310559
28.6352088	0.002304147
28.6474304	0.002704869
28.659652	0.002404328
28.6718736	0.00310559
28.6840952	0.002604688
28.6963168	0.002604688
28.7085384	0.002704869
28.72076	0.003305951
28.7329816	0.001803246
28.7452032	0.002203967
28.7574248	0.002704869
28.7696464	0.002504508
28.781868	0.002805049
28.7940896	0.002404328
28.8063112	0.002604688
28.8185328	0.002203967
28.8307544	0.002404328
28.842976	0.002103787
28.8551976	0.002905229
28.8674192	0.002704869
28.8796408	0.002203967
28.8918624	0.002905229
28.904084	0.002103787
28.9163056	0.002203967
28.9285272	0.002704869
28.9407488	0.001903426
28.9529704	0.002404328
28.965192	0.002504508
28.9774136	0.002604688
28.9896352	0.002203967
29.0018568	0.001903426
29.0140784	0.002203967
29.0263	0.002304147
29.0385216	0.001903426
29.0507432	0.002203967
29.0629648	0.002604688
29.0751864	0.00300541
29.087408	0.00300541
29.0996296	0.002604688
29.1118512	0.00310559
29.1240728	0.002805049
29.1362944	0.001903426
29.148516	0.002504508
29.1607376	0.001502705
29.1729592	0.002604688
29.1851808	0.002604688
29.1974024	0.002404328
29.209624	0.001903426
29.2218456	0.002905229
29.2340672	0.002805049
29.2462888	0.002404328
29.2585104	0.002905229
29.270732	0.002304147
29.2829536	0.001903426
29.2951752	0.001703066
29.3073968	0.002404328
29.3196184	0.002504508
29.33184	0.001803246
29.3440616	0.002203967
29.3562832	0.00310559
29.3685048	0.002805049
29.3807264	0.001903426
29.392948	0.002103787
29.4051696	0.002003606
29.4173912	0.002604688
29.4296128	0.002704869
29.4418344	0.001903426
29.454056	0.001602885
29.4662776	0.002504508
29.4784992	0.002504508
29.4907208	0.001402525
29.5029424	0.002103787
29.515164	0.002304147
29.5273856	0.001602885
29.5396072	0.001703066
29.5518288	0.002504508
29.5640504	0.001903426
29.576272	0.002504508
29.5884936	0.002905229
29.6007152	0.001803246
29.6129368	0.002604688
29.6251584	0.002003606
29.63738	0.002304147
29.6496016	0.002304147
29.6618232	0.002003606
29.6740448	0.001602885
29.6862664	0.002103787
29.698488	0.002203967
29.7107096	0.001803246
29.7229312	0.001602885
29.7351528	0.001803246
29.7473744	0.002504508
29.759596	0.002304147
29.7718176	0.001803246
29.7840392	0.00320577
29.7962608	0.002103787
29.8084824	0.002103787
29.820704	0.002704869
29.8329256	0.001903426
29.8451472	0.002404328
29.8573688	0.002103787
29.8695904	0.002203967
29.881812	0.003305951
29.8940336	0.002604688
29.9062552	0.002905229
29.9184768	0.002404328
29.9306984	0.001402525
29.94292	0.001903426
29.9551416	0.001602885
29.9673632	0.002003606
29.9795848	0.002404328
29.9918064	0.001803246
30.004028	0.002203967
30.0162496	0.001202164
30.0284712	0.002404328
30.0406928	0.002203967
30.0529144	0.001502705
30.065136	0.001803246
30.0773576	0.001602885
30.0895792	0.001703066
30.1018008	0.001703066
30.1140224	0.001602885
30.126244	0.002304147
30.1384656	0.002203967
30.1506872	0.001602885
30.1629088	0.002003606
30.1751304	0.002203967
30.187352	0.001602885
30.1995736	0.002604688
30.2117952	0.002604688
30.2240168	0.001803246
30.2362384	0.002003606
30.24846	0.002304147
30.2606816	0.001903426
30.2729032	0.002404328
30.2851248	0.002003606
30.2973464	0.001703066
30.309568	0.002504508
30.3217896	0.001903426
30.3340112	0.001302344
30.3462328	0.002304147
30.3584544	0.001402525
30.370676	0.001703066
30.3828976	0.001803246
30.3951192	0.001502705
30.4073408	0.001202164
30.4195624	0.001402525
30.431784	0.001602885
30.4440056	0.001602885
30.4562272	0.002203967
30.4684488	0.002103787
30.4806704	0.002304147
30.492892	0.001903426
30.5051136	0.001202164
30.5173352	0.001703066
30.5295568	0.002304147
30.5417784	0.002203967
30.554	0.001302344
30.5662216	0.002103787
30.5784432	0.002604688
30.5906648	0.002604688
30.6028864	0.001803246
30.615108	0.001602885
30.6273296	0.001502705
30.6395512	0.001502705
30.6517728	0.001703066
30.6639944	0.002504508
30.676216	0.002003606
30.6884376	0.002304147
30.7006592	0.001703066
30.7128808	0.001202164
30.7251024	0.002103787
30.737324	0.001903426
30.7495456	0.001903426
30.7617672	0.002003606
30.7739888	0.002103787
30.7862104	0.001502705
30.798432	0.001402525
30.8106536	0.002003606
30.8228752	0.001502705
30.8350968	0.001302344
30.8473184	0.002003606
30.85954	0.001703066
30.8717616	0.001903426
30.8839832	0.001803246
30.8962048	0.001703066
30.9084264	0.001803246
30.920648	0.001703066
30.9328696	0.002304147
30.9450912	0.002404328
30.9573128	0.001703066
30.9695344	0.001803246
30.981756	0.001302344
30.9939776	0.001502705
31.0061992	0.001703066
31.0184208	0.002103787
31.0306424	0.001202164
31.042864	0.002304147
31.0550856	0.002404328
31.0673072	0.001001803
31.0795288	0.002103787
31.0917504	0.002304147
31.103972	0.001602885
31.1161936	0.002003606
31.1284152	0.002404328
31.1406368	0.001302344
31.1528584	0.002003606
31.16508	0.001402525
31.1773016	0.001101984
31.1895232	0.001602885
31.2017448	0.001703066
31.2139664	0.002103787
31.226188	0.001703066
31.2384096	0.001502705
31.2506312	0.001903426
31.2628528	0.001402525
31.2750744	0.001903426
31.287296	0.002003606
31.2995176	0.001202164
31.3117392	0.001402525
31.3239608	0.001602885
31.3361824	0.001703066
31.348404	0.001803246
31.3606256	0.001101984
31.3728472	0.001903426
31.3850688	0.001001803
31.3972904	0.001001803
31.409512	0.001903426
31.4217336	0.001402525
31.4339552	0.001803246
31.4461768	0.001502705
31.4583984	0.001402525
31.47062	0.001001803
31.4828416	0.001001803
31.4950632	0.001302344
31.5072848	0.001302344
31.5195064	0.001703066
31.531728	0.002304147
31.5439496	0.001703066
31.5561712	0.001302344
31.5683928	0.001302344
31.5806144	0.001001803
31.592836	0.001903426
31.6050576	0.002203967
31.6172792	0.001502705
31.6295008	0.001001803
31.6417224	0.001302344
31.653944	0.001602885
31.6661656	0.001402525
31.6783872	0.001302344
31.6906088	0.001001803
31.7028304	0.002103787
31.715052	0.001302344
31.7272736	0.001101984
31.7394952	0.000801443
31.7517168	0.001202164
31.7639384	0.001703066
31.77616	0.000901623
31.7883816	0.001502705
31.8006032	0.001402525
31.8128248	0.001001803
31.8250464	0.001202164
31.837268	0.001602885
31.8494896	0.001001803
31.8617112	0.000901623
31.8739328	0.001602885
31.8861544	0.001502705
31.898376	0.001202164
31.9105976	0.001803246
31.9228192	0.001602885
31.9350408	0.001903426
31.9472624	0.001502705
31.959484	0.001302344
31.9717056	0.000400721
31.9839272	0.001502705
31.9961488	0.001001803
32.0083704	0.001202164
32.020592	0.001703066
32.0328136	0.002003606
32.0450352	0.000801443
32.0572568	0.001101984
32.0694784	0.001101984
32.0817	0.001302344
32.0939216	0.001001803
32.1061432	0.001402525
32.1183648	0.001302344
32.1305864	0.001602885
32.142808	0.001803246
32.1550296	0.001903426
32.1672512	0.001302344
32.1794728	0.001101984
32.1916944	0.001302344
32.203916	0.001302344
32.2161376	0.001502705
32.2283592	0.001502705
32.2405808	0.001402525
32.2528024	0.001101984
32.265024	0.001302344
32.2772456	0.000901623
32.2894672	0.001803246
32.3016888	0.001903426
32.3139104	0.000701262
32.326132	0.001202164
32.3383536	0.001302344
32.3505752	0.000901623
32.3627968	0.000801443
32.3750184	0.002103787
32.38724	0.001101984
32.3994616	0.001703066
32.4116832	0.001302344
32.4239048	0.001202164
32.4361264	0.001502705
32.448348	0.000901623
32.4605696	0.001101984
32.4727912	0.001402525
32.4850128	0.001001803
32.4972344	0.001302344
32.509456	0.000601082
32.5216776	0.001502705
32.5338992	0.001703066
32.5461208	0.001703066
32.5583424	0.001602885
32.570564	0.001001803
32.5827856	0.001402525
32.5950072	0.001202164
32.6072288	0.001202164
32.6194504	0.001101984
32.631672	0.001602885
32.6438936	0.001001803
32.6561152	0.000601082
32.6683368	0.001502705
32.6805584	0.001502705
32.69278	0.002404328
32.7050016	0.001101984
32.7172232	0.001602885
32.7294448	0.001302344
32.7416664	0.001602885
32.753888	0.001202164
32.7661096	0.002103787
32.7783312	0.001703066
32.7905528	0.001101984
32.8027744	0.001202164
32.814996	0.001001803
32.8272176	0.001202164
32.8394392	0.001001803
32.8516608	0.000701262
32.8638824	0.000901623
32.876104	0.000901623
32.8883256	0.001101984
32.9005472	0.001101984
32.9127688	0.000701262
32.9249904	0.000901623
32.937212	0.000901623
32.9494336	0.001502705
32.9616552	0.001101984
32.9738768	0.001302344
32.9860984	0.001602885
32.99832	0.001101984
33.0105416	0.001302344
33.0227632	0.001402525
33.0349848	0.000500902
33.0472064	0.001602885
33.059428	0.001302344
33.0716496	0.001001803
33.0838712	0.001302344
33.0960928	0.001602885
33.1083144	0.001302344
33.120536	0.001001803
33.1327576	0.000901623
33.1449792	0.000901623
33.1572008	0.001602885
33.1694224	0.001101984
33.181644	0.001502705
33.1938656	0.001202164
33.2060872	0.001602885
33.2183088	0.001302344
33.2305304	0.001001803
33.242752	0.001101984
33.2549736	0.001101984
33.2671952	0.001001803
33.2794168	0.001001803
33.2916384	0.001101984
33.30386	0.001302344
33.3160816	0.001402525
33.3283032	0.000901623
33.3405248	0.001001803
33.3527464	0.001202164
33.364968	0.000801443
33.3771896	0.001001803
33.3894112	0.001302344
33.4016328	0.000901623
33.4138544	0.001202164
33.426076	0.001302344
33.4382976	0.001402525
33.4505192	0.000701262
33.4627408	0.000601082
33.4749624	0.001202164
33.487184	0.001001803
33.4994056	0.001402525
33.5116272	0.001001803
33.5238488	0.000500902
33.5360704	0.000901623
33.548292	0.001101984
33.5605136	0.001101984
33.5727352	0.001001803
33.5849568	0.001202164
33.5971784	0.001602885
33.6094	0.001001803
33.6216216	0.001602885
33.6338432	0.001502705
33.6460648	0.000601082
33.6582864	0.001302344
33.670508	0.001101984
33.6827296	0.000801443
33.6949512	0.001001803
33.7071728	0.000901623
33.7193944	0.000701262
33.731616	0.001703066
33.7438376	0.001302344
33.7560592	0.000901623
33.7682808	0.001001803
33.7805024	0.001001803
33.792724	0.001703066
33.8049456	0.000801443
33.8171672	0.000601082
33.8293888	0.001001803
33.8416104	0.000500902
33.853832	0.001101984
33.8660536	0.001602885
33.8782752	0.001202164
33.8904968	0.001101984
33.9027184	0.001202164
33.91494	0.001502705
33.9271616	0.000901623
33.9393832	0.001202164
33.9516048	0.001302344
33.9638264	0.000901623
33.976048	0.001602885
33.9882696	0.001001803
34.0004912	0.000701262
34.0127128	0.000701262
34.0249344	0.000901623
34.037156	0.001001803
34.0493776	0.001001803
34.0615992	0.000701262
34.0738208	0.001402525
34.0860424	0.001703066
34.098264	0.000801443
34.1104856	0.000901623
34.1227072	0.000901623
34.1349288	0.000500902
34.1471504	0.000601082
34.159372	0.000901623
34.1715936	0.001001803
34.1838152	0.000701262
34.1960368	0.000701262
34.2082584	0.000701262
34.22048	0.002203967
34.2327016	0.001202164
34.2449232	0.000801443
34.2571448	0.000901623
34.2693664	0.000701262
34.281588	0.001001803
34.2938096	0.001502705
34.3060312	0.001202164
34.3182528	0.001202164
34.3304744	0.001101984
34.342696	0.001402525
34.3549176	0.000701262
34.3671392	0.000601082
34.3793608	0.000601082
34.3915824	0.001101984
34.403804	0.001302344
34.4160256	0.001001803
34.4282472	0.001402525
34.4404688	0.000500902
34.4526904	0.001502705
34.464912	0.000701262
34.4771336	0.001302344
34.4893552	0.001001803
34.5015768	0.000701262
34.5137984	0.001402525
34.52602	0.001001803
34.5382416	0.001402525
34.5504632	0.001703066
34.5626848	0.001302344
34.5749064	0.001101984
34.587128	0.000901623
34.5993496	0.001202164
34.6115712	0.000801443
34.6237928	0.000801443
34.6360144	0.001202164
34.648236	0.000601082
34.6604576	0.000701262
34.6726792	0.000801443
34.6849008	0.000801443
34.6971224	0.000901623
34.709344	0.001001803
34.7215656	0.001101984
34.7337872	0.001602885
34.7460088	0.001001803
34.7582304	0.000901623
34.770452	0.000500902
34.7826736	0.001101984
34.7948952	0.001101984
34.8071168	0.000701262
34.8193384	0.000901623
34.83156	0.001001803
34.8437816	0.001101984
34.8560032	0.000500902
34.8682248	0.001202164
34.8804464	0.001001803
34.892668	0.000601082
34.9048896	0.001302344
34.9171112	0.001402525
34.9293328	0.001302344
34.9415544	0.001402525
34.953776	0.000701262
34.9659976	0.001202164
34.9782192	0.001101984
34.9904408	0.000801443
35.0026624	0.000901623
35.014884	0.001502705
35.0271056	0.001001803
35.0393272	0.001202164
35.0515488	0.000901623
35.0637704	0.000801443
35.075992	0.001101984
35.0882136	0.001202164
35.1004352	0.001101984
35.1126568	0.001101984
35.1248784	0.001001803
35.1371	0.000601082
35.1493216	0.000801443
35.1615432	0.001001803
35.1737648	0.000701262
35.1859864	0.001101984
35.198208	0.000400721
35.2104296	0.001001803
35.2226512	0.001001803
35.2348728	0.000601082
35.2470944	0.001202164
35.259316	0.001001803
35.2715376	0.001001803
35.2837592	0.000901623
35.2959808	0.000801443
35.3082024	0.000701262
35.320424	0.001001803
35.3326456	0.001402525
35.3448672	0.000701262
35.3570888	0.001202164
35.3693104	0.001001803
35.381532	0.001302344
35.3937536	0.000300541
35.4059752	0.000701262
35.4181968	0.000601082
35.4304184	0.000500902
35.44264	0.001001803
35.4548616	0.000601082
35.4670832	0.000601082
35.4793048	0.001101984
35.4915264	0.001101984
35.503748	0.000701262
35.5159696	0.000901623
35.5281912	0.001302344
35.5404128	0.000701262
35.5526344	0.000901623
35.564856	0.000601082
35.5770776	0.000601082
35.5892992	0.001402525
35.6015208	0.001502705
35.6137424	0.001001803
35.625964	0.001402525
35.6381856	0.000701262
35.6504072	0.000901623
35.6626288	0.000500902
35.6748504	0.000801443
35.687072	0.001001803
35.6992936	0.000901623
35.7115152	0.000601082
35.7237368	0.001101984
35.7359584	0.001502705
35.74818	0.000901623
35.7604016	0.000601082
35.7726232	0.000901623
35.7848448	0.001101984
35.7970664	0.000701262
35.809288	0.000801443
35.8215096	0.000801443
35.8337312	0.000801443
35.8459528	0.000801443
35.8581744	0.001101984
35.870396	0.000901623
35.8826176	0.000601082
35.8948392	0.000701262
35.9070608	0.001001803
35.9192824	0.000300541
35.931504	0.000901623
35.9437256	0.001001803
35.9559472	0.000901623
35.9681688	0.001001803
35.9803904	0.000901623
35.992612	0.001101984
36.0048336	0.001101984
36.0170552	0.001202164
36.0292768	0.000601082
36.0414984	0.000801443
36.05372	0.000701262
36.0659416	0.000901623
36.0781632	0.001101984
36.0903848	0.000400721
36.1026064	0.001001803
36.114828	0.000400721
36.1270496	0.000901623
36.1392712	0.000701262
36.1514928	0.001101984
36.1637144	0.000601082
36.175936	0.000701262
36.1881576	0.000200361
36.2003792	0.000801443
36.2126008	0.000801443
36.2248224	0.001602885
36.237044	0.001202164
36.2492656	0.001202164
36.2614872	0.000601082
36.2737088	0.000801443
36.2859304	0.001202164
36.298152	0.001001803
36.3103736	0.001101984
36.3225952	0.000801443
36.3348168	0.001602885
36.3470384	0.001202164
36.35926	0.000300541
36.3714816	0.000901623
36.3837032	0.000901623
36.3959248	0.000400721
36.4081464	0.000400721
36.420368	0.001202164
36.4325896	0.000300541
36.4448112	0.000801443
36.4570328	0.001402525
36.4692544	0.000901623
36.481476	0.001202164
36.4936976	0.000500902
36.5059192	0.001101984
36.5181408	0.000601082
36.5303624	0.000601082
36.542584	0.001101984
36.5548056	0.000300541
36.5670272	0.000801443
36.5792488	0.000801443
36.5914704	0.000901623
36.603692	0.000801443
36.6159136	0.000500902
36.6281352	0.001302344
36.6403568	0.000801443
36.6525784	0.000601082
36.6648	0.001101984
36.6770216	0.001001803
36.6892432	0.001001803
36.7014648	0.001402525
36.7136864	0.000500902
36.725908	0.000901623
36.7381296	0.000901623
36.7503512	0.000801443
36.7625728	0.000300541
36.7747944	0.000901623
36.787016	0.000901623
36.7992376	0.001202164
36.8114592	0.001402525
36.8236808	0.000801443
36.8359024	0.001001803
36.848124	0.000901623
36.8603456	0.001202164
36.8725672	0.000701262
36.8847888	0.000801443
36.8970104	0.000801443
36.909232	0.001001803
36.9214536	0.000901623
36.9336752	0.001101984
36.9458968	0.000601082
36.9581184	0.001202164
36.97034	0.000801443
36.9825616	0.000400721
36.9947832	0.001001803
37.0070048	0.000601082
37.0192264	0.001202164
37.031448	0.000400721
37.0436696	0.001101984
37.0558912	0.000701262
37.0681128	0.001101984
37.0803344	0.000400721
37.092556	0.000500902
37.1047776	0.001001803
37.1169992	0.000801443
37.1292208	0.001101984
37.1414424	0.000400721
37.153664	0.000701262
37.1658856	0.000701262
37.1781072	0.001001803
37.1903288	0.000500902
37.2025504	0.000701262
37.214772	0.000400721
37.2269936	0.001202164
37.2392152	0.001001803
37.2514368	0.000801443
37.2636584	0.000400721
37.27588	0.001202164
37.2881016	0.001101984
37.3003232	0.001001803
37.3125448	0.000801443
37.3247664	0.000400721
37.336988	0.000701262
37.3492096	0.001001803
37.3614312	0.000400721
37.3736528	0.000601082
37.3858744	0.000801443
37.398096	0.000801443
37.4103176	0.001803246
37.4225392	0.000901623
37.4347608	0.000801443
37.4469824	0.000601082
37.459204	0.000400721
37.4714256	0.000500902
37.4836472	0.000801443
37.4958688	0.000400721
37.5080904	0.001101984
37.520312	0.000601082
37.5325336	0.000901623
37.5447552	0.000601082
37.5569768	0.000601082
37.5691984	0.000701262
37.58142	0.000400721
37.5936416	0.001202164
37.6058632	0.000601082
37.6180848	0.001001803
37.6303064	0.000400721
37.642528	0.000601082
37.6547496	0.001001803
37.6669712	0.000901623
37.6791928	0.000400721
37.6914144	0.000701262
37.703636	0.000300541
37.7158576	0.000200361
37.7280792	0.000801443
37.7403008	0.000601082
37.7525224	0.000901623
37.764744	0.000300541
37.7769656	0.000200361
37.7891872	0.000500902
37.8014088	0.000801443
37.8136304	0.000400721
37.825852	0.001502705
37.8380736	0.000901623
37.8502952	0.001101984
37.8625168	0.000601082
37.8747384	0.000500902
37.88696	0.000400721
37.8991816	0.001001803
37.9114032	0.001001803
37.9236248	0.000801443
37.9358464	0.000601082
37.948068	0.001202164
37.9602896	0.000801443
37.9725112	0.000601082
37.9847328	0.000701262
37.9969544	0.000801443
38.009176	0.000200361
38.0213976	0.000601082
38.0336192	0.001302344
38.0458408	0.000901623
38.0580624	0.000801443
38.070284	0.001001803
38.0825056	0.000601082
38.0947272	0.000400721
38.1069488	0.000801443
38.1191704	0.000500902
38.131392	0.000500902
38.1436136	0.000400721
38.1558352	0.001502705
38.1680568	0.000901623
38.1802784	0.000701262
38.1925	0.001202164
38.2047216	0.000601082
38.2169432	0.000400721
38.2291648	0.000601082
38.2413864	0.000500902
38.253608	0.000801443
38.2658296	0.001001803
38.2780512	0.001502705
38.2902728	0.000701262
38.3024944	0.000400721
38.314716	0.001202164
38.3269376	0.000801443
38.3391592	0.001001803
38.3513808	0.000801443
38.3636024	0.000801443
38.375824	0.000601082
38.3880456	0.000601082
38.4002672	0.000500902
38.4124888	0.000901623
38.4247104	0.001302344
38.436932	0.000701262
38.4491536	0.000300541
38.4613752	0.000801443
38.4735968	0.000901623
38.4858184	0.000500902
38.49804	0.000801443
38.5102616	0.001302344
38.5224832	0.001202164
38.5347048	0.000701262
38.5469264	0.000701262
38.559148	0.001402525
38.5713696	0.000701262
38.5835912	0.001202164
38.5958128	0.000200361
38.6080344	0.000801443
38.620256	0.001202164
38.6324776	0.001101984
38.6446992	0.000701262
38.6569208	0.000701262
38.6691424	0.000801443
38.681364	0.000901623
38.6935856	0.000601082
38.7058072	0.000901623
38.7180288	0.000901623
38.7302504	0.001202164
38.742472	0.000701262
38.7546936	0.001101984
38.7669152	0.000801443
38.7791368	0.000601082
38.7913584	0.000400721
38.80358	0.000801443
38.8158016	0.001001803
38.8280232	0.000601082
38.8402448	0.001001803
38.8524664	0.000801443
38.864688	0.000400721
38.8769096	0.00010018
38.8891312	0.000601082
38.9013528	0.000701262
38.9135744	0.000601082
38.925796	0.000801443
38.9380176	0.000801443
38.9502392	0.000801443
38.9624608	0.001402525
38.9746824	0.000500902
38.986904	0.000500902
38.9991256	0.000500902
39.0113472	0.000701262
39.0235688	0.000701262
39.0357904	0.000701262
39.048012	0.000701262
39.0602336	0.000901623
39.0724552	0.001302344
39.0846768	0.000500902
39.0968984	0.000500902
39.10912	0.000601082
39.1213416	0.000400721
39.1335632	0.000701262
39.1457848	0.000701262
39.1580064	0.000901623
39.170228	0.000901623
39.1824496	0.000500902
39.1946712	0.001001803
39.2068928	0.001302344
39.2191144	0.000901623
39.231336	0.000701262
39.2435576	0.000601082
39.2557792	0.001101984
39.2680008	0.000801443
39.2802224	0.000801443
39.292444	0.000901623
39.3046656	0.000701262
39.3168872	0.000701262
39.3291088	0.000601082
39.3413304	0.000701262
39.353552	0.000601082
39.3657736	0.001101984
39.3779952	0.001001803
39.3902168	0.000901623
39.4024384	0.000701262
39.41466	0.000300541
39.4268816	0.000500902
39.4391032	0.001001803
39.4513248	0.001001803
39.4635464	0.000801443
39.475768	0.000400721
39.4879896	0.000801443
39.5002112	0.001101984
39.5124328	0.000400721
39.5246544	0.000601082
39.536876	0.000500902
39.5490976	0.000500902
39.5613192	0.000901623
39.5735408	0.00010018
39.5857624	0.000500902
39.597984	0.000701262
39.6102056	0.000601082
39.6224272	0.000901623
39.6346488	0.000500902
39.6468704	0.000400721
39.659092	0.000701262
39.6713136	0.000601082
39.6835352	0.001001803
39.6957568	0.000701262
39.7079784	0.000901623
39.7202	0.000200361
39.7324216	0.000601082
39.7446432	0.000701262
39.7568648	0.000901623
39.7690864	0.000400721
39.781308	0.000901623
39.7935296	0.001001803
39.8057512	0.000400721
39.8179728	0.000500902
39.8301944	0.000701262
39.842416	0.000901623
39.8546376	0.000601082
39.8668592	0.000400721
39.8790808	0.000500902
39.8913024	0.000801443
39.903524	0.000601082
39.9157456	0.000601082
39.9279672	0.000701262
39.9401888	0.000500902
39.9524104	0.001001803
39.964632	0.000901623
39.9768536	0.000701262
39.9890752	0.000601082
40.0012968	0.000701262
40.0135184	0.000601082
40.02574	0.000601082
40.0379616	0.000601082
40.0501832	0.000500902
40.0624048	0.000601082
40.0746264	0.000701262
40.086848	0.000400721
40.0990696	0.000601082
40.1112912	0.000300541
40.1235128	0.000801443
40.1357344	0.000801443
40.147956	0.000701262
40.1601776	0.000601082
40.1723992	0.000701262
40.1846208	0.000701262
40.1968424	0.000400721
40.209064	0.001001803
40.2212856	0.000701262
40.2335072	0.000801443
40.2457288	0.000701262
40.2579504	0.000901623
40.270172	0.000701262
40.2823936	0.000801443
40.2946152	0.000200361
40.3068368	0.000601082
40.3190584	0.000601082
40.33128	0.000701262
40.3435016	0.000500902
40.3557232	0.000601082
40.3679448	0.000901623
40.3801664	0.00010018
40.392388	0.001001803
40.4046096	0.000601082
40.4168312	0.001302344
40.4290528	0.000701262
40.4412744	0.000801443
40.453496	0.000701262
40.4657176	0.000400721
40.4779392	0.000500902
40.4901608	0.000601082
40.5023824	0.000500902
40.514604	0.000400721
40.5268256	0.000500902
40.5390472	0.001101984
40.5512688	0.001001803
40.5634904	0.000601082
40.575712	0.000601082
40.5879336	0.000901623
40.6001552	0.000400721
40.6123768	0.000601082
40.6245984	0.000901623
40.63682	0.000500902
40.6490416	0.000500902
40.6612632	0.001001803
40.6734848	0.001101984
40.6857064	0.000801443
40.697928	0.000801443
40.7101496	0.000701262
40.7223712	0.000801443
40.7345928	0.000601082
40.7468144	0.000500902
40.759036	0.000801443
40.7712576	0.000901623
40.7834792	0.001001803
40.7957008	0.000601082
40.8079224	0.000500902
40.820144	0.000801443
40.8323656	0.000801443
40.8445872	0.000601082
40.8568088	0.000500902
40.8690304	0.000500902
40.881252	0.000300541
40.8934736	0.000701262
40.9056952	0.000500902
40.9179168	0.000601082
40.9301384	0.000601082
40.94236	0.000601082
40.9545816	0.001001803
40.9668032	0.000601082
40.9790248	0.000901623
40.9912464	0.001101984
41.003468	0.001602885
41.0156896	0.000500902
41.0279112	0.000200361
41.0401328	0.000400721
41.0523544	0.001001803
41.064576	0.000400721
41.0767976	0.000500902
41.0890192	0.000300541
41.1012408	0.000200361
41.1134624	0.000801443
41.125684	0.000601082
41.1379056	0.000901623
41.1501272	0.000801443
41.1623488	0.000601082
41.1745704	0.000500902
41.186792	0.001202164
41.1990136	0.001001803
41.2112352	0.000601082
41.2234568	0.000901623
41.2356784	0.000801443
41.2479	0.001001803
41.2601216	0.000601082
41.2723432	0.001101984
41.2845648	0.000601082
41.2967864	0.000601082
41.309008	0.000601082
41.3212296	0.000901623
41.3334512	0
41.3456728	0.000701262
41.3578944	0.000801443
41.370116	0.000701262
41.3823376	0.000601082
41.3945592	0.000801443
41.4067808	0.000500902
41.4190024	0.000300541
41.431224	0.000500902
41.4434456	0.000701262
41.4556672	0.000601082
41.4678888	0.000500902
41.4801104	0.000500902
41.492332	0.001001803
41.5045536	0.000500902
41.5167752	0.000500902
41.5289968	0.000901623
41.5412184	0.000901623
41.55344	0.000400721
41.5656616	0.000400721
41.5778832	0.000500902
41.5901048	0.000901623
41.6023264	0.000400721
41.614548	0.000500902
41.6267696	0.000701262
41.6389912	0.000901623
41.6512128	0.000200361
41.6634344	0.000500902
41.675656	0.000601082
41.6878776	0.000400721
41.7000992	0.000701262
41.7123208	0.000300541
41.7245424	0.000500902
41.736764	0.000300541
41.7489856	0.001101984
41.7612072	0.001001803
41.7734288	0.000701262
41.7856504	0.000801443
41.797872	0.000500902
41.8100936	0.000801443
41.8223152	0.000200361
41.8345368	0.000901623
41.8467584	0.000500902
41.85898	0.000500902
41.8712016	0.000701262
41.8834232	0.000601082
41.8956448	0.000601082
41.9078664	0.000601082
41.920088	0.000701262
41.9323096	0.000901623
41.9445312	0.000701262
41.9567528	0.001101984
41.9689744	0.000701262
41.981196	0.000601082
41.9934176	0.000601082
42.0056392	0.000901623
42.0178608	0.000901623
42.0300824	0.000500902
42.042304	0.000500902
42.0545256	0.000901623
42.0667472	0.000901623
42.0789688	0.000500902
42.0911904	0.000400721
42.103412	0.001001803
42.1156336	0.000801443
42.1278552	0.000701262
42.1400768	0.000801443
42.1522984	0.000701262
42.16452	0.000300541
42.1767416	0.001101984
42.1889632	0.000701262
42.2011848	0.000500902
42.2134064	0.000500902
42.225628	0.000901623
42.2378496	0.001602885
42.2500712	0.000500902
42.2622928	0.000500902
42.2745144	0.000901623
42.286736	0.001402525
42.2989576	0.000701262
42.3111792	0.000901623
42.3234008	0.001101984
42.3356224	0.000601082
42.347844	0.000601082
42.3600656	0.000500902
42.3722872	0.000701262
42.3845088	0.000801443
42.3967304	0.000300541
42.408952	0.000500902
42.4211736	0.001202164
42.4333952	0.000701262
42.4456168	0.001001803
42.4578384	0.000400721
42.47006	0.000901623
42.4822816	0.000500902
42.4945032	0.000500902
42.5067248	0.000400721
42.5189464	0.000500902
42.531168	0.000701262
42.5433896	0.000701262
42.5556112	0.000601082
42.5678328	0.000801443
42.5800544	0.000601082
42.592276	0.000200361
42.6044976	0.000901623
42.6167192	0.001001803
42.6289408	0.000601082
42.6411624	0.000801443
42.653384	0.000701262
42.6656056	0.000500902
42.6778272	0.001101984
42.6900488	0.000300541
42.7022704	0.000200361
42.714492	0.000601082
42.7267136	0.000500902
42.7389352	0.000500902
42.7511568	0.000500902
42.7633784	0.000601082
42.7756	0.000601082
42.7878216	0.000901623
42.8000432	0.000701262
42.8122648	0.000500902
42.8244864	0.000500902
42.836708	0.000801443
42.8489296	0.000400721
42.8611512	0.000901623
42.8733728	0.000200361
42.8855944	0.000801443
42.897816	0.000400721
42.9100376	0.000801443
42.9222592	0.000701262
42.9344808	0.000801443
42.9467024	0.000400721
42.958924	0.000500902
42.9711456	0.000701262
42.9833672	0.000801443
42.9955888	0.000601082
43.0078104	0.000400721
43.020032	0.000801443
43.0322536	0.000701262
43.0444752	0.000801443
43.0566968	0.000300541
43.0689184	0.000801443
43.08114	0.000500902
43.0933616	0.000601082
43.1055832	0.000701262
43.1178048	0.000701262
43.1300264	0.000200361
43.142248	0.001402525
43.1544696	0.000400721
43.1666912	0.000500902
43.1789128	0.000701262
43.1911344	0.000300541
43.203356	0.000400721
43.2155776	0.000200361
43.2277992	0.000300541
43.2400208	0.000701262
43.2522424	0.000300541
43.264464	0.000500902
43.2766856	0.000400721
43.2889072	0.001101984
43.3011288	0.001101984
43.3133504	0.000801443
43.325572	0.000801443
43.3377936	0.000801443
43.3500152	0.001001803
43.3622368	0.000601082
43.3744584	0.000701262
43.38668	0.000901623
43.3989016	0.000500902
43.4111232	0.000500902
43.4233448	0.000300541
43.4355664	0.000300541
43.447788	0.000901623
43.4600096	0.000801443
43.4722312	0.000901623
43.4844528	0.000200361
43.4966744	0.000400721
43.508896	0.000601082
43.5211176	0.000901623
43.5333392	0.000901623
43.5455608	0.000901623
43.5577824	0.000500902
43.570004	0.000200361
43.5822256	0.000300541
43.5944472	0.000601082
43.6066688	0.000500902
43.6188904	0.000701262
43.631112	0.000701262
43.6433336	0.000901623
43.6555552	0.000701262
43.6677768	0.000901623
43.6799984	0.000601082
43.69222	0.000701262
43.7044416	0.000601082
43.7166632	0.000400721
43.7288848	0.000801443
43.7411064	0.001001803
43.753328	0.000701262
43.7655496	0.001101984
43.7777712	0.000601082
43.7899928	0.000500902
43.8022144	0.001101984
43.814436	0.001302344
43.8266576	0.000801443
43.8388792	0.000601082
43.8511008	0.000500902
43.8633224	0.000701262
43.875544	0.00010018
43.8877656	0.000500902
43.8999872	0.000500902
43.9122088	0.000801443
43.9244304	0.000500902
43.936652	0.000901623
43.9488736	0.000300541
43.9610952	0.000500902
43.9733168	0.000901623
43.9855384	0.000901623
43.99776	0.000500902
44.0099816	0.000801443
44.0222032	0.001001803
44.0344248	0.000200361
44.0466464	0.000901623
44.058868	0.000801443
44.0710896	0.000300541
44.0833112	0.000500902
44.0955328	0.000601082
44.1077544	0.000400721
44.119976	0.000200361
44.1321976	0.000300541
44.1444192	0.000901623
44.1566408	0.000901623
44.1688624	0.000500902
44.181084	0.000500902
44.1933056	0.000601082
44.2055272	0.000601082
44.2177488	0.000500902
44.2299704	0.000500902
44.242192	0.001402525
44.2544136	0.000701262
44.2666352	0.000701262
44.2788568	0.000701262
44.2910784	0.000300541
44.3033	0.000801443
44.3155216	0.000801443
44.3277432	0.001101984
44.3399648	0.001001803
44.3521864	0.000801443
44.364408	0.000901623
44.3766296	0.000400721
44.3888512	0.000200361
44.4010728	0.000400721
44.4132944	0.000601082
44.425516	0.000400721
44.4377376	0.000801443
44.4499592	0.000500902
44.4621808	0.000400721
44.4744024	0.000300541
44.486624	0.000701262
44.4988456	0.000801443
44.5110672	0.000500902
44.5232888	0.000601082
44.5355104	0.001001803
44.547732	0.000801443
44.5599536	0.000400721
44.5721752	0.000500902
44.5843968	0.000601082
44.5966184	0.00010018
44.60884	0.000400721
44.6210616	0.000500902
44.6332832	0.000500902
44.6455048	0.000701262
44.6577264	0.001101984
44.669948	0.00010018
44.6821696	0.000500902
44.6943912	0.000801443
44.7066128	0.001001803
44.7188344	0.000701262
44.731056	0.000701262
44.7432776	0.000701262
44.7554992	0.000801443
44.7677208	0.000801443
44.7799424	0.000601082
44.792164	0.000901623
44.8043856	0.000901623
44.8166072	0.000701262
44.8288288	0.000500902
44.8410504	0.000500902
44.853272	0.000601082
44.8654936	0.000701262
44.8777152	0.000500902
44.8899368	0.000801443
44.9021584	0.000901623
44.91438	0.000300541
44.9266016	0.000901623
44.9388232	0.000801443
44.9510448	0.000701262
44.9632664	0.000500902
44.975488	0.000300541
44.9877096	0.000901623
44.9999312	0.000400721
45.0121528	0.000801443
45.0243744	0.000801443
45.036596	0.000601082
45.0488176	0.000500902
45.0610392	0.000300541
45.0732608	0.000601082
45.0854824	0.000701262
45.097704	0.000801443
45.1099256	0.000500902
45.1221472	0.000400721
45.1343688	0.000500902
45.1465904	0.000801443
45.158812	0.000300541
45.1710336	0.000701262
45.1832552	0.000801443
45.1954768	0.000400721
45.2076984	0.000300541
45.21992	0.000601082
45.2321416	0.000801443
45.2443632	0.001001803
45.2565848	0.000601082
45.2688064	0.000500902
45.281028	0.000500902
45.2932496	0.001001803
45.3054712	0.000601082
45.3176928	0.001101984
45.3299144	0.000500902
45.342136	0.000801443
45.3543576	0.000901623
45.3665792	0.000200361
45.3788008	0.000601082
45.3910224	0.000701262
45.403244	0.000901623
45.4154656	0.000601082
45.4276872	0.000500902
45.4399088	0.000500902
45.4521304	0.000901623
45.464352	0.000901623
45.4765736	0.000601082
45.4887952	0.000801443
45.5010168	0.000300541
45.5132384	0.000400721
45.52546	0.000801443
45.5376816	0.000601082
45.5499032	0.000901623
45.5621248	0.000801443
45.5743464	0.001001803
45.586568	0.000200361
45.5987896	0.000801443
45.6110112	0.00010018
45.6232328	0.000500902
45.6354544	0.000801443
45.647676	0.000500902
45.6598976	0.000400721
45.6721192	0.000500902
45.6843408	0.000400721
45.6965624	0.000901623
45.708784	0.000500902
45.7210056	0.000801443
45.7332272	0.000500902
45.7454488	0.001202164
45.7576704	0.001001803
45.769892	0.000300541
45.7821136	0.000500902
45.7943352	0.000801443
45.8065568	0.000300541
45.8187784	0.000801443
45.831	0.000801443
45.8432216	0.001101984
45.8554432	0.000801443
45.8676648	0.000400721
45.8798864	0.000400721
45.892108	0.000701262
45.9043296	0.000400721
45.9165512	0.000500902
45.9287728	0.000601082
45.9409944	0.000701262
45.953216	0.000400721
45.9654376	0.000400721
45.9776592	0.001001803
45.9898808	0.000601082
46.0021024	0.000701262
46.014324	0.000500902
46.0265456	0.000701262
46.0387672	0.000701262
46.0509888	0.000400721
46.0632104	0.000601082
46.075432	0.000801443
46.0876536	0.000500902
46.0998752	0.000300541
46.1120968	0.000500902
46.1243184	0.001502705
46.13654	0.001001803
46.1487616	0.000901623
46.1609832	0.000701262
46.1732048	0.000601082
46.1854264	0.000400721
46.197648	0.000400721
46.2098696	0.000801443
46.2220912	0.000300541
46.2343128	0.000300541
46.2465344	0.000500902
46.258756	0.000500902
46.2709776	0.000701262
46.2831992	0.000300541
46.2954208	0.000601082
46.3076424	0.000601082
46.319864	0.000701262
46.3320856	0.000701262
46.3443072	0.000500902
46.3565288	0.000701262
46.3687504	0.000701262
46.380972	0.000701262
46.3931936	0.000801443
46.4054152	0.000500902
46.4176368	0.000400721
46.4298584	0.000901623
46.44208	0.000500902
46.4543016	0.000500902
46.4665232	0.000901623
46.4787448	0.000701262
46.4909664	0.000701262
46.503188	0.001101984
46.5154096	0.000300541
46.5276312	0.000901623
46.5398528	0.000500902
46.5520744	0.000500902
46.564296	0.000601082
46.5765176	0.000601082
46.5887392	0.000400721
46.6009608	0.000500902
46.6131824	0.000801443
46.625404	0.000701262
46.6376256	0.001402525
46.6498472	0.000400721
46.6620688	0.001001803
46.6742904	0.001001803
46.686512	0.000500902
46.6987336	0.000601082
46.7109552	0.000400721
46.7231768	0.001001803
46.7353984	0.000200361
46.74762	0.000500902
46.7598416	0.000400721
46.7720632	0.000901623
46.7842848	0.000701262
46.7965064	0.000801443
46.808728	0.000901623
46.8209496	0.000801443
46.8331712	0.000400721
46.8453928	0.000500902
46.8576144	0.000801443
46.869836	0.000400721
46.8820576	0.000701262
46.8942792	0.001101984
46.9065008	0.000500902
46.9187224	0.001001803
46.930944	0.000701262
46.9431656	0.000500902
46.9553872	0.000601082
46.9676088	0.001101984
46.9798304	0.000701262
46.992052	0.000901623
47.0042736	0.000601082
47.0164952	0.000801443
47.0287168	0.000601082
47.0409384	0.000701262
47.05316	0.000300541
47.0653816	0.000701262
47.0776032	0.001202164
47.0898248	0.001502705
47.1020464	0.001101984
47.114268	0.000400721
47.1264896	0.000901623
47.1387112	0.001001803
47.1509328	0.000701262
47.1631544	0.000701262
47.175376	0.000701262
47.1875976	0.000901623
47.1998192	0.000801443
47.2120408	0.000801443
47.2242624	0.000901623
47.236484	0.000901623
47.2487056	0.000400721
47.2609272	0.001001803
47.2731488	0.000701262
47.2853704	0.000601082
47.297592	0.001001803
47.3098136	0.000300541
47.3220352	0.000701262
47.3342568	0.001001803
47.3464784	0.001101984
47.3587	0.000901623
47.3709216	0.001302344
47.3831432	0.000701262
47.3953648	0.000601082
47.4075864	0.001001803
47.419808	0.000601082
47.4320296	0.001101984
47.4442512	0.001101984
47.4564728	0.000901623
47.4686944	0.000801443
47.480916	0.000701262
47.4931376	0.000300541
47.5053592	0.000300541
47.5175808	0.000601082
47.5298024	0.000901623
47.542024	0.000500902
47.5542456	0.000801443
47.5664672	0.000601082
47.5786888	0.000901623
47.5909104	0.001101984
47.603132	0.001202164
47.6153536	0.001101984
47.6275752	0.001502705
47.6397968	0.000601082
47.6520184	0.000601082
47.66424	0.001602885
47.6764616	0.000801443
47.6886832	0.001001803
47.7009048	0.001402525
47.7131264	0.001502705
47.725348	0.001402525
47.7375696	0.001402525
47.7497912	0.001903426
47.7620128	0.001903426
47.7742344	0.001502705
47.786456	0.002103787
47.7986776	0.002905229
47.8108992	0.002103787
47.8231208	0.002103787
47.8353424	0.001302344
47.847564	0.00300541
47.8597856	0.002604688
47.8720072	0.004908836
47.8842288	0.002905229
47.8964504	0.003406131
47.908672	0.002504508
47.9208936	0.000400721
47.9331152	0
47.9453368	0
47.9575584	0
47.96978	0
47.9820016	0.00010018
47.9942232	0.00010018
48.0064448	0
48.0186664	0
48.030888	0
48.0431096	0
48.0553312	0
48.0675528	0
48.0797744	0
48.091996	0
48.1042176	0
48.1164392	0
48.1286608	0
48.1408824	0
48.153104	0
48.1653256	0
48.1775472	0
48.1897688	0
48.2019904	0
48.214212	0
48.2264336	0
48.2386552	0
48.2508768	0
48.2630984	0
48.27532	0
48.2875416	0
48.2997632	0
48.3119848	0
48.3242064	0.00010018
48.336428	0.00010018
48.3486496	0
48.3608712	0
48.3730928	0
48.3853144	0
48.397536	0
48.4097576	0
48.4219792	0
48.4342008	0
48.4464224	0.00010018
48.458644	0.00010018
48.4708656	0
48.4830872	0
48.4953088	0.00010018
48.5075304	0.00010018
48.519752	0
48.5319736	0
48.5441952	0
48.5564168	0
48.5686384	0
48.58086	0
48.5930816	0
48.6053032	0
48.6175248	0
48.6297464	0.00010018
48.641968	0.00010018
48.6541896	0
48.6664112	0
48.6786328	0
48.6908544	0
48.703076	0
48.7152976	0
48.7275192	0
48.7397408	0
48.7519624	0
48.764184	0
48.7764056	0
48.7886272	0
48.8008488	0.00010018
48.8130704	0.00010018
48.825292	0.00010018
48.8375136	0.00010018
48.8497352	0
48.8619568	0
48.8741784	0
48.8864	0
48.8986216	0
48.9108432	0
48.9230648	0
48.9352864	0
48.947508	0
48.9597296	0
48.9719512	0
48.9841728	0
48.9963944	0
49.008616	0.00010018
49.0208376	0.00010018
49.0330592	0
49.0452808	0
49.0575024	0
49.069724	0
49.0819456	0
49.0941672	0
49.1063888	0.00010018
49.1186104	0.00010018
49.130832	0.00010018
49.1430536	0.00010018
49.1552752	0
49.1674968	0
49.1797184	0
49.19194	0
49.2041616	0
49.2163832	0
49.2286048	0
49.2408264	0
49.253048	0
49.2652696	0
49.2774912	0
49.2897128	0
49.3019344	0
49.314156	0
49.3263776	0
49.3385992	0
49.3508208	0
49.3630424	0
49.375264	0
49.3874856	0.00010018
49.3997072	0.00010018
49.4119288	0
49.4241504	0
49.436372	0
49.4485936	0
49.4608152	0
49.4730368	0
49.4852584	0
49.49748	0.00010018
49.5097016	0.00010018
49.5219232	0
49.5341448	0
49.5463664	0.00010018
49.558588	0.00010018
49.5708096	0.00010018
49.5830312	0.00010018
49.5952528	0
49.6074744	0
49.619696	0
49.6319176	0
49.6441392	0
49.6563608	0
49.6685824	0.00010018
49.680804	0.00010018
49.6930256	0
49.7052472	0
49.7174688	0
49.7296904	0
49.741912	0
49.7541336	0
49.7663552	0
49.7785768	0
49.7907984	0
49.80302	0
49.8152416	0
49.8274632	0.00010018
49.8396848	0.00010018
49.8519064	0
49.864128	0
49.8763496	0
49.8885712	0
49.9007928	0
49.9130144	0
49.925236	0
49.9374576	0
49.9496792	0
49.9619008	0
49.9741224	0
49.986344	0
49.9985656	0
50.0107872	0
50.0230088	0
50.0352304	0
50.047452	0