#time	counts
0	0
0.0122216	0
0.0244432	0
0.0366648	0
0.0488864	0
0.061108	0
0.0733296	0
0.0855512	0
0.0977728	0
0.1099944	0
0.122216	0
0.1344376	0
0.1466592	0
0.1588808	0
0.1711024	0
0.183324	0
0.1955456	0
0.2077672	0
0.2199888	0
0.2322104	0
0.244432	0
0.2566536	0
0.2688752	0
0.2810968	0
0.2933184	0
0.30554	0
0.3177616	0
0.3299832	0
0.3422048	0
0.3544264	0
0.366648	0
0.3788696	0
0.3910912	0
0.4033128	0
0.4155344	0
0.427756	0
0.4399776	4.62E-05
0.4521992	0
0.4644208	9.24E-05
0.4766424	0.000230968
0.488864	9.24E-05
0.5010856	0.000230968
0.5133072	0.000646711
0.5255288	0.000323356
0.5377504	0.000230968
0.549972	0.000277162
0.5621936	0.000230968
0.5744152	0.000277162
0.5866368	0.000277162
0.5988584	0.000415743
0.61108	0.000415743
0.6233016	0.000277162
0.6355232	0.000323356
0.6477448	0.000184775
0.6599664	0.000184775
0.672188	0.000461936
0.6844096	0.000369549
0.6966312	0.000554324
0.7088528	0.000184775
0.7210744	0.000230968
0.733296	0.000277162
0.7455176	0.000369549
0.7577392	0.000323356
0.7699608	0.000369549
0.7821824	0.000646711
0.794404	0.000184775
0.8066256	0.000369549
0.8188472	0.000415743
0.8310688	0.000369549
0.8432904	0.000415743
0.855512	0.000230968
0.8677336	0.000415743
0.8799552	0.000461936
0.8921768	0.000323356
0.9043984	0.00050813
0.91662	0.000461936
0.9288416	0.000369549
0.9410632	0.000692905
0.9532848	0.000184775
0.9655064	0.00050813
0.977728	0.000277162
0.9899496	0.00050813
1.0021712	0.000184775
1.0143928	0.000415743
1.0266144	0.000369549
1.038836	0.000184775
1.0510576	0.00050813
1.0632792	0.000369549
1.0755008	0.000323356
1.0877224	9.24E-05
1.099944	0.00050813
1.1121656	0.000277162
1.1243872	0.000369549
1.1366088	0.000461936
1.1488304	0.000415743
1.161052	0.000461936
1.1732736	0.000277162
1.1854952	0.000415743
1.1977168	0.000369549
1.2099384	0.000138581
1.22216	0.000323356
1.2343816	0.000461936
1.2466032	0.000461936
1.2588248	0.000415743
1.2710464	0.00050813
1.283268	0.000369549
1.2954896	0.000369549
1.3077112	0.000369549
1.3199328	0.000415743
1.3321544	0.000138581
1.344376	0.000554324
1.3565976	0.000323356
1.3688192	0.000461936
1.3810408	0.000369549
1.3932624	0.000369549
1.405484	0.000554324
1.4177056	0.000739098
1.4299272	0.000415743
1.4421488	0.000369549
1.4543704	0.000230968
1.466592	0.000646711
1.4788136	0.000646711
1.4910352	0.000600517
1.5032568	0.000369549
1.5154784	0.000184775
1.5277	0.000461936
1.5399216	0.000369549
1.5521432	0.000415743
1.5643648	0.00050813
1.5765864	0.000461936
1.588808	0.000138581
1.6010296	0.00050813
1.6132512	0.000323356
1.6254728	0.000461936
1.6376944	0.000323356
1.649916	0.000415743
1.6621376	0.00050813
1.6743592	0.000415743
1.6865808	0.00050813
1.6988024	0.000138581
1.711024	0.00050813
1.7232456	0.00050813
1.7354672	0.000461936
1.7476888	0.000369549
1.7599104	0.000554324
1.772132	0.000877679
1.7843536	0.000831486
1.7965752	0.000184775
1.8087968	0.000554324
1.8210184	0.000461936
1.83324	0.000785292
1.8454616	0.000461936
1.8576832	0.000323356
1.8699048	0.000692905
1.8821264	0.000369549
1.894348	0.000646711
1.9065696	0.000600517
1.9187912	0.000554324
1.9310128	0.000692905
1.9432344	0.000323356
1.955456	0.000461936
1.9676776	0.000600517
1.9798992	0.000739098
1.9921208	0.000554324
2.0043424	0.000323356
2.016564	0.000600517
2.0287856	0.000785292
2.0410072	0.00050813
2.0532288	0.000692905
2.0654504	0.000554324
2.077672	0.000277162
2.0898936	0.00050813
2.1021152	0.000461936
2.1143368	0.000461936
2.1265584	0.000739098
2.13878	0.000692905
2.1510016	0.000600517
2.1632232	0.00050813
2.1754448	0.000415743
2.1876664	0.000554324
2.199888	0.000692905
2.2121096	0.000785292
2.2243312	0.000461936
2.2365528	0.00050813
2.2487744	0.000415743
2.260996	0.000323356
2.2732176	0.000554324
2.2854392	0.000739098
2.2976608	0.000646711
2.3098824	0.000646711
2.322104	0.000554324
2.3343256	0.000600517
2.3465472	0.000877679
2.3587688	0.000554324
2.3709904	0.000785292
2.383212	0.000923873
2.3954336	0.000554324
2.4076552	0.000739098
2.4198768	0.000877679
2.4320984	0.00101626
2.44432	0.000554324
2.4565416	0.000646711
2.4687632	0.000554324
2.4809848	0.00101626
2.4932064	0.000600517
2.505428	0.000692905
2.5176496	0.000646711
2.5298712	0.000600517
2.5420928	0.000646711
2.5543144	0.000785292
2.566536	0.000323356
2.5787576	0.000831486
2.5909792	0.000692905
2.6032008	0.000739098
2.6154224	0.000692905
2.627644	0.000646711
2.6398656	0.000877679
2.6520872	0.000692905
2.6643088	0.000554324
2.6765304	0.000554324
2.688752	0.000646711
2.7009736	0.000692905
2.7131952	0.000461936
2.7254168	0.000739098
2.7376384	0.000692905
2.74986	0.000461936
2.7620816	0.00050813
2.7743032	0.00050813
2.7865248	0.000970067
2.7987464	0.000923873
2.810968	0.000415743
2.8231896	0.000923873
2.8354112	0.000785292
2.8476328	0.00050813
2.8598544	0.000415743
2.872076	0.000739098
2.8842976	0.000554324
2.8965192	0.000785292
2.9087408	0.000554324
2.9209624	0.000461936
2.933184	0.000692905
2.9454056	0.000877679
2.9576272	0.000554324
2.9698488	0.000646711
2.9820704	0.00050813
2.994292	0.000554324
3.0065136	0.000554324
3.0187352	0.000369549
3.0309568	0.000970067
3.0431784	0.000646711
3.0554	0.000415743
3.0676216	0.000877679
3.0798432	0.000461936
3.0920648	0.000554324
3.1042864	0.000554324
3.116508	0.000415743
3.1287296	0.000646711
3.1409512	0.000369549
3.1531728	0.000323356
3.1653944	0.000692905
3.177616	0.000600517
3.1898376	0.000692905
3.2020592	0.000415743
3.2142808	0.000415743
3.2265024	0.000461936
3.238724	0.00050813
3.2509456	0.000415743
3.2631672	0.00050813
3.2753888	0.00050813
3.2876104	0.000369549
3.299832	0.000554324
3.3120536	0.000277162
3.3242752	0.000415743
3.3364968	0.00050813
3.3487184	0.000230968
3.36094	0.000646711
3.3731616	0.00050813
3.3853832	0.000600517
3.3976048	0.00050813
3.4098264	0.000461936
3.422048	0.00050813
3.4342696	0.000277162
3.4464912	0.000554324
3.4587128	0.000692905
3.4709344	0.000646711
3.483156	0.000739098
3.4953776	0.000461936
3.5075992	0.000554324
3.5198208	0.000415743
3.5320424	0.000461936
3.544264	0.000323356
3.5564856	0.000600517
3.5687072	0.00050813
3.5809288	0.000600517
3.5931504	0.000600517
3.605372	0.000831486
3.6175936	0.000461936
3.6298152	0.000277162
3.6420368	0.000461936
3.6542584	0.000415743
3.66648	0.000646711
3.6787016	0.000415743
3.6909232	0.000415743
3.7031448	0.000323356
3.7153664	0.000600517
3.727588	0.000554324
3.7398096	0.000692905
3.7520312	0.000646711
3.7642528	0.00050813
3.7764744	0.000277162
3.788696	0.000600517
3.8009176	0.00050813
3.8131392	0.000831486
3.8253608	0.000277162
3.8375824	0.00050813
3.849804	0.000554324
3.8620256	0.000692905
3.8742472	0.000646711
3.8864688	0.00050813
3.8986904	0.00050813
3.910912	0.000600517
3.9231336	0.000415743
3.9353552	0.000692905
3.9475768	0.00050813
3.9597984	0.000646711
3.97202	0.000461936
3.9842416	0.000692905
3.9964632	0.000739098
4.0086848	0.000554324
4.0209064	0.00050813
4.033128	0.000646711
4.0453496	0.000323356
4.0575712	0.000600517
4.0697928	0.000415743
4.0820144	0.000369549
4.094236	0.000461936
4.1064576	0.00050813
4.1186792	0.00050813
4.1309008	0.000415743
4.1431224	0.000554324
4.155344	0.000323356
4.1675656	0.000461936
4.1797872	0.00050813
4.1920088	0.000600517
4.2042304	0.000461936
4.216452	0.000600517
4.2286736	0.000739098
4.2408952	0.00050813
4.2531168	0.000415743
4.2653384	0.000739098
4.27756	0.000323356
4.2897816	0.000184775
4.3020032	0.000138581
4.3142248	0.000323356
4.3264464	0.000415743
4.338668	0.000461936
4.3508896	0.00050813
4.3631112	0.000600517
4.3753328	0.000415743
4.3875544	0.00050813
4.399776	0.000739098
4.4119976	0.000277162
4.4242192	0.000785292
4.4364408	0.000415743
4.4486624	0.000323356
4.460884	0.000646711
4.4731056	0.000785292
4.4853272	0.000323356
4.4975488	0.000369549
4.5097704	0.000785292
4.521992	0.000461936
4.5342136	0.000461936
4.5464352	0.000646711
4.5586568	0.000692905
4.5708784	0.00050813
4.5831	0.000600517
4.5953216	0.00050813
4.6075432	0.000369549
4.6197648	0.000600517
4.6319864	0.000323356
4.644208	0.000415743
4.6564296	0.000461936
4.6686512	0.000415743
4.6808728	0.000739098
4.6930944	0.00050813
4.705316	0.000600517
4.7175376	0.000646711
4.7297592	0.000646711
4.7419808	0.000646711
4.7542024	0.000415743
4.766424	0.000277162
4.7786456	0.000554324
4.7908672	0.000739098
4.8030888	0.000646711
4.8153104	0.000600517
4.827532	0.000739098
4.8397536	0.000369549
4.8519752	0.000461936
4.8641968	0.000785292
4.8764184	0.000554324
4.88864	0.000461936
4.9008616	0.000415743
4.9130832	0.000554324
4.9253048	0.000785292
4.9375264	0.000415743
4.949748	0.000739098
4.9619696	0.00050813
4.9741912	0.00050813
4.9864128	0.000369549
4.9986344	0.000230968
5.010856	0.000323356
5.0230776	0.000323356
5.0352992	0.00050813
5.0475208	0.000461936
5.0597424	0.000554324
5.071964	0.000554324
5.0841856	0.000554324
5.0964072	0.000369549
5.1086288	0.000415743
5.1208504	0.000600517
5.133072	0.000739098
5.1452936	0.000554324
5.1575152	0.000600517
5.1697368	0.000323356
5.1819584	0.000785292
5.19418	0.000646711
5.2064016	0.000600517
5.2186232	0.000877679
5.2308448	0.000785292
5.2430664	0.000600517
5.255288	0.000415743
5.2675096	0.000692905
5.2797312	0.00050813
5.2919528	0.000739098
5.3041744	0.000646711
5.316396	0.000461936
5.3286176	0.000692905
5.3408392	0.000369549
5.3530608	0.000369549
5.3652824	0.000692905
5.377504	0.000554324
5.3897256	0.000646711
5.4019472	0.000184775
5.4141688	0.000554324
5.4263904	0.000461936
5.438612	0.000923873
5.4508336	0.000461936
5.4630552	0.000600517
5.4752768	0.000692905
5.4874984	0.000646711
5.49972	0.000739098
5.5119416	0.000646711
5.5241632	0.000646711
5.5363848	0.000369549
5.5486064	0.000461936
5.560828	0.000646711
5.5730496	0.00050813
5.5852712	0.000600517
5.5974928	0.000415743
5.6097144	0.000646711
5.621936	0.000646711
5.6341576	0.000692905
5.6463792	0.000369549
5.6586008	0.000646711
5.6708224	0.000600517
5.683044	0.00050813
5.6952656	0.00050813
5.7074872	0.00050813
5.7197088	0.000600517
5.7319304	0.000600517
5.744152	0.000739098
5.7563736	0.000461936
5.7685952	0.000415743
5.7808168	0.000554324
5.7930384	0.000415743
5.80526	0.000600517
5.8174816	0.000646711
5.8297032	0.000877679
5.8419248	0.000554324
5.8541464	0.000600517
5.866368	0.000461936
5.8785896	0.000877679
5.8908112	0.000692905
5.9030328	0.000554324
5.9152544	0.000877679
5.927476	0.000646711
5.9396976	0.00050813
5.9519192	0.000877679
5.9641408	0.00050813
5.9763624	0.000646711
5.988584	0.000230968
6.0008056	0.00050813
6.0130272	0.000646711
6.0252488	0.000646711
6.0374704	0.000646711
6.049692	0.000554324
6.0619136	0.000554324
6.0741352	0.000646711
6.0863568	0.000461936
6.0985784	0.000739098
6.1108	0.000415743
6.1230216	0.000554324
6.1352432	0.00050813
6.1474648	0.000554324
6.1596864	0.000831486
6.171908	0.000461936
6.1841296	0.000415743
6.1963512	0.000323356
6.2085728	0.000461936
6.2207944	0.000646711
6.233016	0.000461936
6.2452376	0.000646711
6.2574592	0.000646711
6.2696808	0.000554324
6.2819024	0.000369549
6.294124	0.000600517
6.3063456	0.00050813
6.3185672	0.001108647
6.3307888	0.000554324
6.3430104	0.000461936
6.355232	0.000554324
6.3674536	0.000646711
6.3796752	0.000415743
6.3918968	0.000554324
6.4041184	0.000461936
6.41634	0.000415743
6.4285616	0.000831486
6.4407832	0.00050813
6.4530048	0.000785292
6.4652264	0.000600517
6.477448	0.000646711
6.4896696	0.000692905
6.5018912	0.000554324
6.5141128	0.00050813
6.5263344	0.000415743
6.538556	0.000877679
6.5507776	0.000831486
6.5629992	0.000461936
6.5752208	0.000600517
6.5874424	0.00050813
6.599664	0.000600517
6.6118856	0.000554324
6.6241072	0.000646711
6.6363288	0.000831486
6.6485504	0.000461936
6.660772	0.000877679
6.6729936	0.000692905
6.6852152	0.000600517
6.6974368	0.00050813
6.7096584	0.000739098
6.72188	0.000369549
6.7341016	0.000877679
6.7463232	0.000739098
6.7585448	0.00050813
6.7707664	0.00050813
6.782988	0.000415743
6.7952096	0.000600517
6.8074312	0.000831486
6.8196528	0.00050813
6.8318744	0.000600517
6.844096	0.000369549
6.8563176	0.000554324
6.8685392	0.000461936
6.8807608	0.000600517
6.8929824	0.000739098
6.905204	0.000323356
6.9174256	0.00050813
6.9296472	0.000692905
6.9418688	0.000461936
6.9540904	0.000554324
6.966312	0.000415743
6.9785336	0.000323356
6.9907552	0.000692905
7.0029768	0.000461936
7.0151984	0.001062454
7.02742	0.00050813
7.0396416	0.000461936
7.0518632	0.00050813
7.0640848	0.000785292
7.0763064	0.001108647
7.088528	0.000461936
7.1007496	0.000600517
7.1129712	0.000600517
7.1251928	0.000323356
7.1374144	0.000739098
7.149636	0.000646711
7.1618576	0.000785292
7.1740792	0.000461936
7.1863008	0.000600517
7.1985224	0.000600517
7.210744	0.000646711
7.2229656	0.001062454
7.2351872	0.000739098
7.2474088	0.000739098
7.2596304	0.000554324
7.271852	0.000739098
7.2840736	0.000646711
7.2962952	0.000646711
7.3085168	0.000831486
7.3207384	0.000554324
7.33296	0.000831486
7.3451816	0.000369549
7.3574032	0.000554324
7.3696248	0.000739098
7.3818464	0.000692905
7.394068	0.000646711
7.4062896	0.000600517
7.4185112	0.000323356
7.4307328	0.00050813
7.4429544	0.001108647
7.455176	0.000369549
7.4673976	0.000461936
7.4796192	0.000877679
7.4918408	0.000646711
7.5040624	0.000785292
7.516284	0.000277162
7.5285056	0.000323356
7.5407272	0.000692905
7.5529488	0.000600517
7.5651704	0.000692905
7.577392	0.000554324
7.5896136	0.000554324
7.6018352	0.000600517
7.6140568	0.000600517
7.6262784	0.000369549
7.6385	0.00050813
7.6507216	0.000369549
7.6629432	0.000739098
7.6751648	0.00050813
7.6873864	0.000323356
7.699608	0.000415743
7.7118296	0.000415743
7.7240512	0.000323356
7.7362728	0.000554324
7.7484944	0.000600517
7.760716	0.000923873
7.7729376	0.000415743
7.7851592	0.000646711
7.7973808	0.000739098
7.8096024	0.000739098
7.821824	0.000461936
7.8340456	0.000323356
7.8462672	0.000323356
7.8584888	0.000646711
7.8707104	0.00050813
7.882932	0.00050813
7.8951536	0.000554324
7.9073752	0.000739098
7.9195968	0.000646711
7.9318184	0.000461936
7.94404	0.000692905
7.9562616	0.000415743
7.9684832	0.000923873
7.9807048	0.00050813
7.9929264	0.000554324
8.005148	0.000739098
8.0173696	0.000323356
8.0295912	0.000831486
8.0418128	0.000785292
8.0540344	0.000369549
8.066256	0.00050813
8.0784776	0.000785292
8.0906992	0.000461936
8.1029208	0.000415743
8.1151424	0.000646711
8.127364	0.00101626
8.1395856	0.000831486
8.1518072	0.000554324
8.1640288	0.000554324
8.1762504	0.000600517
8.188472	0.000692905
8.2006936	0.00050813
8.2129152	0.000692905
8.2251368	0.000461936
8.2373584	0.000692905
8.24958	0.000461936
8.2618016	0.000461936
8.2740232	0.000646711
8.2862448	0.000600517
8.2984664	0.000323356
8.310688	0.000461936
8.3229096	0.000785292
8.3351312	0.000369549
8.3473528	0.000646711
8.3595744	0.000369549
8.371796	0.000461936
8.3840176	0.000600517
8.3962392	0.000415743
8.4084608	0.000923873
8.4206824	0.00050813
8.432904	0.00050813
8.4451256	0.000600517
8.4573472	0.000600517
8.4695688	0.000369549
8.4817904	0.000461936
8.494012	0.000415743
8.5062336	0.000554324
8.5184552	0.000831486
8.5306768	0.000877679
8.5428984	0.000692905
8.55512	0.000646711
8.5673416	0.00050813
8.5795632	0.000554324
8.5917848	0.000692905
8.6040064	0.000646711
8.616228	0.001062454
8.6284496	0.00050813
8.6406712	0.000323356
8.6528928	0.001108647
8.6651144	0.000415743
8.677336	0.000323356
8.6895576	0.000739098
8.7017792	0.000600517
8.7140008	0.000554324
8.7262224	0.000461936
8.738444	0.000323356
8.7506656	0.000646711
8.7628872	0.000646711
8.7751088	0.000369549
8.7873304	0.000554324
8.799552	0.000831486
8.8117736	0.000739098
8.8239952	0.00050813
8.8362168	0.000923873
8.8484384	0.00050813
8.86066	0.000415743
8.8728816	0.000831486
8.8851032	0.000415743
8.8973248	0.00050813
8.9095464	0.000739098
8.921768	0.000877679
8.9339896	0.000600517
8.9462112	0.000600517
8.9584328	0.000369549
8.9706544	0.000646711
8.982876	0.000554324
8.9950976	0.000646711
9.0073192	0.000323356
9.0195408	0.000554324
9.0317624	0.000646711
9.043984	0.000739098
9.0562056	0.00050813
9.0684272	0.000323356
9.0806488	0.001478197
9.0928704	0.004388396
9.105092	0.012056541
9.1173136	0.033859941
9.1295352	0.077466741
9.1417568	0.148004435
9.1539784	0.24796748
9.1662	0.375692905
9.1784216	0.511086475
9.1906432	0.659414265
9.2028648	0.751154841
9.2150864	0.831254619
9.227308	0.880497044
9.2395296	0.89440133
9.2517512	0.937222838
9.2639728	0.955931264
9.2761944	0.972283814
9.288416	0.975517369
9.3006376	0.980737251
9.3128592	0.993625277
9.3250808	0.998244642
9.3373024	0.987019586
9.349524	0.981892092
9.3617456	0.993348115
9.3739672	0.992747598
9.3861888	1
9.3984104	0.966186253
9.410632	0.98313932
9.4228536	0.967063932
9.4350752	0.980552476
9.4472968	0.98313932
9.4595184	0.970851811
9.47174	0.983416482
9.4839616	0.971128973
9.4961832	0.972006652
9.5084048	0.981199187
9.5206264	0.962075018
9.532848	0.984063193
9.5450696	0.985587583
9.5572912	0.975332594
9.5695128	0.980275314
9.5817344	0.968403548
9.593956	0.972099039
9.6061776	0.98022912
9.6183992	0.958518108
9.6306208	0.962536955
9.6428424	0.970251293
9.655064	0.967756837
9.6672856	0.96678677
9.6795072	0.961197339
9.6917288	0.972145233
9.7039504	0.950388027
9.716172	0.959534368
9.7283936	0.946784922
9.7406152	0.950480414
9.7528368	0.948263119
9.7650584	0.944429047
9.77728	0.938423873
9.7895016	0.945445307
9.8017232	0.930109017
9.8139448	0.927984109
9.8261664	0.93546748
9.838388	0.92405765
9.8506096	0.932187731
9.8628312	0.918652993
9.8750528	0.910476718
9.8872744	0.897727273
9.899496	0.900545085
9.9117176	0.89477088
9.9239392	0.896849593
9.9361608	0.898096822
9.9483824	0.891768293
9.960604	0.894077975
9.9728256	0.887195122
9.9850472	0.873845159
9.9972688	0.87601626
10.0094904	0.873521803
10.021712	0.866315595
10.0339336	0.867747598
10.0461552	0.860957132
10.0583768	0.861326681
10.0705984	0.859063193
10.08282	0.850055432
10.0950416	0.845944198
10.1072632	0.855460089
10.1194848	0.85370473
10.1317064	0.837167406
10.143928	0.830746489
10.1561496	0.831531781
10.1683712	0.831162232
10.1805928	0.820537694
10.1928144	0.821045824
10.205036	0.818412786
10.2172576	0.821507761
10.2294792	0.82441796
10.2417008	0.804924242
10.2539224	0.816472653
10.266144	0.801274945
10.2783656	0.804924242
10.2905872	0.799796748
10.3028088	0.790558019
10.3150304	0.793237251
10.327252	0.789079823
10.3394736	0.794992609
10.3516952	0.786585366
10.3639168	0.777531412
10.3761384	0.777900961
10.38836	0.780580192
10.4005816	0.772357724
10.4128032	0.765151515
10.4250248	0.76395048
10.4372464	0.759053954
10.449468	0.751432003
10.4616896	0.756744272
10.4739112	0.752124908
10.4861328	0.754296009
10.4983544	0.748106061
10.510576	0.735310421
10.5227976	0.754388396
10.5350192	0.739791205
10.5472408	0.72463969
10.5594624	0.743486696
10.571684	0.742655211
10.5839056	0.738451589
10.5961272	0.725933112
10.6083488	0.718957871
10.6205704	0.727134146
10.632792	0.719789357
10.6450136	0.719050259
10.6572352	0.730413895
10.6694568	0.717341094
10.6816784	0.710134885
10.6939	0.704453067
10.7061216	0.712536955
10.7183432	0.699972284
10.7305648	0.698494087
10.7427864	0.697708795
10.755008	0.687638581
10.7672296	0.696276792
10.7794512	0.680709534
10.7916728	0.676783075
10.8038944	0.679831855
10.816116	0.675443459
10.8283376	0.683665928
10.8405592	0.670731707
10.8527808	0.677475979
10.8650024	0.685837029
10.877224	0.646849593
10.8894456	0.664310791
10.9016672	0.65377864
10.9138888	0.648558758
10.9261104	0.659506652
10.938332	0.654748707
10.9505536	0.649482631
10.9627752	0.646064302
10.9749968	0.643523651
10.9872184	0.648281596
10.99944	0.635855506
11.0116616	0.639412417
11.0238832	0.638211382
11.0361048	0.626339616
11.0483264	0.631143755
11.060548	0.62652439
11.0727696	0.631374723
11.0849912	0.621858832
11.0972128	0.612712491
11.1094344	0.627078714
11.121656	0.629342203
11.1338776	0.617978566
11.1460992	0.614052106
11.1583208	0.621489283
11.1705424	0.613867332
11.182764	0.604305248
11.1949856	0.603935698
11.2072072	0.602503695
11.2194288	0.599408721
11.2316504	0.593495935
11.243872	0.610772358
11.2560936	0.595482262
11.2683152	0.58735218
11.2805368	0.584765336
11.2927584	0.585181079
11.30498	0.584950111
11.3172016	0.584026238
11.3294232	0.591186253
11.3416448	0.577420547
11.3538664	0.578667775
11.366088	0.573447894
11.3783096	0.570029564
11.3905312	0.57441796
11.4027528	0.572339246
11.4149744	0.560051737
11.427196	0.561807095
11.4394176	0.55654102
11.4516392	0.554185144
11.4638608	0.564578714
11.4760824	0.55109017
11.488304	0.559127864
11.5005256	0.541943829
11.5127472	0.555940503
11.5249688	0.540881375
11.5371904	0.550813008
11.549412	0.548826681
11.5616336	0.533998522
11.5738552	0.549981523
11.5860768	0.531226903
11.5982984	0.532104582
11.61052	0.539403178
11.6227416	0.523143016
11.6349632	0.526653732
11.6471848	0.521202882
11.6594064	0.533675166
11.671628	0.5297949
11.6838496	0.516768293
11.6960712	0.524621212
11.7082928	0.511225055
11.7205144	0.509423503
11.732736	0.511502217
11.7449576	0.510439763
11.7571792	0.510301183
11.7694008	0.504711752
11.7816224	0.513534738
11.793844	0.508453437
11.8060656	0.503141168
11.8182872	0.509608278
11.8305088	0.503556911
11.8427304	0.502217295
11.854952	0.489837398
11.8671736	0.48567997
11.8793952	0.484940872
11.8916168	0.487527716
11.9038384	0.480783444
11.91606	0.488174427
11.9282816	0.485218034
11.9405032	0.486234294
11.9527248	0.484201774
11.9649464	0.480875831
11.977168	0.48517184
11.9893896	0.478335181
12.0016112	0.474039172
12.0138328	0.480460089
12.0260544	0.462998891
12.038276	0.469373614
12.0504976	0.461613082
12.0627192	0.468126386
12.0749408	0.467017738
12.0871624	0.459950111
12.099384	0.465400961
12.1116056	0.4593034
12.1238272	0.450110865
12.1360488	0.447339246
12.1482704	0.457455654
12.160492	0.454222099
12.1727136	0.441518847
12.1849352	0.448494087
12.1971568	0.443135625
12.2093784	0.446831116
12.2216	0.438839616
12.2338216	0.43800813
12.2460432	0.436668514
12.2582648	0.43800813
12.2704864	0.431310052
12.282708	0.430986696
12.2949296	0.436298965
12.3071512	0.429878049
12.3193728	0.428261271
12.3315944	0.425212491
12.343816	0.429092757
12.3560376	0.423364745
12.3682592	0.423318551
12.3804808	0.421101256
12.3927024	0.421332225
12.404924	0.425258684
12.4171456	0.415835181
12.4293672	0.419253511
12.4415888	0.415049889
12.4538104	0.41177014
12.466032	0.414495565
12.4782536	0.411308204
12.4904752	0.415558019
12.5026968	0.410107169
12.5149184	0.41126201
12.52714	0.408351811
12.5393616	0.408675166
12.5515832	0.405487805
12.5638048	0.402346637
12.5760264	0.401007021
12.588248	0.394077975
12.6004696	0.398466371
12.6126912	0.399251663
12.6249128	0.397865854
12.6371344	0.395186622
12.649356	0.389366223
12.6615776	0.394077975
12.6737992	0.387056541
12.6860208	0.379804139
12.6982424	0.383037694
12.710464	0.380728012
12.7226856	0.387841833
12.7349072	0.380497044
12.7471288	0.380774205
12.7593504	0.382714339
12.771572	0.376940133
12.7837936	0.372366962
12.7960152	0.372782705
12.8082368	0.37892646
12.8204584	0.373891353
12.83268	0.370242055
12.8449016	0.372597931
12.8571232	0.371212121
12.8693448	0.359340355
12.8815664	0.364975979
12.893788	0.364698817
12.9060096	0.36308204
12.9182312	0.36155765
12.9304528	0.358185514
12.9426744	0.358555063
12.954896	0.356845898
12.9671176	0.35712306
12.9793392	0.355321508
12.9915608	0.354490022
13.0037824	0.351487435
13.016004	0.354767184
13.0282256	0.355875831
13.0404472	0.348438655
13.0526688	0.345297487
13.0648904	0.348392461
13.077112	0.354074279
13.0893336	0.336382114
13.1015552	0.336982631
13.1137768	0.34368071
13.1259984	0.341232446
13.13822	0.341925351
13.1504416	0.331670362
13.1626632	0.33873799
13.1748848	0.327743902
13.1871064	0.333148559
13.199328	0.33328714
13.2115496	0.328067258
13.2237712	0.330607908
13.2359928	0.337767923
13.2482144	0.32682003
13.260436	0.322662602
13.2726576	0.317766075
13.2848792	0.329453067
13.2971008	0.313423873
13.3093224	0.322200665
13.321544	0.3234017
13.3337656	0.320907243
13.3459872	0.314578714
13.3582088	0.319706208
13.3704304	0.316241685
13.382652	0.317581301
13.3948736	0.311298965
13.4070952	0.309913156
13.4193168	0.309497413
13.4315384	0.307788248
13.44376	0.306818182
13.4559816	0.308896896
13.4682032	0.303815595
13.4804248	0.301736881
13.4926464	0.308481153
13.504868	0.303861789
13.5170896	0.303215078
13.5293112	0.294576866
13.5415328	0.296239837
13.5537544	0.295084996
13.565976	0.293791574
13.5781976	0.297995196
13.5904192	0.291435698
13.6026408	0.287001109
13.6148624	0.293514412
13.627084	0.291620473
13.6393056	0.288987435
13.6515272	0.289818921
13.6637488	0.289264597
13.6759704	0.282427938
13.688192	0.282658906
13.7004136	0.290973762
13.7126352	0.28131929
13.7248568	0.28168884
13.7370784	0.285014782
13.7493	0.278316704
13.7615216	0.279656319
13.7737432	0.27383592
13.7859648	0.280626386
13.7981864	0.283305617
13.810408	0.277069475
13.8226296	0.275591279
13.8348512	0.270001848
13.8470728	0.272172949
13.8592944	0.27078714
13.871516	0.275406504
13.8837376	0.267091648
13.8959592	0.267276423
13.9081808	0.267184035
13.9204024	0.263673319
13.932624	0.26242609
13.9448456	0.264504804
13.9570672	0.262010347
13.9692888	0.257575758
13.9815104	0.260485957
13.993732	0.258592018
14.0059536	0.262610865
14.0181752	0.262980414
14.0303968	0.262841833
14.0426184	0.261456024
14.05484	0.255589431
14.0670616	0.252078714
14.0792832	0.250600517
14.0915048	0.254988914
14.1037264	0.250323356
14.115948	0.256051367
14.1281696	0.251847746
14.1403912	0.247551737
14.1526128	0.255035107
14.1648344	0.252679231
14.177056	0.24898374
14.1892776	0.246627864
14.2014992	0.247182188
14.2137208	0.246443089
14.2259424	0.240530303
14.238164	0.244964893
14.2503856	0.239837398
14.2626072	0.244918699
14.2748288	0.235818551
14.2870504	0.23808204
14.299272	0.243394309
14.3114936	0.240068367
14.3237152	0.232908352
14.3359368	0.236650037
14.3481584	0.234617517
14.36038	0.240068367
14.3726016	0.232815965
14.3848232	0.230875831
14.3970448	0.23009054
14.4092664	0.225332594
14.421488	0.230460089
14.4337096	0.226348854
14.4459312	0.230783444
14.4581528	0.232076866
14.4703744	0.229582409
14.482596	0.225286401
14.4948176	0.226903178
14.5070392	0.217156319
14.5192608	0.227503695
14.5314824	0.221868071
14.543704	0.214708056
14.5559256	0.216463415
14.5681472	0.216648189
14.5803688	0.218634516
14.5925904	0.220389874
14.604812	0.218449741
14.6170336	0.217756837
14.6292552	0.213876571
14.6414768	0.2172949
14.6536984	0.220158906
14.66592	0.21184405
14.6781416	0.214939024
14.6903632	0.213645602
14.7025848	0.208148559
14.7148064	0.206439394
14.727028	0.211659276
14.7392496	0.211197339
14.7514712	0.205515521
14.7636928	0.207501848
14.7759144	0.209626755
14.788136	0.201589061
14.8003576	0.202928677
14.8125792	0.203806356
14.8248008	0.202466741
14.8370224	0.204637842
14.849244	0.205654102
14.8614656	0.195260532
14.8736872	0.197985957
14.8859088	0.202697709
14.8981304	0.200665188
14.910352	0.199464154
14.9225736	0.197339246
14.9347952	0.19244272
14.9470168	0.197062084
14.9592384	0.192812269
14.97146	0.195814856
14.9836816	0.195029564
14.9959032	0.188747228
15.0081248	0.187084257
15.0203464	0.195583888
15.032568	0.189902069
15.0447896	0.192858463
15.0570112	0.192257945
15.0692328	0.185282705
15.0814544	0.18597561
15.093676	0.190271619
15.1058976	0.187084257
15.1181192	0.186714708
15.1303408	0.184497413
15.1425624	0.186760902
15.154784	0.184035477
15.1670056	0.181725795
15.1792272	0.181125277
15.1914488	0.185790835
15.2036704	0.179785661
15.215892	0.180709534
15.2281136	0.177014043
15.2403352	0.180062823
15.2525568	0.186391353
15.2647784	0.180755728
15.277	0.180386179
15.2892216	0.179878049
15.3014432	0.178584627
15.3136648	0.175951589
15.3258864	0.178584627
15.338108	0.179369919
15.3503296	0.178446046
15.3625512	0.174103843
15.3747728	0.17317997
15.3869944	0.174242424
15.399216	0.170685514
15.4114376	0.173688101
15.4236592	0.168837768
15.4358808	0.174750554
15.4481024	0.172995196
15.460324	0.168930155
15.4725456	0.171008869
15.4847672	0.165650407
15.4969888	0.165465632
15.5092104	0.162971175
15.521432	0.169253511
15.5336536	0.169900222
15.5458752	0.16177014
15.5580968	0.166759054
15.5703184	0.16213969
15.58254	0.163248337
15.5947616	0.160938655
15.6069832	0.16264782
15.6192048	0.159460458
15.6314264	0.162047302
15.643648	0.156642646
15.6558696	0.158167036
15.6680912	0.156919808
15.6803128	0.159321877
15.6925344	0.160107169
15.704756	0.160199557
15.7169776	0.155256837
15.7291992	0.157982262
15.7414208	0.150267923
15.7536424	0.155764967
15.765864	0.151099409
15.7780856	0.151699926
15.7903072	0.15377864
15.8025288	0.149944568
15.8147504	0.149990761
15.826972	0.153039542
15.8391936	0.150175536
15.8514152	0.150452698
15.8636368	0.150637472
15.8758584	0.145556171
15.88808	0.152623799
15.9003016	0.152208056
15.9125232	0.147681079
15.9247448	0.148928307
15.9369664	0.147080562
15.949188	0.150776053
15.9614096	0.150822247
15.9736312	0.142738359
15.9858528	0.147496305
15.9980744	0.143200296
16.010296	0.13844235
16.0225176	0.139042868
16.0347392	0.1438932
16.0469608	0.140474871
16.0591824	0.13932003
16.071404	0.143569845
16.0836256	0.141768293
16.0958472	0.134700665
16.1080688	0.138303769
16.1202904	0.145556171
16.132512	0.13488544
16.1447336	0.13691796
16.1569552	0.13793422
16.1691768	0.138165188
16.1813984	0.137749446
16.19362	0.136271249
16.2058416	0.135070214
16.2180632	0.136363636
16.2302848	0.136502217
16.2425064	0.133730599
16.254728	0.133915373
16.2669496	0.132852919
16.2791712	0.129988914
16.2913928	0.13349963
16.3036144	0.131698078
16.315836	0.129988914
16.3280576	0.129203622
16.3402792	0.130035107
16.3525008	0.134839246
16.3647224	0.133638211
16.376944	0.129665558
16.3891656	0.13095898
16.4013872	0.124676644
16.4136088	0.123198448
16.4258304	0.126940133
16.438052	0.126339616
16.4502736	0.12449187
16.4624952	0.125923873
16.4747168	0.121812639
16.4869384	0.125184775
16.49916	0.125092387
16.5113816	0.124399483
16.5236032	0.122043607
16.5358248	0.121905026
16.5480464	0.119918699
16.560268	0.120473023
16.5724896	0.123798965
16.5847112	0.122551737
16.5969328	0.1220898
16.6091544	0.122274575
16.621376	0.120611604
16.6335976	0.113359202
16.6458192	0.115345528
16.6580408	0.122921286
16.6702624	0.115484109
16.682484	0.120288248
16.6947056	0.116269401
16.7069272	0.118070953
16.7191488	0.118671471
16.7313704	0.11954915
16.743592	0.116038433
16.7558136	0.114837398
16.7680352	0.114745011
16.7802568	0.116823725
16.7924784	0.112527716
16.8047	0.117239468
16.8169216	0.113913525
16.8291432	0.111465262
16.8413648	0.112481523
16.8535864	0.111280488
16.865808	0.110356615
16.8780296	0.11054139
16.8902512	0.109940872
16.9024728	0.109756098
16.9146944	0.110726164
16.926916	0.111188101
16.9391376	0.109802291
16.9513592	0.106476349
16.9635808	0.109247967
16.9758024	0.105829638
16.988024	0.108601256
17.0002456	0.108416482
17.0124672	0.108924612
17.0246888	0.104674797
17.0369104	0.106152993
17.049132	0.103797118
17.0613536	0.104674797
17.0735752	0.103612343
17.0857968	0.104767184
17.0980184	0.103242794
17.11024	0.101718404
17.1224616	0.098115299
17.1346832	0.097422395
17.1469048	0.103519956
17.1591264	0.099916851
17.171348	0.103058019
17.1835696	0.103335181
17.1957912	0.102272727
17.2080128	0.101949372
17.2202344	0.099778271
17.232456	0.099593496
17.2446776	0.099408721
17.2568992	0.101718404
17.2691208	0.09672949
17.2813424	0.098300074
17.293564	0.097006652
17.3057856	0.095297487
17.3180072	0.097283814
17.3302288	0.098531042
17.3424504	0.092987805
17.354672	0.093542129
17.3668936	0.094881744
17.3791152	0.097099039
17.3913368	0.095898004
17.4035584	0.096452328
17.41578	0.091186253
17.4280016	0.09026238
17.4402232	0.091601996
17.4524448	0.09280303
17.4646664	0.093726903
17.476888	0.090631929
17.4891096	0.09381929
17.5013312	0.093172579
17.5135528	0.091740576
17.5257744	0.089523282
17.537996	0.086797857
17.5502176	0.095066519
17.5624392	0.090862897
17.5746608	0.090400961
17.5868824	0.090447154
17.599104	0.08633592
17.6113256	0.086520695
17.6235472	0.088368441
17.6357688	0.088599409
17.6479904	0.089523282
17.660212	0.090862897
17.6724336	0.090400961
17.6846552	0.088876571
17.6968768	0.087675536
17.7090984	0.085181079
17.72132	0.083240946
17.7335416	0.086428307
17.7457632	0.087490761
17.7579848	0.086474501
17.7702064	0.083887657
17.782428	0.085412047
17.7946496	0.084719143
17.8068712	0.085273466
17.8190928	0.083518108
17.8313144	0.08328714
17.843536	0.083933851
17.8557576	0.078667775
17.8679792	0.080838877
17.8802008	0.082039911
17.8924224	0.080700296
17.904644	0.081808943
17.9168656	0.082963784
17.9290872	0.082963784
17.9413088	0.081347007
17.9535304	0.075388027
17.965752	0.079684035
17.9779736	0.082178492
17.9901952	0.079175905
18.0024168	0.080099778
18.0146384	0.076635255
18.02686	0.07695861
18.0390816	0.077928677
18.0513032	0.076773836
18.0635248	0.07732816
18.0757464	0.077605322
18.087968	0.076265706
18.1001896	0.075757576
18.1124112	0.080007391
18.1246328	0.07441796
18.1368544	0.077050998
18.149076	0.078713969
18.1612976	0.07594235
18.1735192	0.075665188
18.1857408	0.074879897
18.1979624	0.073447894
18.210184	0.076173319
18.2224056	0.071600148
18.2346272	0.074233186
18.2468488	0.073216925
18.2590704	0.077050998
18.271292	0.07441796
18.2835136	0.074879897
18.2957352	0.071784922
18.3079568	0.071553954
18.3201784	0.072293052
18.3324	0.070722469
18.3446216	0.072801183
18.3568432	0.071923503
18.3690648	0.07187731
18.3812864	0.068366593
18.393508	0.071045824
18.4057296	0.070537694
18.4179512	0.06795085
18.4301728	0.069890983
18.4423944	0.069336659
18.454616	0.071507761
18.4668376	0.069336659
18.4790592	0.068505174
18.4912808	0.067719882
18.5035024	0.069937177
18.515724	0.068505174
18.5279456	0.067627494
18.5401672	0.06744272
18.5523888	0.069567627
18.5646104	0.068920916
18.576832	0.065317812
18.5890536	0.064301552
18.6012752	0.06947524
18.6134968	0.066380266
18.6257184	0.064578714
18.63794	0.064902069
18.6501616	0.06554878
18.6623832	0.064440133
18.6746048	0.063423873
18.6868264	0.065872136
18.699048	0.063562454
18.7112696	0.06148374
18.7234912	0.066056911
18.7357128	0.06591833
18.7479344	0.065502587
18.760156	0.061160384
18.7723776	0.064809682
18.7845992	0.062869549
18.7968208	0.058712121
18.8090424	0.063192905
18.821264	0.063793422
18.8334856	0.063701035
18.8457072	0.06148374
18.8579288	0.061760902
18.8701504	0.060282705
18.882372	0.059127864
18.8945936	0.061576127
18.9068152	0.060421286
18.9190368	0.060328899
18.9312584	0.057141537
18.94348	0.057695861
18.9557016	0.062130451
18.9679232	0.062777162
18.9801448	0.060375092
18.9923664	0.056679601
19.004588	0.058665928
19.0168096	0.057880636
19.0290312	0.055894309
19.0412528	0.062823356
19.0534744	0.05704915
19.065696	0.058019217
19.0779176	0.059035477
19.0901392	0.057695861
19.1023608	0.059174058
19.1145824	0.060236511
19.126804	0.05704915
19.1390256	0.055940503
19.1512472	0.055570953
19.1634688	0.055848115
19.1756904	0.056587214
19.187912	0.053815595
19.2001336	0.053399852
19.2123552	0.057603474
19.2245768	0.05552476
19.2367984	0.053769401
19.24902	0.054739468
19.2612416	0.055201404
19.2734632	0.058111604
19.2856848	0.053815595
19.2979064	0.053907982
19.310128	0.050905395
19.3223496	0.051875462
19.3345712	0.052429786
19.3467928	0.052475979
19.3590144	0.054416112
19.371236	0.05261456
19.3834576	0.0545085
19.3956792	0.051413525
19.4079008	0.051736881
19.4201224	0.052845528
19.432344	0.050489653
19.4445656	0.052383592
19.4567872	0.050535846
19.4690088	0.051274945
19.4812304	0.050120103
19.493452	0.052937916
19.5056736	0.049150037
19.5178952	0.048734294
19.5301168	0.05312269
19.5423384	0.050905395
19.55456	0.05007391
19.5667816	0.050120103
19.5790032	0.047440872
19.5912248	0.049658167
19.6034464	0.049796748
19.615668	0.048503326
19.6278896	0.050766814
19.6401112	0.048919069
19.6523328	0.046239837
19.6645544	0.048919069
19.676776	0.047394678
19.6889976	0.049889135
19.7012192	0.046794161
19.7134408	0.047025129
19.7256624	0.046609387
19.737884	0.05007391
19.7501056	0.047625647
19.7623272	0.044715447
19.7745488	0.046239837
19.7867704	0.050766814
19.798992	0.04309867
19.8112136	0.048641907
19.8234352	0.046932742
19.8356568	0.047025129
19.8478784	0.045315965
19.8601	0.04614745
19.8723216	0.044946415
19.8845432	0.046008869
19.8967648	0.046840355
19.9089864	0.041943829
19.921208	0.044992609
19.9334296	0.044253511
19.9456512	0.048133777
19.9578728	0.045408352
19.9700944	0.044669254
19.982316	0.044576866
19.9945376	0.045454545
20.0067592	0.045362158
20.0189808	0.041343311
20.0312024	0.043052476
20.043424	0.043375831
20.0556456	0.041990022
20.0678672	0.043375831
20.0800888	0.042405765
20.0923104	0.041250924
20.104532	0.045962676
20.1167536	0.044946415
20.1289752	0.042636733
20.1411968	0.044299704
20.1534184	0.042128603
20.16564	0.042174797
20.1778616	0.039218404
20.1900832	0.042036216
20.2023048	0.043930155
20.2145264	0.039634146
20.226748	0.04018847
20.2389696	0.04309867
20.2511912	0.042036216
20.2634128	0.042775314
20.2756344	0.039634146
20.287856	0.042359571
20.3000776	0.04222099
20.3122992	0.038987435
20.3245208	0.041297118
20.3367424	0.039495565
20.348964	0.039634146
20.3611856	0.04171286
20.3734072	0.039957502
20.3856288	0.040373245
20.3978504	0.039310791
20.410072	0.03968034
20.4222936	0.039726534
20.4345152	0.040604213
20.4467368	0.037047302
20.4589584	0.039356984
20.47118	0.03968034
20.4834016	0.037601626
20.4956232	0.038063562
20.5078448	0.038017369
20.5200664	0.038479305
20.532288	0.037555432
20.5445096	0.03815595
20.5567312	0.038294531
20.5689528	0.037555432
20.5811744	0.040511826
20.593396	0.038479305
20.6056176	0.034321877
20.6178392	0.03764782
20.6300608	0.035291944
20.6422824	0.03917221
20.654504	0.035476718
20.6667256	0.037093496
20.6789472	0.03677014
20.6911688	0.036077236
20.7033904	0.036908721
20.715612	0.032982262
20.7278336	0.034783814
20.7400552	0.035938655
20.7522768	0.035661493
20.7644984	0.035984848
20.77672	0.033305617
20.7889416	0.034137103
20.8011632	0.036077236
20.8133848	0.035060976
20.8256064	0.036723947
20.837828	0.033167036
20.8500496	0.031827421
20.8622712	0.035384331
20.8744928	0.032612712
20.8867144	0.034275684
20.898936	0.03524575
20.9111576	0.032612712
20.9233792	0.032058389
20.9356008	0.035522912
20.9478224	0.034368071
20.960044	0.034321877
20.9722656	0.032289357
20.9844872	0.033074649
20.9967088	0.032335551
21.0089304	0.035984848
21.021152	0.034645233
21.0333736	0.033120843
21.0455952	0.034968588
21.0578168	0.031873614
21.0700384	0.031827421
21.08226	0.033351811
21.0944816	0.033675166
21.1067032	0.032012195
21.1189248	0.032012195
21.1311464	0.030349224
21.143368	0.03219697
21.1555896	0.03219697
21.1678112	0.033536585
21.1800328	0.032520325
21.1922544	0.030626386
21.204476	0.031457871
21.2166976	0.031919808
21.2289192	0.032104582
21.2411408	0.030349224
21.2533624	0.032104582
21.265584	0.03118071
21.2778056	0.031042129
21.2900272	0.028963415
21.3022488	0.02928677
21.3144704	0.029101996
21.326692	0.028501478
21.3389136	0.029194383
21.3511352	0.028963415
21.3633568	0.02776238
21.3755784	0.030025868
21.3878	0.0297949
21.4000216	0.029610126
21.4122432	0.027577605
21.4244648	0.027900961
21.4366864	0.029979675
21.448908	0.029610126
21.4611296	0.02877864
21.4733512	0.029055802
21.4855728	0.029610126
21.4977944	0.028917221
21.510016	0.027161863
21.5222376	0.030903548
21.5344592	0.02928677
21.5466808	0.027900961
21.5589024	0.029517738
21.571124	0.030118256
21.5833456	0.027485218
21.5955672	0.028409091
21.6077888	0.02776238
21.6200104	0.027392831
21.632232	0.025545085
21.6444536	0.026330377
21.6566752	0.025498891
21.6688968	0.026330377
21.6811184	0.028085735
21.69334	0.025498891
21.7055616	0.029332964
21.7177832	0.027392831
21.7300048	0.026653732
21.7422264	0.026007021
21.754448	0.027392831
21.7666696	0.026607539
21.7788912	0.024621212
21.7911128	0.026330377
21.8033344	0.025314117
21.815556	0.024944568
21.8277776	0.025868441
21.8399992	0.025591279
21.8522208	0.026376571
21.8644424	0.026376571
21.876664	0.025175536
21.8888856	0.024528825
21.9011072	0.024159276
21.9133288	0.025776053
21.9255504	0.025591279
21.937772	0.024482631
21.9499936	0.027485218
21.9622152	0.023604952
21.9744368	0.023096822
21.9866584	0.024805987
21.99888	0.022681079
22.0111016	0.023789727
22.0233232	0.024805987
22.0355448	0.023974501
22.0477664	0.023235403
22.059988	0.024251663
22.0722096	0.024205469
22.0844312	0.023743533
22.0966528	0.024297857
22.1088744	0.02332779
22.121096	0.022773466
22.1333176	0.023743533
22.1455392	0.025776053
22.1577608	0.024020695
22.1699824	0.023697339
22.182204	0.024482631
22.1944256	0.022542498
22.2066472	0.022403917
22.2188688	0.02078714
22.2310904	0.023189209
22.243312	0.022034368
22.2555336	0.024159276
22.2677552	0.022588692
22.2799768	0.023004435
22.2921984	0.021988174
22.30442	0.023004435
22.3166416	0.022080562
22.3288632	0.022681079
22.3410848	0.023558758
22.3533064	0.024159276
22.365528	0.02129527
22.3777496	0.021018108
22.3899712	0.024667406
22.4021928	0.022265336
22.4144144	0.021757206
22.426636	0.022450111
22.4388576	0.023604952
22.4510792	0.022126755
22.4633008	0.022172949
22.4755224	0.020694752
22.487744	0.02281966
22.4999656	0.021711013
22.5121872	0.020694752
22.5244088	0.020463784
22.5366304	0.021249076
22.548852	0.02129527
22.5610736	0.019724686
22.5732952	0.020971914
22.5855168	0.02129527
22.5977384	0.021572432
22.60996	0.021387657
22.6221816	0.021110495
22.6344032	0.022080562
22.6466248	0.020648559
22.6588464	0.021341463
22.671068	0.020094235
22.6832896	0.020556171
22.6955112	0.018985588
22.7077328	0.020556171
22.7199544	0.020001848
22.732176	0.019262749
22.7443976	0.019447524
22.7566192	0.020833333
22.7688408	0.018847007
22.7810624	0.020371397
22.793284	0.019124169
22.8055056	0.020094235
22.8177272	0.021202882
22.8299488	0.020186622
22.8421704	0.018477458
22.854392	0.019216556
22.8666136	0.018154102
22.8788352	0.01940133
22.8910568	0.020325203
22.9032784	0.018985588
22.9155	0.017045455
22.9277216	0.019031781
22.9399432	0.018847007
22.9521648	0.018477458
22.9643864	0.019262749
22.976608	0.019262749
22.9888296	0.019355137
23.0010512	0.018939394
23.0132728	0.018292683
23.0254944	0.018107908
23.037716	0.021202882
23.0499376	0.019077975
23.0621592	0.019124169
23.0743808	0.01977088
23.0866024	0.01787694
23.098824	0.017692166
23.1110456	0.017091648
23.1232672	0.018061715
23.1354888	0.016999261
23.1477104	0.017045455
23.159932	0.018477458
23.1721536	0.01686068
23.1843752	0.016260163
23.1965968	0.017184035
23.2088184	0.017276423
23.22104	0.017184035
23.2332616	0.017137842
23.2454832	0.016906874
23.2577048	0.01736881
23.2699264	0.018246489
23.282148	0.016953067
23.2943696	0.017969327
23.3065912	0.017784553
23.3188128	0.018015521
23.3310344	0.018107908
23.343256	0.01787694
23.3554776	0.016675905
23.3676992	0.016583518
23.3799208	0.016906874
23.3921424	0.017322616
23.404364	0.016906874
23.4165856	0.017276423
23.4288072	0.013858093
23.4410288	0.017322616
23.4532504	0.016537324
23.465472	0.017923134
23.4776936	0.017184035
23.4899152	0.016906874
23.5021368	0.016306356
23.5143584	0.015659645
23.52658	0.01635255
23.5388016	0.015567258
23.5510232	0.015659645
23.5632448	0.016029194
23.5754664	0.015890613
23.587688	0.015890613
23.5999096	0.015613452
23.6121312	0.015382483
23.6243528	0.01635255
23.6365744	0.016260163
23.648796	0.015428677
23.6610176	0.015243902
23.6732392	0.01344235
23.6854608	0.016398744
23.6976824	0.01533629
23.709904	0.01445861
23.7221256	0.015659645
23.7343472	0.015243902
23.7465688	0.01533629
23.7587904	0.015474871
23.771012	0.015105322
23.7832336	0.014135255
23.7954552	0.014735772
23.8076768	0.015105322
23.8198984	0.013026608
23.83212	0.014412417
23.8443416	0.015197709
23.8565632	0.014920547
23.8687848	0.01395048
23.8810064	0.013349963
23.893228	0.014227642
23.9054496	0.013072801
23.9176712	0.013211382
23.9298928	0.014227642
23.9421144	0.01344235
23.954336	0.013765706
23.9665576	0.01482816
23.9787792	0.013534738
23.9910008	0.013118995
24.0032224	0.014042868
24.015444	0.013996674
24.0276656	0.013858093
24.0398872	0.014966741
24.0521088	0.013858093
24.0643304	0.013765706
24.076552	0.014966741
24.0887736	0.013349963
24.1009952	0.01242609
24.1132168	0.013534738
24.1254384	0.012472284
24.13766	0.013811899
24.1498816	0.012795639
24.1621032	0.012980414
24.1743248	0.014550998
24.1865464	0.014042868
24.198768	0.012195122
24.2109896	0.012841833
24.2232112	0.013026608
24.2354328	0.01344235
24.2476544	0.012518477
24.259876	0.013719512
24.2720976	0.013858093
24.2843192	0.01293422
24.2965408	0.012795639
24.3087624	0.014273836
24.320984	0.014412417
24.3332056	0.013580931
24.3454272	0.012564671
24.3576488	0.0109017
24.3698704	0.014042868
24.382092	0.011086475
24.3943136	0.01395048
24.4065352	0.013118995
24.4187568	0.010947894
24.4309784	0.012102735
24.4432	0.012749446
24.4554216	0.01242609
24.4676432	0.010947894
24.4798648	0.012148928
24.4920864	0.012379897
24.504308	0.012703252
24.5165296	0.01191796
24.5287512	0.013765706
24.5409728	0.011456024
24.5531944	0.012102735
24.565416	0.011825573
24.5776376	0.010485957
24.5898592	0.012841833
24.6020808	0.012241316
24.6143024	0.011964154
24.626524	0.011040281
24.6387456	0.012703252
24.6509672	0.012148928
24.6631888	0.011225055
24.6754104	0.011502217
24.687632	0.010208795
24.6998536	0.01191796
24.7120752	0.011132668
24.7242968	0.012379897
24.7365184	0.01191796
24.74874	0.010670732
24.7609616	0.012610865
24.7731832	0.011825573
24.7854048	0.010855506
24.7976264	0.010439763
24.809848	0.011502217
24.8220696	0.012379897
24.8342912	0.010716925
24.8465128	0.010439763
24.8587344	0.01140983
24.870956	0.009793052
24.8831776	0.011779379
24.8953992	0.010994087
24.9076208	0.010439763
24.9198424	0.01039357
24.932064	0.009977827
24.9442856	0.010994087
24.9565072	0.010763119
24.9687288	0.010763119
24.9809504	0.010439763
24.993172	0.010347376
25.0053936	0.010809313
25.0176152	0.011363636
25.0298368	0.011132668
25.0420584	0.011040281
25.05428	0.011686992
25.0665016	0.009977827
25.0787232	0.010485957
25.0909448	0.009562084
25.1031664	0.010347376
25.115388	0.011132668
25.1276096	0.010208795
25.1398312	0.009839246
25.1520528	0.009192535
25.1642744	0.010116408
25.176496	0.0109017
25.1887176	0.009977827
25.2009392	0.010809313
25.2131608	0.009608278
25.2253824	0.010347376
25.237604	0.00937731
25.2498256	0.010763119
25.2620472	0.011178862
25.2742688	0.008776792
25.2864904	0.009700665
25.298712	0.010439763
25.3109336	0.010024021
25.3231552	0.011040281
25.3353768	0.010809313
25.3475984	0.010439763
25.35982	0.010347376
25.3720416	0.009423503
25.3842632	0.007714339
25.3964848	0.008407243
25.4087064	0.009700665
25.420928	0.009284922
25.4331496	0.009331116
25.4453712	0.009053954
25.4575928	0.009238729
25.4698144	0.010070214
25.482036	0.009469697
25.4942576	0.010254989
25.5064792	0.008453437
25.5187008	0.009100148
25.5309224	0.009931633
25.543144	0.008222469
25.5553656	0.009100148
25.5675872	0.007899113
25.5798088	0.008592018
25.5920304	0.008822986
25.604252	0.008592018
25.6164736	0.008314856
25.6286952	0.008915373
25.6409168	0.008638211
25.6531384	0.008453437
25.66536	0.007806726
25.6775816	0.008545824
25.6898032	0.008684405
25.7020248	0.008222469
25.7142464	0.008407243
25.726468	0.008176275
25.7386896	0.009007761
25.7509112	0.008776792
25.7631328	0.008453437
25.7753544	0.007852919
25.787576	0.009423503
25.7997976	0.007668145
25.8120192	0.007945307
25.8242408	0.008638211
25.8364624	0.008638211
25.848684	0.0079915
25.8609056	0.007852919
25.8731272	0.007760532
25.8853488	0.008592018
25.8975704	0.008314856
25.909792	0.009053954
25.9220136	0.007298596
25.9342352	0.00849963
25.9464568	0.009007761
25.9586784	0.008037694
25.9709	0.008222469
25.9831216	0.007806726
25.9953432	0.007252402
26.0075648	0.008453437
26.0197864	0.007390983
26.032008	0.008776792
26.0442296	0.007668145
26.0564512	0.007668145
26.0686728	0.007714339
26.0808944	0.009192535
26.093116	0.007760532
26.1053376	0.006744272
26.1175592	0.007206208
26.1297808	0.008176275
26.1420024	0.007529564
26.154224	0.006698078
26.1664456	0.007160015
26.1786672	0.008130081
26.1908888	0.007113821
26.2031104	0.007021434
26.215332	0.008222469
26.2275536	0.008314856
26.2397752	0.007806726
26.2519968	0.007344789
26.2642184	0.006605691
26.27644	0.007021434
26.2886616	0.007067627
26.3008832	0.007344789
26.3131048	0.007390983
26.3253264	0.007344789
26.337548	0.006790466
26.3497696	0.007390983
26.3619912	0.007668145
26.3742128	0.008314856
26.3864344	0.007298596
26.398656	0.005774205
26.4108776	0.007621951
26.4230992	0.007160015
26.4353208	0.005635625
26.4475424	0.006698078
26.459764	0.007298596
26.4719856	0.007067627
26.4842072	0.00748337
26.4964288	0.007344789
26.5086504	0.006420916
26.520872	0.008037694
26.5330936	0.006605691
26.5453152	0.005866593
26.5575368	0.006513304
26.5697584	0.00748337
26.58198	0.007390983
26.5942016	0.006374723
26.6064232	0.007806726
26.6186448	0.007113821
26.6308664	0.00646711
26.643088	0.00697524
26.6553096	0.007760532
26.6675312	0.007760532
26.6797528	0.005681818
26.6919744	0.007206208
26.704196	0.006744272
26.7164176	0.006929047
26.7286392	0.006836659
26.7408608	0.006651885
26.7530824	0.005866593
26.765304	0.007390983
26.7775256	0.006651885
26.7897472	0.006882853
26.8019688	0.006328529
26.8141904	0.006328529
26.826412	0.005728012
26.8386336	0.00646711
26.8508552	0.006790466
26.8630768	0.006698078
26.8752984	0.007621951
26.88752	0.006605691
26.8997416	0.006051367
26.9119632	0.005635625
26.9241848	0.005266075
26.9364064	0.006790466
26.948628	0.006374723
26.9608496	0.005866593
26.9730712	0.006420916
26.9852928	0.005358463
26.9975144	0.006605691
27.009736	0.005589431
27.0219576	0.006790466
27.0341792	0.005866593
27.0464008	0.006559497
27.0586224	0.007021434
27.070844	0.006651885
27.0830656	0.006651885
27.0952872	0.00646711
27.1075088	0.005681818
27.1197304	0.006005174
27.131952	0.007113821
27.1441736	0.005543237
27.1563952	0.006282336
27.1686168	0.005543237
27.1808384	0.006236142
27.19306	0.00545085
27.2052816	0.005173688
27.2175032	0.005774205
27.2297248	0.005358463
27.2419464	0.006051367
27.254168	0.005035107
27.2663896	0.006374723
27.2786112	0.004388396
27.2908328	0.00545085
27.3030544	0.005497044
27.315276	0.005820399
27.3274976	0.005635625
27.3397192	0.006328529
27.3519408	0.006051367
27.3641624	0.005589431
27.376384	0.005266075
27.3886056	0.004896526
27.4008272	0.004804139
27.4130488	0.00494272
27.4252704	0.005266075
27.437492	0.004988914
27.4497136	0.005681818
27.4619352	0.005081301
27.4741568	0.004526977
27.4863784	0.00545085
27.4986	0.005081301
27.5108216	0.005035107
27.5230432	0.004804139
27.5352648	0.005497044
27.5474864	0.005543237
27.559708	0.005820399
27.5719296	0.005774205
27.5841512	0.004573171
27.5963728	0.004711752
27.6085944	0.00646711
27.620816	0.004388396
27.6330376	0.005266075
27.6452592	0.004480783
27.6574808	0.00545085
27.6697024	0.004665558
27.681924	0.004988914
27.6941456	0.004711752
27.7063672	0.005035107
27.7185888	0.005312269
27.7308104	0.004988914
27.743032	0.004850333
27.7552536	0.005404656
27.7674752	0.00443459
27.7796968	0.004157428
27.7919184	0.006513304
27.80414	0.004896526
27.8163616	0.005035107
27.8285832	0.005266075
27.8408048	0.005081301
27.8530264	0.004249815
27.865248	0.00545085
27.8774696	0.005266075
27.8896912	0.00443459
27.9019128	0.004065041
27.9141344	0.005266075
27.926356	0.005173688
27.9385776	0.004988914
27.9507992	0.005358463
27.9630208	0.004988914
27.9752424	0.003834072
27.987464	0.004526977
27.9996856	0.00443459
28.0119072	0.004065041
28.0241288	0.004804139
28.0363504	0.004804139
28.048572	0.004619364
28.0607936	0.004111234
28.0730152	0.005497044
28.0852368	0.003695492
28.0974584	0.004804139
28.10968	0.005497044
28.1219016	0.004804139
28.1341232	0.004526977
28.1463448	0.004480783
28.1585664	0.005404656
28.170788	0.00494272
28.1830096	0.00443459
28.1952312	0.004296009
28.2074528	0.003510717
28.2196744	0.004296009
28.231896	0.004619364
28.2441176	0.005081301
28.2563392	0.004111234
28.2685608	0.004573171
28.2807824	0.004111234
28.293004	0.004480783
28.3052256	0.004388396
28.3174472	0.003741685
28.3296688	0.004065041
28.3418904	0.00392646
28.354112	0.004665558
28.3663336	0.003834072
28.3785552	0.004018847
28.3907768	0.003972653
28.4029984	0.003787879
28.41522	0.003972653
28.4274416	0.004480783
28.4396632	0.004065041
28.4518848	0.004157428
28.4641064	0.004203622
28.476328	0.003972653
28.4885496	0.004665558
28.5007712	0.00494272
28.5129928	0.003972653
28.5252144	0.004296009
28.537436	0.004157428
28.5496576	0.004342203
28.5618792	0.004018847
28.5741008	0.004711752
28.5863224	0.003972653
28.598544	0.004850333
28.6107656	0.004065041
28.6229872	0.004342203
28.6352088	0.004065041
28.6474304	0.004065041
28.659652	0.004757945
28.6718736	0.004111234
28.6840952	0.003972653
28.6963168	0.00443459
28.7085384	0.005035107
28.72076	0.004757945
28.7329816	0.004203622
28.7452032	0.003834072
28.7574248	0.003603104
28.7696464	0.004388396
28.781868	0.004665558
28.7940896	0.004342203
28.8063112	0.004342203
28.8185328	0.003834072
28.8307544	0.003279749
28.842976	0.003787879
28.8551976	0.003972653
28.8674192	0.004203622
28.8796408	0.004619364
28.8918624	0.003603104
28.904084	0.004296009
28.9163056	0.004203622
28.9285272	0.00341833
28.9407488	0.003695492
28.9529704	0.00443459
28.965192	0.003603104
28.9774136	0.00341833
28.9896352	0.004111234
29.0018568	0.003834072
29.0140784	0.004157428
29.0263	0.004111234
29.0385216	0.003787879
29.0507432	0.00443459
29.0629648	0.004018847
29.0751864	0.003233555
29.087408	0.004296009
29.0996296	0.004111234
29.1118512	0.003279749
29.1240728	0.004526977
29.1362944	0.003002587
29.148516	0.003649298
29.1607376	0.003187361
29.1729592	0.004203622
29.1851808	0.003233555
29.1974024	0.003787879
29.209624	0.003695492
29.2218456	0.003187361
29.2340672	0.004757945
29.2462888	0.003972653
29.2585104	0.003094974
29.270732	0.003556911
29.2829536	0.003787879
29.2951752	0.003603104
29.3073968	0.003787879
29.3196184	0.003233555
29.33184	0.003556911
29.3440616	0.003510717
29.3562832	0.004296009
29.3685048	0.003372136
29.3807264	0.003187361
29.392948	0.003510717
29.4051696	0.002956393
29.4173912	0.003141168
29.4296128	0.003094974
29.4418344	0.003187361
29.454056	0.003372136
29.4662776	0.004480783
29.4784992	0.00341833
29.4907208	0.003187361
29.5029424	0.003510717
29.515164	0.003464523
29.5273856	0.003510717
29.5396072	0.003094974
29.5518288	0.003880266
29.5640504	0.003464523
29.576272	0.003325942
29.5884936	0.00304878
29.6007152	0.003510717
29.6129368	0.002956393
29.6251584	0.003233555
29.63738	0.003464523
29.6496016	0.002771619
29.6618232	0.003834072
29.6740448	0.003325942
29.6862664	0.003279749
29.698488	0.003094974
29.7107096	0.002725425
29.7229312	0.002448263
29.7351528	0.003002587
29.7473744	0.003233555
29.759596	0.003603104
29.7718176	0.003603104
29.7840392	0.003880266
29.7962608	0.002633038
29.8084824	0.004018847
29.820704	0.003787879
29.8329256	0.003464523
29.8451472	0.0029102
29.8573688	0.003556911
29.8695904	0.0029102
29.881812	0.003187361
29.8940336	0.003603104
29.9062552	0.003233555
29.9184768	0.002771619
29.9306984	0.003279749
29.94292	0.00304878
29.9551416	0.002679231
29.9673632	0.002309682
29.9795848	0.002633038
29.9918064	0.002448263
30.004028	0.0029102
30.0162496	0.002864006
30.0284712	0.002355876
30.0406928	0.002586844
30.0529144	0.002864006
30.065136	0.002494457
30.0773576	0.0029102
30.0895792	0.002078714
30.1018008	0.00304878
30.1140224	0.002771619
30.126244	0.003372136
30.1384656	0.002494457
30.1506872	0.003002587
30.1629088	0.002633038
30.1751304	0.002586844
30.187352	0.003464523
30.1995736	0.00341833
30.2117952	0.003372136
30.2240168	0.003741685
30.2362384	0.002817812
30.24846	0.00304878
30.2606816	0.003279749
30.2729032	0.003141168
30.2851248	0.003187361
30.2973464	0.002494457
30.309568	0.002771619
30.3217896	0.00254065
30.3340112	0.002679231
30.3462328	0.002448263
30.3584544	0.003279749
30.370676	0.002124908
30.3828976	0.002494457
30.3951192	0.002956393
30.4073408	0.002171101
30.4195624	0.002864006
30.431784	0.00304878
30.4440056	0.00254065
30.4562272	0.002817812
30.4684488	0.002263489
30.4806704	0.002448263
30.492892	0.002817812
30.5051136	0.002402069
30.5173352	0.002633038
30.5295568	0.003233555
30.5417784	0.002402069
30.554	0.002679231
30.5662216	0.0029102
30.5784432	0.002586844
30.5906648	0.003002587
30.6028864	0.002217295
30.615108	0.001893939
30.6273296	0.002448263
30.6395512	0.002817812
30.6517728	0.003233555
30.6639944	0.002309682
30.676216	0.002586844
30.6884376	0.002402069
30.7006592	0.002448263
30.7128808	0.001940133
30.7251024	0.002725425
30.737324	0.002078714
30.7495456	0.002171101
30.7617672	0.002956393
30.7739888	0.002263489
30.7862104	0.002725425
30.798432	0.002864006
30.8106536	0.001986327
30.8228752	0.002448263
30.8350968	0.001709165
30.8473184	0.002725425
30.85954	0.002355876
30.8717616	0.002679231
30.8839832	0.00254065
30.8962048	0.002078714
30.9084264	0.002355876
30.920648	0.002864006
30.9328696	0.002633038
30.9450912	0.002725425
30.9573128	0.002309682
30.9695344	0.001893939
30.981756	0.002402069
30.9939776	0.002309682
31.0061992	0.003094974
31.0184208	0.0029102
31.0306424	0.002817812
31.042864	0.002448263
31.0550856	0.001709165
31.0673072	0.002494457
31.0795288	0.00203252
31.0917504	0.001893939
31.103972	0.002309682
31.1161936	0.001755358
31.1284152	0.003187361
31.1406368	0.002355876
31.1528584	0.002402069
31.16508	0.002725425
31.1773016	0.002263489
31.1895232	0.002402069
31.2017448	0.002124908
31.2139664	0.002217295
31.226188	0.0029102
31.2384096	0.002309682
31.2506312	0.002217295
31.2628528	0.0029102
31.2750744	0.001893939
31.287296	0.001986327
31.2995176	0.001709165
31.3117392	0.001709165
31.3239608	0.002078714
31.3361824	0.002771619
31.348404	0.002124908
31.3606256	0.002078714
31.3728472	0.002402069
31.3850688	0.002171101
31.3972904	0.001940133
31.409512	0.002124908
31.4217336	0.002217295
31.4339552	0.002124908
31.4461768	0.002402069
31.4583984	0.001755358
31.47062	0.002448263
31.4828416	0.002448263
31.4950632	0.002309682
31.5072848	0.002309682
31.5195064	0.002725425
31.531728	0.00203252
31.5439496	0.002263489
31.5561712	0.001986327
31.5683928	0.001986327
31.5806144	0.001986327
31.592836	0.001616778
31.6050576	0.002171101
31.6172792	0.002217295
31.6295008	0.002078714
31.6417224	0.001755358
31.653944	0.002309682
31.6661656	0.002402069
31.6783872	0.002171101
31.6906088	0.002263489
31.7028304	0.001847746
31.715052	0.001986327
31.7272736	0.001986327
31.7394952	0.001801552
31.7517168	0.002171101
31.7639384	0.001616778
31.77616	0.002586844
31.7883816	0.001755358
31.8006032	0.001616778
31.8128248	0.002078714
31.8250464	0.00203252
31.837268	0.002263489
31.8494896	0.001986327
31.8617112	0.002124908
31.8739328	0.001986327
31.8861544	0.001986327
31.898376	0.001940133
31.9105976	0.001478197
31.9228192	0.001940133
31.9350408	0.001801552
31.9472624	0.002309682
31.959484	0.001293422
31.9717056	0.002124908
31.9839272	0.001755358
31.9961488	0.001616778
32.0083704	0.001801552
32.020592	0.001755358
32.0328136	0.002263489
32.0450352	0.001709165
32.0572568	0.00203252
32.0694784	0.00152439
32.0817	0.001755358
32.0939216	0.001755358
32.1061432	0.00203252
32.1183648	0.001847746
32.1305864	0.002448263
32.142808	0.001940133
32.1550296	0.002217295
32.1672512	0.001616778
32.1794728	0.002309682
32.1916944	0.001662971
32.203916	0.001432003
32.2161376	0.001940133
32.2283592	0.001755358
32.2405808	0.002078714
32.2528024	0.00203252
32.265024	0.00203252
32.2772456	0.001662971
32.2894672	0.001662971
32.3016888	0.001940133
32.3139104	0.001247228
32.326132	0.001755358
32.3383536	0.002078714
32.3505752	0.002217295
32.3627968	0.001339616
32.3750184	0.001662971
32.38724	0.001662971
32.3994616	0.001616778
32.4116832	0.000785292
32.4239048	0.001616778
32.4361264	0.00101626
32.448348	0.001339616
32.4605696	0.001570584
32.4727912	0.001893939
32.4850128	0.002078714
32.4972344	0.001570584
32.509456	0.001616778
32.5216776	0.00203252
32.5338992	0.001432003
32.5461208	0.001893939
32.5583424	0.001893939
32.570564	0.001385809
32.5827856	0.001801552
32.5950072	0.001662971
32.6072288	0.001709165
32.6194504	0.00152439
32.631672	0.001662971
32.6438936	0.00152439
32.6561152	0.001616778
32.6683368	0.00203252
32.6805584	0.001432003
32.69278	0.001616778
32.7050016	0.001709165
32.7172232	0.001940133
32.7294448	0.001662971
32.7416664	0.001478197
32.753888	0.001616778
32.7661096	0.001847746
32.7783312	0.001339616
32.7905528	0.00203252
32.8027744	0.00152439
32.814996	0.001247228
32.8272176	0.001293422
32.8394392	0.001662971
32.8516608	0.001662971
32.8638824	0.001893939
32.876104	0.001709165
32.8883256	0.001385809
32.9005472	0.001339616
32.9127688	0.001893939
32.9249904	0.001847746
32.937212	0.00203252
32.9494336	0.001432003
32.9616552	0.001801552
32.9738768	0.001432003
32.9860984	0.001801552
32.99832	0.001847746
33.0105416	0.001570584
33.0227632	0.00152439
33.0349848	0.001385809
33.0472064	0.001247228
33.059428	0.001432003
33.0716496	0.001432003
33.0838712	0.001893939
33.0960928	0.001432003
33.1083144	0.001385809
33.120536	0.001570584
33.1327576	0.001570584
33.1449792	0.001108647
33.1572008	0.001616778
33.1694224	0.001201035
33.181644	0.001709165
33.1938656	0.00101626
33.2060872	0.002263489
33.2183088	0.001339616
33.2305304	0.001385809
33.242752	0.001339616
33.2549736	0.001893939
33.2671952	0.001293422
33.2794168	0.001339616
33.2916384	0.00152439
33.30386	0.001570584
33.3160816	0.001662971
33.3283032	0.001709165
33.3405248	0.001432003
33.3527464	0.001432003
33.364968	0.001801552
33.3771896	0.000970067
33.3894112	0.001616778
33.4016328	0.001570584
33.4138544	0.00152439
33.426076	0.001432003
33.4382976	0.001662971
33.4505192	0.001293422
33.4627408	0.001755358
33.4749624	0.001755358
33.487184	0.001709165
33.4994056	0.001616778
33.5116272	0.001154841
33.5238488	0.00152439
33.5360704	0.002078714
33.548292	0.001570584
33.5605136	0.001847746
33.5727352	0.001108647
33.5849568	0.001339616
33.5971784	0.00101626
33.6094	0.001432003
33.6216216	0.001570584
33.6338432	0.001247228
33.6460648	0.001062454
33.6582864	0.001339616
33.670508	0.001478197
33.6827296	0.001339616
33.6949512	0.000923873
33.7071728	0.001801552
33.7193944	0.001293422
33.731616	0.001293422
33.7438376	0.001385809
33.7560592	0.001432003
33.7682808	0.000692905
33.7805024	0.001339616
33.792724	0.001478197
33.8049456	0.001154841
33.8171672	0.00152439
33.8293888	0.001293422
33.8416104	0.001478197
33.853832	0.001432003
33.8660536	0.001201035
33.8782752	0.000970067
33.8904968	0.001062454
33.9027184	0.001662971
33.91494	0.001062454
33.9271616	0.001247228
33.9393832	0.001154841
33.9516048	0.001247228
33.9638264	0.001478197
33.976048	0.001154841
33.9882696	0.001201035
34.0004912	0.000970067
34.0127128	0.000970067
34.0249344	0.001062454
34.037156	0.001478197
34.0493776	0.001154841
34.0615992	0.001478197
34.0738208	0.001847746
34.0860424	0.001709165
34.098264	0.001432003
34.1104856	0.001247228
34.1227072	0.001201035
34.1349288	0.001339616
34.1471504	0.001247228
34.159372	0.001201035
34.1715936	0.001108647
34.1838152	0.001339616
34.1960368	0.001293422
34.2082584	0.001062454
34.22048	0.001062454
34.2327016	0.001478197
34.2449232	0.001293422
34.2571448	0.001339616
34.2693664	0.000923873
34.281588	0.001154841
34.2938096	0.001339616
34.3060312	0.001385809
34.3182528	0.001385809
34.3304744	0.001062454
34.342696	0.001662971
34.3549176	0.001570584
34.3671392	0.001339616
34.3793608	0.000970067
34.3915824	0.001062454
34.403804	0.001108647
34.4160256	0.001293422
34.4282472	0.000877679
34.4404688	0.00152439
34.4526904	0.00152439
34.464912	0.001108647
34.4771336	0.001385809
34.4893552	0.001247228
34.5015768	0.001247228
34.5137984	0.001662971
34.52602	0.001154841
34.5382416	0.001247228
34.5504632	0.001108647
34.5626848	0.001108647
34.5749064	0.001339616
34.587128	0.001339616
34.5993496	0.001847746
34.6115712	0.001247228
34.6237928	0.001893939
34.6360144	0.001108647
34.648236	0.00101626
34.6604576	0.001062454
34.6726792	0.001062454
34.6849008	0.001201035
34.6971224	0.000831486
34.709344	0.00101626
34.7215656	0.001201035
34.7337872	0.00101626
34.7460088	0.001062454
34.7582304	0.001154841
34.770452	0.001108647
34.7826736	0.001108647
34.7948952	0.001293422
34.8071168	0.001339616
34.8193384	0.001478197
34.83156	0.001108647
34.8437816	0.00101626
34.8560032	0.00101626
34.8682248	0.001154841
34.8804464	0.001108647
34.892668	0.001709165
34.9048896	0.001154841
34.9171112	0.001662971
34.9293328	0.001201035
34.9415544	0.001247228
34.953776	0.001432003
34.9659976	0.00101626
34.9782192	0.00101626
34.9904408	0.000739098
35.0026624	0.000970067
35.014884	0.000923873
35.0271056	0.00101626
35.0393272	0.000970067
35.0515488	0.000785292
35.0637704	0.001339616
35.075992	0.001201035
35.0882136	0.001062454
35.1004352	0.000877679
35.1126568	0.001432003
35.1248784	0.001201035
35.1371	0.000970067
35.1493216	0.001293422
35.1615432	0.000692905
35.1737648	0.000785292
35.1859864	0.001154841
35.198208	0.000970067
35.2104296	0.001385809
35.2226512	0.000600517
35.2348728	0.001154841
35.2470944	0.001201035
35.259316	0.000923873
35.2715376	0.001247228
35.2837592	0.00101626
35.2959808	0.001108647
35.3082024	0.000970067
35.320424	0.001293422
35.3326456	0.000970067
35.3448672	0.000831486
35.3570888	0.000877679
35.3693104	0.001108647
35.381532	0.000831486
35.3937536	0.000831486
35.4059752	0.001108647
35.4181968	0.001108647
35.4304184	0.001201035
35.44264	0.001570584
35.4548616	0.000831486
35.4670832	0.001339616
35.4793048	0.000692905
35.4915264	0.000692905
35.503748	0.001339616
35.5159696	0.001062454
35.5281912	0.001570584
35.5404128	0.000831486
35.5526344	0.000923873
35.564856	0.000600517
35.5770776	0.001385809
35.5892992	0.001293422
35.6015208	0.001478197
35.6137424	0.000923873
35.625964	0.00101626
35.6381856	0.000970067
35.6504072	0.001339616
35.6626288	0.000970067
35.6748504	0.000923873
35.687072	0.000739098
35.6992936	0.001385809
35.7115152	0.001062454
35.7237368	0.00101626
35.7359584	0.001062454
35.74818	0.001339616
35.7604016	0.001062454
35.7726232	0.001108647
35.7848448	0.000554324
35.7970664	0.000970067
35.809288	0.001062454
35.8215096	0.001247228
35.8337312	0.000739098
35.8459528	0.001062454
35.8581744	0.000554324
35.870396	0.001062454
35.8826176	0.001247228
35.8948392	0.000646711
35.9070608	0.000877679
35.9192824	0.001201035
35.931504	0.001108647
35.9437256	0.001062454
35.9559472	0.001154841
35.9681688	0.000646711
35.9803904	0.000831486
35.992612	0.001293422
36.0048336	0.000923873
36.0170552	0.000923873
36.0292768	0.00101626
36.0414984	0.000461936
36.05372	0.00101626
36.0659416	0.000461936
36.0781632	0.000831486
36.0903848	0.001062454
36.1026064	0.000739098
36.114828	0.000692905
36.1270496	0.000785292
36.1392712	0.000970067
36.1514928	0.000739098
36.1637144	0.001201035
36.175936	0.000785292
36.1881576	0.000554324
36.2003792	0.001108647
36.2126008	0.000970067
36.2248224	0.00101626
36.237044	0.000877679
36.2492656	0.001293422
36.2614872	0.000646711
36.2737088	0.000831486
36.2859304	0.001108647
36.298152	0.000923873
36.3103736	0.001062454
36.3225952	0.000692905
36.3348168	0.000970067
36.3470384	0.000923873
36.35926	0.000923873
36.3714816	0.000646711
36.3837032	0.000923873
36.3959248	0.00050813
36.4081464	0.000877679
36.420368	0.000877679
36.4325896	0.000923873
36.4448112	0.000923873
36.4570328	0.001339616
36.4692544	0.000970067
36.481476	0.000646711
36.4936976	0.000923873
36.5059192	0.000646711
36.5181408	0.001154841
36.5303624	0.000877679
36.542584	0.001154841
36.5548056	0.00101626
36.5670272	0.000692905
36.5792488	0.000877679
36.5914704	0.000600517
36.603692	0.001062454
36.6159136	0.000877679
36.6281352	0.000739098
36.6403568	0.000831486
36.6525784	0.000923873
36.6648	0.001062454
36.6770216	0.000554324
36.6892432	0.000646711
36.7014648	0.000739098
36.7136864	0.000923873
36.725908	0.000831486
36.7381296	0.000923873
36.7503512	0.000646711
36.7625728	0.000831486
36.7747944	0.000600517
36.787016	0.000554324
36.7992376	0.000646711
36.8114592	0.001385809
36.8236808	0.000739098
36.8359024	0.000923873
36.848124	0.000970067
36.8603456	0.001062454
36.8725672	0.000692905
36.8847888	0.000877679
36.8970104	0.000692905
36.909232	0.000692905
36.9214536	0.000831486
36.9336752	0.000923873
36.9458968	0.000415743
36.9581184	0.000877679
36.97034	0.000923873
36.9825616	0.000877679
36.9947832	0.000692905
37.0070048	0.000970067
37.0192264	0.000692905
37.031448	0.000600517
37.0436696	0.000785292
37.0558912	0.000785292
37.0681128	0.000970067
37.0803344	0.001247228
37.092556	0.00050813
37.1047776	0.000692905
37.1169992	0.000600517
37.1292208	0.000970067
37.1414424	0.000923873
37.153664	0.000877679
37.1658856	0.000739098
37.1781072	0.000692905
37.1903288	0.000692905
37.2025504	0.000692905
37.214772	0.00050813
37.2269936	0.000369549
37.2392152	0.000600517
37.2514368	0.000692905
37.2636584	0.000923873
37.27588	0.000877679
37.2881016	0.00101626
37.3003232	0.000739098
37.3125448	0.000692905
37.3247664	0.00050813
37.336988	0.000554324
37.3492096	0.000646711
37.3614312	0.000692905
37.3736528	0.000923873
37.3858744	0.000970067
37.398096	0.000739098
37.4103176	0.000600517
37.4225392	0.000600517
37.4347608	0.001062454
37.4469824	0.00101626
37.459204	0.001154841
37.4714256	0.00050813
37.4836472	0.000739098
37.4958688	0.000923873
37.5080904	0.000739098
37.520312	0.000739098
37.5325336	0.000785292
37.5447552	0.000831486
37.5569768	0.000646711
37.5691984	0.000692905
37.58142	0.000739098
37.5936416	0.000831486
37.6058632	0.001247228
37.6180848	0.000646711
37.6303064	0.000970067
37.642528	0.000461936
37.6547496	0.000369549
37.6669712	0.000646711
37.6791928	0.000831486
37.6914144	0.000970067
37.703636	0.000646711
37.7158576	0.000785292
37.7280792	0.000877679
37.7403008	0.000600517
37.7525224	0.000877679
37.764744	0.000923873
37.7769656	0.000831486
37.7891872	0.000646711
37.8014088	0.000970067
37.8136304	0.001154841
37.825852	0.000692905
37.8380736	0.000692905
37.8502952	0.000785292
37.8625168	0.000831486
37.8747384	0.000646711
37.88696	0.001154841
37.8991816	0.000923873
37.9114032	0.000923873
37.9236248	0.000923873
37.9358464	0.00050813
37.948068	0.000877679
37.9602896	0.001062454
37.9725112	0.000785292
37.9847328	0.000970067
37.9969544	0.000831486
38.009176	0.000646711
38.0213976	0.000739098
38.0336192	0.000461936
38.0458408	0.000554324
38.0580624	0.000461936
38.070284	0.000739098
38.0825056	0.000739098
38.0947272	0.00050813
38.1069488	0.000646711
38.1191704	0.000415743
38.131392	0.000600517
38.1436136	0.000554324
38.1558352	0.000600517
38.1680568	0.001154841
38.1802784	0.000739098
38.1925	0.000923873
38.2047216	0.000692905
38.2169432	0.000785292
38.2291648	0.000692905
38.2413864	0.000923873
38.253608	0.000923873
38.2658296	0.000646711
38.2780512	0.000600517
38.2902728	0.000970067
38.3024944	0.000600517
38.314716	0.000600517
38.3269376	0.000692905
38.3391592	0.00101626
38.3513808	0.00050813
38.3636024	0.000646711
38.375824	0.000646711
38.3880456	0.00050813
38.4002672	0.000739098
38.4124888	0.000554324
38.4247104	0.000600517
38.436932	0.000785292
38.4491536	0.000600517
38.4613752	0.000739098
38.4735968	0.000739098
38.4858184	0.000554324
38.49804	0.000831486
38.5102616	0.000877679
38.5224832	0.000877679
38.5347048	0.000461936
38.5469264	0.000785292
38.559148	0.000831486
38.5713696	0.000646711
38.5835912	0.000739098
38.5958128	0.001062454
38.6080344	0.000692905
38.620256	0.000646711
38.6324776	0.000739098
38.6446992	0.000554324
38.6569208	0.000554324
38.6691424	0.000785292
38.681364	0.000739098
38.6935856	0.000831486
38.7058072	0.000831486
38.7180288	0.000739098
38.7302504	0.000831486
38.742472	0.000785292
38.7546936	0.000415743
38.7669152	0.000554324
38.7791368	0.000554324
38.7913584	0.000692905
38.80358	0.000554324
38.8158016	0.000369549
38.8280232	0.000600517
38.8402448	0.000923873
38.8524664	0.000739098
38.864688	0.000739098
38.8769096	0.000970067
38.8891312	0.000923873
38.9013528	0.000877679
38.9135744	0.000692905
38.925796	0.000692905
38.9380176	0.000970067
38.9502392	0.000554324
38.9624608	0.000646711
38.9746824	0.000877679
38.986904	0.000877679
38.9991256	0.000739098
39.0113472	0.000785292
39.0235688	0.000600517
39.0357904	0.000785292
39.048012	0.000369549
39.0602336	0.000877679
39.0724552	0.000785292
39.0846768	0.000554324
39.0968984	0.000369549
39.10912	0.000831486
39.1213416	0.000554324
39.1335632	0.000600517
39.1457848	0.000646711
39.1580064	0.000600517
39.170228	0.000692905
39.1824496	0.000739098
39.1946712	0.001062454
39.2068928	0.000600517
39.2191144	0.000692905
39.231336	0.000600517
39.2435576	0.000785292
39.2557792	0.000369549
39.2680008	0.000461936
39.2802224	0.000461936
39.292444	0.000600517
39.3046656	0.000415743
39.3168872	0.000554324
39.3291088	0.000554324
39.3413304	0.000461936
39.353552	0.000692905
39.3657736	0.000646711
39.3779952	0.000970067
39.3902168	0.000554324
39.4024384	0.000415743
39.41466	0.000923873
39.4268816	0.000692905
39.4391032	0.000461936
39.4513248	0.000600517
39.4635464	0.000646711
39.475768	0.000554324
39.4879896	0.000785292
39.5002112	0.000554324
39.5124328	0.000461936
39.5246544	0.000554324
39.536876	0.00050813
39.5490976	0.000554324
39.5613192	0.000923873
39.5735408	0.000646711
39.5857624	0.000646711
39.597984	0.001154841
39.6102056	0.000692905
39.6224272	0.000739098
39.6346488	0.000554324
39.6468704	0.000646711
39.659092	0.000923873
39.6713136	0.00101626
39.6835352	0.000554324
39.6957568	0.000415743
39.7079784	0.000461936
39.7202	0.000831486
39.7324216	0.00050813
39.7446432	0.000600517
39.7568648	0.000739098
39.7690864	0.000554324
39.781308	0.000970067
39.7935296	0.000877679
39.8057512	0.000831486
39.8179728	0.000369549
39.8301944	0.000461936
39.842416	0.000831486
39.8546376	0.000877679
39.8668592	0.000692905
39.8790808	0.000739098
39.8913024	0.000554324
39.903524	0.000877679
39.9157456	0.00050813
39.9279672	0.000877679
39.9401888	0.000785292
39.9524104	0.00050813
39.964632	0.000277162
39.9768536	0.000369549
39.9890752	0.000415743
40.0012968	0.00050813
40.0135184	0.000877679
40.02574	0.000646711
40.0379616	0.000739098
40.0501832	0.000831486
40.0624048	0.000646711
40.0746264	0.000600517
40.086848	0.000785292
40.0990696	0.000600517
40.1112912	0.000415743
40.1235128	0.000600517
40.1357344	0.000739098
40.147956	0.000646711
40.1601776	0.000461936
40.1723992	0.000461936
40.1846208	0.000646711
40.1968424	0.000646711
40.209064	0.000739098
40.2212856	0.00101626
40.2335072	0.000323356
40.2457288	0.000739098
40.2579504	0.00050813
40.270172	0.000877679
40.2823936	0.000461936
40.2946152	0.00050813
40.3068368	0.00050813
40.3190584	0.000600517
40.33128	0.000369549
40.3435016	0.000877679
40.3557232	0.000646711
40.3679448	0.000461936
40.3801664	0.000369549
40.392388	0.000877679
40.4046096	0.000831486
40.4168312	0.00050813
40.4290528	0.000554324
40.4412744	0.000646711
40.453496	0.000692905
40.4657176	0.000646711
40.4779392	0.000600517
40.4901608	0.000600517
40.5023824	0.000739098
40.514604	0.000646711
40.5268256	0.000646711
40.5390472	0.000600517
40.5512688	0.001062454
40.5634904	0.000785292
40.575712	0.000785292
40.5879336	0.000692905
40.6001552	0.000415743
40.6123768	0.000831486
40.6245984	0.000646711
40.63682	0.000970067
40.6490416	0.000739098
40.6612632	0.00101626
40.6734848	0.000415743
40.6857064	0.000646711
40.697928	0.000923873
40.7101496	0.000646711
40.7223712	0.000739098
40.7345928	0.000692905
40.7468144	0.000785292
40.759036	0.00050813
40.7712576	0.000323356
40.7834792	0.001062454
40.7957008	0.00050813
40.8079224	0.000646711
40.820144	0.000600517
40.8323656	0.000831486
40.8445872	0.00050813
40.8568088	0.000277162
40.8690304	0.000646711
40.881252	0.000369549
40.8934736	0.000970067
40.9056952	0.00050813
40.9179168	0.000785292
40.9301384	0.000415743
40.94236	0.00050813
40.9545816	0.000323356
40.9668032	0.000646711
40.9790248	0.00050813
40.9912464	0.000277162
41.003468	0.000415743
41.0156896	0.000554324
41.0279112	0.000923873
41.0401328	0.000646711
41.0523544	0.000877679
41.064576	0.000923873
41.0767976	0.000323356
41.0890192	0.000554324
41.1012408	0.000692905
41.1134624	0.000692905
41.125684	0.000739098
41.1379056	0.000923873
41.1501272	0.000600517
41.1623488	0.000692905
41.1745704	0.000692905
41.186792	0.000785292
41.1990136	0.000646711
41.2112352	0.000600517
41.2234568	0.000554324
41.2356784	0.000646711
41.2479	0.000554324
41.2601216	0.000554324
41.2723432	0.000646711
41.2845648	0.000369549
41.2967864	0.000739098
41.309008	0.000646711
41.3212296	0.000646711
41.3334512	0.000415743
41.3456728	0.000785292
41.3578944	0.000554324
41.370116	0.000461936
41.3823376	0.00050813
41.3945592	0.000923873
41.4067808	0.00050813
41.4190024	0.000415743
41.431224	0.000369549
41.4434456	0.000739098
41.4556672	0.000554324
41.4678888	0.000461936
41.4801104	0.00050813
41.492332	0.000692905
41.5045536	0.000323356
41.5167752	0.000554324
41.5289968	0.000739098
41.5412184	0.000831486
41.55344	0.000600517
41.5656616	0.00050813
41.5778832	0.000415743
41.5901048	0.000600517
41.6023264	0.00050813
41.614548	0.000692905
41.6267696	0.000785292
41.6389912	0.00050813
41.6512128	0.000692905
41.6634344	0.00050813
41.675656	0.000739098
41.6878776	0.00050813
41.7000992	0.000739098
41.7123208	0.000461936
41.7245424	0.000323356
41.736764	0.000600517
41.7489856	0.000831486
41.7612072	0.000646711
41.7734288	0.000785292
41.7856504	0.000692905
41.797872	0.000739098
41.8100936	0.000600517
41.8223152	0.000831486
41.8345368	0.000600517
41.8467584	0.000739098
41.85898	0.000461936
41.8712016	0.000415743
41.8834232	0.000877679
41.8956448	0.000739098
41.9078664	0.000600517
41.920088	0.000646711
41.9323096	0.000369549
41.9445312	0.000277162
41.9567528	0.000600517
41.9689744	0.000646711
41.981196	0.000138581
41.9934176	0.000739098
42.0056392	0.000646711
42.0178608	0.000785292
42.0300824	0.00050813
42.042304	0.000600517
42.0545256	0.000923873
42.0667472	0.000554324
42.0789688	0.000600517
42.0911904	0.000600517
42.103412	0.00050813
42.1156336	0.000461936
42.1278552	0.000554324
42.1400768	0.000831486
42.1522984	0.000415743
42.16452	0.000600517
42.1767416	0.000646711
42.1889632	0.00050813
42.2011848	0.000415743
42.2134064	0.000554324
42.225628	0.000739098
42.2378496	0.000600517
42.2500712	0.000692905
42.2622928	0.000323356
42.2745144	0.000600517
42.286736	0.000600517
42.2989576	0.000692905
42.3111792	0.000600517
42.3234008	0.000970067
42.3356224	0.000877679
42.347844	0.000646711
42.3600656	0.000646711
42.3722872	0.000415743
42.3845088	0.000600517
42.3967304	0.000785292
42.408952	0.000600517
42.4211736	0.000415743
42.4333952	0.000461936
42.4456168	0.000600517
42.4578384	0.000461936
42.47006	0.000646711
42.4822816	0.000600517
42.4945032	0.000600517
42.5067248	0.000785292
42.5189464	0.000739098
42.531168	0.000692905
42.5433896	0.000739098
42.5556112	0.000646711
42.5678328	0.000600517
42.5800544	0.000785292
42.592276	0.000646711
42.6044976	0.000646711
42.6167192	0.000692905
42.6289408	0.000600517
42.6411624	0.000461936
42.653384	0.00050813
42.6656056	0.000600517
42.6778272	0.000554324
42.6900488	0.000831486
42.7022704	0.000323356
42.714492	0.000646711
42.7267136	0.000692905
42.7389352	0.00050813
42.7511568	0.000415743
42.7633784	0.000877679
42.7756	0.000323356
42.7878216	0.000554324
42.8000432	0.000600517
42.8122648	0.000554324
42.8244864	0.000415743
42.836708	0.000369549
42.8489296	0.000831486
42.8611512	0.000461936
42.8733728	0.000415743
42.8855944	0.00050813
42.897816	0.000415743
42.9100376	0.000646711
42.9222592	0.000369549
42.9344808	0.000646711
42.9467024	0.000600517
42.958924	0.000554324
42.9711456	0.000461936
42.9833672	0.000831486
42.9955888	0.000831486
43.0078104	0.000415743
43.020032	0.00050813
43.0322536	0.000323356
43.0444752	0.000554324
43.0566968	0.000554324
43.0689184	0.000692905
43.08114	0.000600517
43.0933616	0.000461936
43.1055832	0.000739098
43.1178048	0.000415743
43.1300264	0.000739098
43.142248	0.000184775
43.1544696	0.000600517
43.1666912	0.000415743
43.1789128	0.000600517
43.1911344	0.00050813
43.203356	0.000739098
43.2155776	0.000554324
43.2277992	0.000369549
43.2400208	0.000461936
43.2522424	0.000461936
43.264464	0.000831486
43.2766856	0.000646711
43.2889072	0.000692905
43.3011288	0.000692905
43.3133504	0.000646711
43.325572	0.000415743
43.3377936	0.000415743
43.3500152	0.000739098
43.3622368	0.000184775
43.3744584	0.000831486
43.38668	0.000415743
43.3989016	0.000554324
43.4111232	0.000369549
43.4233448	0.000739098
43.4355664	0.000415743
43.447788	0.000785292
43.4600096	0.000600517
43.4722312	0.001062454
43.4844528	0.000600517
43.4966744	0.000369549
43.508896	0.00050813
43.5211176	0.000461936
43.5333392	0.000600517
43.5455608	0.000692905
43.5577824	0.000277162
43.570004	0.000369549
43.5822256	0.000877679
43.5944472	0.000461936
43.6066688	0.000646711
43.6188904	0.00050813
43.631112	0.000600517
43.6433336	0.000369549
43.6555552	0.000323356
43.6677768	0.000600517
43.6799984	0.000646711
43.69222	0.000646711
43.7044416	0.00050813
43.7166632	0.000785292
43.7288848	0.000785292
43.7411064	0.000554324
43.753328	0.00050813
43.7655496	0.000554324
43.7777712	0.000461936
43.7899928	0.000646711
43.8022144	0.000600517
43.814436	0.000646711
43.8266576	0.00050813
43.8388792	0.000461936
43.8511008	0.000739098
43.8633224	0.000230968
43.875544	0.000831486
43.8877656	0.000554324
43.8999872	0.000646711
43.9122088	0.000739098
43.9244304	0.000646711
43.936652	0.000692905
43.9488736	0.000415743
43.9610952	0.00050813
43.9733168	0.000692905
43.9855384	0.000461936
43.99776	0.000461936
44.0099816	0.000600517
44.0222032	0.000554324
44.0344248	0.000323356
44.0466464	0.000692905
44.058868	0.000461936
44.0710896	0.000600517
44.0833112	0.000739098
44.0955328	0.000600517
44.1077544	0.000415743
44.119976	0.000369549
44.1321976	0.000461936
44.1444192	0.000184775
44.1566408	0.000277162
44.1688624	0.000600517
44.181084	0.00050813
44.1933056	0.000369549
44.2055272	0.000461936
44.2177488	0.00050813
44.2299704	0.00050813
44.242192	0.000369549
44.2544136	0.000831486
44.2666352	0.000646711
44.2788568	0.000415743
44.2910784	0.000692905
44.3033	0.000739098
44.3155216	0.000415743
44.3277432	0.00050813
44.3399648	0.000369549
44.3521864	0.000692905
44.364408	0.000646711
44.3766296	0.000554324
44.3888512	0.000739098
44.4010728	0.000646711
44.4132944	0.000739098
44.425516	0.00050813
44.4377376	0.000461936
44.4499592	0.000369549
44.4621808	0.000600517
44.4744024	0.000415743
44.486624	0.000692905
44.4988456	0.00050813
44.5110672	0.000415743
44.5232888	0.000646711
44.5355104	0.000415743
44.547732	0.000970067
44.5599536	0.000739098
44.5721752	0.00050813
44.5843968	0.000415743
44.5966184	0.000461936
44.60884	0.000554324
44.6210616	0.000323356
44.6332832	0.000461936
44.6455048	0.000785292
44.6577264	0.000646711
44.669948	0.000785292
44.6821696	0.000646711
44.6943912	0.000323356
44.7066128	0.000692905
44.7188344	0.000554324
44.731056	0.000369549
44.7432776	0.000923873
44.7554992	0.000554324
44.7677208	0.000277162
44.7799424	0.000739098
44.792164	0.000692905
44.8043856	0.000369549
44.8166072	0.000554324
44.8288288	0.000369549
44.8410504	0.000323356
44.853272	0.00050813
44.8654936	0.000554324
44.8777152	0.000323356
44.8899368	0.000600517
44.9021584	0.000461936
44.91438	0.000415743
44.9266016	0.000415743
44.9388232	0.000369549
44.9510448	0.000415743
44.9632664	0.000277162
44.975488	0.000646711
44.9877096	0.000415743
44.9999312	0.000461936
45.0121528	0.000415743
45.0243744	0.000461936
45.036596	0.000323356
45.0488176	0.000461936
45.0610392	0.000554324
45.0732608	0.000415743
45.0854824	0.000323356
45.097704	0.000970067
45.1099256	0.000785292
45.1221472	0.000369549
45.1343688	0.000415743
45.1465904	0.000369549
45.158812	0.000554324
45.1710336	0.000461936
45.1832552	0.000277162
45.1954768	0.000785292
45.2076984	0.000461936
45.21992	0.000646711
45.2321416	0.000461936
45.2443632	0.000646711
45.2565848	0.000554324
45.2688064	0.000184775
45.281028	0.000692905
45.2932496	0.000785292
45.3054712	0.000646711
45.3176928	0.000600517
45.3299144	0.000554324
45.342136	0.000323356
45.3543576	0.000877679
45.3665792	0.000739098
45.3788008	0.000692905
45.3910224	0.000415743
45.403244	0.000600517
45.4154656	0.000646711
45.4276872	0.000646711
45.4399088	0.000323356
45.4521304	0.000554324
45.464352	0.000692905
45.4765736	0.00050813
45.4887952	0.000831486
45.5010168	0.00050813
45.5132384	0.00050813
45.52546	0.000785292
45.5376816	0.000461936
45.5499032	0.000415743
45.5621248	0.000554324
45.5743464	0.000739098
45.586568	0.00050813
45.5987896	0.000692905
45.6110112	0.000600517
45.6232328	0.000461936
45.6354544	0.000415743
45.647676	0.000646711
45.6598976	0.000739098
45.6721192	0.000554324
45.6843408	0.000600517
45.6965624	0.000461936
45.708784	0.000646711
45.7210056	0.000739098
45.7332272	0.00050813
45.7454488	0.000554324
45.7576704	0.00050813
45.769892	0.000646711
45.7821136	0.000600517
45.7943352	0.000369549
45.8065568	0.000600517
45.8187784	0.000739098
45.831	0.00050813
45.8432216	0.000415743
45.8554432	0.000600517
45.8676648	0.000646711
45.8798864	0.000785292
45.892108	0.000461936
45.9043296	0.000970067
45.9165512	0.000415743
45.9287728	0.000646711
45.9409944	0.000323356
45.953216	0.00050813
45.9654376	0.000369549
45.9776592	0.000646711
45.9898808	0.000554324
46.0021024	0.000600517
46.014324	0.000277162
46.0265456	0.000600517
46.0387672	0.000600517
46.0509888	0.000323356
46.0632104	0.000554324
46.075432	0.000600517
46.0876536	0.000600517
46.0998752	0.00050813
46.1120968	0.000415743
46.1243184	0.000600517
46.13654	0.00050813
46.1487616	0.000369549
46.1609832	0.000369549
46.1732048	0.000461936
46.1854264	0.000415743
46.197648	0.000415743
46.2098696	0.000184775
46.2220912	0.000692905
46.2343128	0.00050813
46.2465344	0.000369549
46.258756	0.000600517
46.2709776	0.000692905
46.2831992	0.000877679
46.2954208	0.000600517
46.3076424	0.000646711
46.319864	0.000461936
46.3320856	0.000369549
46.3443072	0.000554324
46.3565288	0.000461936
46.3687504	0.000600517
46.380972	0.000692905
46.3931936	0.000554324
46.4054152	0.000739098
46.4176368	0.000323356
46.4298584	0.000831486
46.44208	0.00050813
46.4543016	0.000739098
46.4665232	0.000415743
46.4787448	0.000646711
46.4909664	0.000415743
46.503188	0.000692905
46.5154096	0.000369549
46.5276312	0.000646711
46.5398528	0.000277162
46.5520744	0.000646711
46.564296	0.000600517
46.5765176	0.000461936
46.5887392	0.000785292
46.6009608	0.000646711
46.6131824	0.000785292
46.625404	0.000415743
46.6376256	0.000739098
46.6498472	0.000369549
46.6620688	0.000646711
46.6742904	0.000369549
46.686512	0.00101626
46.6987336	0.000646711
46.7109552	0.000646711
46.7231768	0.000554324
46.7353984	0.000461936
46.74762	0.000554324
46.7598416	0.00050813
46.7720632	0.000461936
46.7842848	0.000600517
46.7965064	0.000600517
46.808728	0.000600517
46.8209496	0.000785292
46.8331712	0.000692905
46.8453928	0.000692905
46.8576144	0.000415743
46.869836	0.000323356
46.8820576	0.001062454
46.8942792	0.000461936
46.9065008	0.000646711
46.9187224	0.000323356
46.930944	0.000461936
46.9431656	0.000739098
46.9553872	0.000831486
46.9676088	0.000785292
46.9798304	0.000785292
46.992052	0.000692905
47.0042736	0.000600517
47.0164952	0.000600517
47.0287168	0.000831486
47.0409384	0.000785292
47.05316	0.000600517
47.0653816	0.000646711
47.0776032	0.00050813
47.0898248	0.000554324
47.1020464	0.000831486
47.114268	0.000461936
47.1264896	0.000692905
47.1387112	0.000831486
47.1509328	0.00050813
47.1631544	0.001062454
47.175376	0.00050813
47.1875976	0.000554324
47.1998192	0.000600517
47.2120408	0.000646711
47.2242624	0.000646711
47.236484	0.000970067
47.2487056	0.000461936
47.2609272	0.000877679
47.2731488	0.001062454
47.2853704	0.000461936
47.297592	0.000692905
47.3098136	0.000646711
47.3220352	0.000739098
47.3342568	0.000461936
47.3464784	0.000692905
47.3587	0.001293422
47.3709216	0.000785292
47.3831432	0.000646711
47.3953648	0.000692905
47.4075864	0.001108647
47.419808	0.000739098
47.4320296	0.000646711
47.4442512	0.000831486
47.4564728	0.000646711
47.4686944	0.000877679
47.480916	0.001108647
47.4931376	0.000600517
47.5053592	0.000831486
47.5175808	0.000692905
47.5298024	0.000831486
47.542024	0.000970067
47.5542456	0.001154841
47.5664672	0.000831486
47.5786888	0.000970067
47.5909104	0.000600517
47.603132	0.001247228
47.6153536	0.000692905
47.6275752	0.000739098
47.6397968	0.000785292
47.6520184	0.000831486
47.66424	0.001154841
47.6764616	0.000831486
47.6886832	0.001247228
47.7009048	0.001293422
47.7131264	0.000877679
47.725348	0.000739098
47.7375696	0.001154841
47.7497912	0.001293422
47.7620128	0.001293422
47.7742344	0.001432003
47.786456	0.001293422
47.7986776	0.001432003
47.8108992	0.001755358
47.8231208	0.001847746
47.8353424	0.002217295
47.847564	0.00203252
47.8597856	0.002633038
47.8720072	0.003002587
47.8842288	0.002586844
47.8964504	0.00304878
47.908672	0.001293422
47.9208936	0.000692905
47.9331152	0.000184775
47.9453368	0
47.9575584	0
47.96978	0
47.9820016	0
47.9942232	0
48.0064448	4.62E-05
48.0186664	4.62E-05
48.030888	0
48.0431096	0
48.0553312	4.62E-05
48.0675528	4.62E-05
48.0797744	0
48.091996	0
48.1042176	0
48.1164392	0
48.1286608	0
48.1408824	0
48.153104	0
48.1653256	0
48.1775472	0
48.1897688	0
48.2019904	0
48.214212	0
48.2264336	0
48.2386552	0
48.2508768	0
48.2630984	0
48.27532	0
48.2875416	0
48.2997632	0
48.3119848	0
48.3242064	0
48.336428	0
48.3486496	0
48.3608712	0
48.3730928	0
48.3853144	4.62E-05
48.397536	4.62E-05
48.4097576	0
48.4219792	0
48.4342008	0
48.4464224	0
48.458644	0
48.4708656	0
48.4830872	0
48.4953088	0
48.5075304	0
48.519752	0
48.5319736	0
48.5441952	0
48.5564168	4.62E-05
48.5686384	4.62E-05
48.58086	0
48.5930816	0
48.6053032	0
48.6175248	0
48.6297464	0
48.641968	4.62E-05
48.6541896	9.24E-05
48.6664112	4.62E-05
48.6786328	0
48.6908544	0
48.703076	0
48.7152976	0
48.7275192	0
48.7397408	0
48.7519624	0
48.764184	0
48.7764056	0
48.7886272	0
48.8008488	0
48.8130704	4.62E-05
48.825292	4.62E-05
48.8375136	0
48.8497352	0
48.8619568	0
48.8741784	0
48.8864	0
48.8986216	0
48.9108432	0
48.9230648	0
48.9352864	0
48.947508	0
48.9597296	0
48.9719512	4.62E-05
48.9841728	9.24E-05
48.9963944	4.62E-05
49.008616	0
49.0208376	0
49.0330592	0
49.0452808	0
49.0575024	0
49.069724	0
49.0819456	0
49.0941672	0
49.1063888	0
49.1186104	0
49.130832	0
49.1430536	0
49.1552752	0
49.1674968	4.62E-05
49.1797184	4.62E-05
49.19194	0
49.2041616	0
49.2163832	0
49.2286048	0
49.2408264	0
49.253048	4.62E-05
49.2652696	4.62E-05
49.2774912	0
49.2897128	4.62E-05
49.3019344	4.62E-05
49.314156	0
49.3263776	0
49.3385992	0
49.3508208	0
49.3630424	0
49.375264	0
49.3874856	4.62E-05
49.3997072	4.62E-05
49.4119288	0
49.4241504	0
49.436372	0
49.4485936	0
49.4608152	0
49.4730368	0
49.4852584	0
49.49748	0
49.5097016	0
49.5219232	0
49.5341448	0
49.5463664	0
49.558588	0
49.5708096	0
49.5830312	0
49.5952528	0
49.6074744	0
49.619696	0
49.6319176	0
49.6441392	0
49.6563608	4.62E-05
49.6685824	4.62E-05
49.680804	0
49.6930256	0
49.7052472	0
49.7174688	0
49.7296904	9.24E-05
49.741912	9.24E-05
49.7541336	0
49.7663552	0
49.7785768	0
49.7907984	0
49.80302	0
49.8152416	0
49.8274632	0
49.8396848	0
49.8519064	0
49.864128	0
49.8763496	4.62E-05
49.8885712	4.62E-05
49.9007928	0
49.9130144	0
49.925236	0
49.9374576	0
49.9496792	0
49.9619008	0
49.9741224	0
49.986344	0
49.9985656	0
50.0107872	0
50.0230088	4.62E-05
50.0352304	9.24E-05
50.047452	4.62E-05